  0.00   0.76003996
  0.01   0.75004988
  0.02   0.74005980
  0.03   0.73006971
  0.04   0.72007959
  0.05   0.71008946
  0.06   0.70009931
  0.07   0.69010912
  0.08   0.68011891
  0.09   0.67012866
  0.10   0.66013836
  0.11   0.65014801
  0.12   0.64015759
  0.13   0.63016710
  0.14   0.62017651
  0.15   0.61018582
  0.16   0.60019500
  0.17   0.59020403
  0.18   0.58021288
  0.19   0.57022151
  0.20   0.56022989
  0.21   0.55023796
  0.22   0.54024568
  0.23   0.53025297
  0.24   0.52025975
  0.25   0.51026593
  0.26   0.50027139
  0.27   0.49027601
  0.28   0.48027961
  0.29   0.47028202
  0.30   0.46028300
  0.31   0.45028229
  0.32   0.44027957
  0.33   0.43027446
  0.34   0.42026652
  0.35   0.41025521
  0.36   0.40023990
  0.37   0.39021983
  0.38   0.38019413
  0.39   0.37016172
  0.40   0.36012135
  0.41   0.35007152
  0.42   0.34001046
  0.43   0.32993605
  0.44   0.31984580
  0.45   0.30973672
  0.46   0.29960528
  0.47   0.28944729
  0.48   0.27925775
  0.49   0.26903074
  0.50   0.25875922
  0.51   0.24843485
  0.52   0.23804768
  0.53   0.22758594
  0.54   0.21703562
  0.55   0.20638010
  0.56   0.19559961
  0.57   0.18467071
  0.58   0.17356552
  0.59   0.16225097
  0.60   0.15068776
  0.61   0.13882921
  0.62   0.12661993
  0.63   0.11399410
  0.64   0.10087358
  0.65   0.08716562
  0.66   0.07276007
  0.67   0.05752617
  0.68   0.04130874
  0.69   0.02392356
  0.70   0.00515207
  0.71  -0.01526509
  0.72  -0.03763554
  0.73  -0.06232411
  0.74  -0.08976332
  0.75  -0.12046578
  0.76  -0.15503875
  0.77  -0.19420126
  0.78  -0.23880420
  0.79  -0.28985379
  0.80  -0.34853893
  0.81  -0.41626307
  0.82  -0.49468091
  0.83  -0.58574082
  0.84  -0.69173318
  0.85  -0.81534531
  0.86  -0.95972316
  0.87  -1.12853984
  0.88  -1.32607057
  0.89  -1.55727312
  0.90  -1.82787210
  0.91  -2.14444436
  0.92  -2.51450144
  0.93  -2.94656385
  0.94  -3.45021996
  0.95  -4.03616075
  0.96  -4.71618063
  0.97  -5.50313321
  0.98  -6.41083166
  0.99  -7.45388486
  1.00  -8.64746428
