0	-0.760285275
0.001	-0.760266683
0.002	-0.760248091
0.003	-0.760229499
0.004	-0.760210906
0.005	-0.760192312
0.006	-0.760173718
0.007	-0.760155124
0.008	-0.760136529
0.009	-0.760117933
0.01	-0.760099337
0.011	-0.760080741
0.012	-0.760062144
0.013	-0.760043546
0.014	-0.760024948
0.015	-0.760006349
0.016	-0.759987749
0.017	-0.759969149
0.018	-0.759950548
0.019	-0.759931947
0.02	-0.759913344
0.021	-0.759894741
0.022	-0.759876138
0.023	-0.759857533
0.024	-0.759838928
0.025	-0.759820322
0.026	-0.759801716
0.027	-0.759783108
0.028	-0.7597645
0.029	-0.75974589
0.03	-0.75972728
0.031	-0.759708669
0.032	-0.759690057
0.033	-0.759671444
0.034	-0.75965283
0.035	-0.759634215
0.036	-0.759615599
0.037	-0.759596982
0.038	-0.759578364
0.039	-0.759559744
0.04	-0.759541124
0.041	-0.759522502
0.042	-0.759503879
0.043	-0.759485255
0.044	-0.75946663
0.045	-0.759448003
0.046	-0.759429375
0.047	-0.759410746
0.048	-0.759392115
0.049	-0.759373483
0.05	-0.759354849
0.051	-0.759336214
0.052	-0.759317577
0.053	-0.759298939
0.054	-0.759280298
0.055	-0.759261657
0.056	-0.759243013
0.057	-0.759224368
0.058	-0.759205721
0.059	-0.759187072
0.06	-0.759168421
0.061	-0.759149768
0.062	-0.759131113
0.063	-0.759112456
0.064	-0.759093797
0.065	-0.759075136
0.066	-0.759056473
0.067	-0.759037807
0.068	-0.759019139
0.069	-0.759000468
0.07	-0.758981795
0.071	-0.75896312
0.072	-0.758944441
0.073	-0.758925761
0.074	-0.758907077
0.075	-0.758888391
0.076	-0.758869701
0.077	-0.758851009
0.078	-0.758832314
0.079	-0.758813616
0.08	-0.758794914
0.081	-0.758776209
0.082	-0.758757501
0.083	-0.758738789
0.084	-0.758720074
0.085	-0.758701355
0.086	-0.758682633
0.087	-0.758663907
0.088	-0.758645176
0.089	-0.758626442
0.09	-0.758607704
0.091	-0.758588961
0.092	-0.758570214
0.093	-0.758551463
0.094	-0.758532707
0.095	-0.758513946
0.096	-0.75849518
0.097	-0.75847641
0.098	-0.758457635
0.099	-0.758438854
0.1	-0.758420068
0.101	-0.758401276
0.102	-0.758382479
0.103	-0.758363677
0.104	-0.758344868
0.105	-0.758326053
0.106	-0.758307232
0.107	-0.758288405
0.108	-0.758269571
0.109	-0.758250731
0.11	-0.758231883
0.111	-0.758213029
0.112	-0.758194167
0.113	-0.758175298
0.114	-0.758156422
0.115	-0.758137537
0.116	-0.758118645
0.117	-0.758099744
0.118	-0.758080835
0.119	-0.758061917
0.12	-0.75804299
0.121	-0.758024055
0.122	-0.75800511
0.123	-0.757986155
0.124	-0.757967191
0.125	-0.757948216
0.126	-0.757929231
0.127	-0.757910236
0.128	-0.75789123
0.129	-0.757872212
0.13	-0.757853183
0.131	-0.757834142
0.132	-0.75781509
0.133	-0.757796025
0.134	-0.757776947
0.135	-0.757757856
0.136	-0.757738752
0.137	-0.757719635
0.138	-0.757700503
0.139	-0.757681357
0.14	-0.757662196
0.141	-0.75764302
0.142	-0.757623828
0.143	-0.75760462
0.144	-0.757585396
0.145	-0.757566156
0.146	-0.757546898
0.147	-0.757527622
0.148	-0.757508329
0.149	-0.757489016
0.15	-0.757469685
0.151	-0.757450334
0.152	-0.757430963
0.153	-0.757411572
0.154	-0.757392159
0.155	-0.757372725
0.156	-0.757353268
0.157	-0.757333789
0.158	-0.757314286
0.159	-0.757294759
0.16	-0.757275208
0.161	-0.757255632
0.162	-0.757236029
0.163	-0.7572164
0.164	-0.757196744
0.165	-0.75717706
0.166	-0.757157347
0.167	-0.757137605
0.168	-0.757117832
0.169	-0.757098029
0.17	-0.757078194
0.171	-0.757058326
0.172	-0.757038425
0.173	-0.75701849
0.174	-0.756998519
0.175	-0.756978512
0.176	-0.756958469
0.177	-0.756938387
0.178	-0.756918266
0.179	-0.756898106
0.18	-0.756877904
0.181	-0.756857661
0.182	-0.756837374
0.183	-0.756817043
0.184	-0.756796667
0.185	-0.756776244
0.186	-0.756755773
0.187	-0.756735253
0.188	-0.756714683
0.189	-0.756694062
0.19	-0.756673387
0.191	-0.756652659
0.192	-0.756631874
0.193	-0.756611033
0.194	-0.756590133
0.195	-0.756569173
0.196	-0.756548151
0.197	-0.756527066
0.198	-0.756505916
0.199	-0.756484699
0.2	-0.756463415
0.201	-0.75644206
0.202	-0.756420633
0.203	-0.756399133
0.204	-0.756377557
0.205	-0.756355904
0.206	-0.75633417
0.207	-0.756312356
0.208	-0.756290457
0.209	-0.756268473
0.21	-0.756246401
0.211	-0.756224238
0.212	-0.756201982
0.213	-0.756179632
0.214	-0.756157183
0.215	-0.756134635
0.216	-0.756111984
0.217	-0.756089228
0.218	-0.756066363
0.219	-0.756043388
0.22	-0.756020299
0.221	-0.755997093
0.222	-0.755973768
0.223	-0.75595032
0.224	-0.755926746
0.225	-0.755903043
0.226	-0.755879207
0.227	-0.755855235
0.228	-0.755831124
0.229	-0.75580687
0.23	-0.755782469
0.231	-0.755757918
0.232	-0.755733212
0.233	-0.755708348
0.234	-0.755683321
0.235	-0.755658127
0.236	-0.755632763
0.237	-0.755607223
0.238	-0.755581503
0.239	-0.755555599
0.24	-0.755529505
0.241	-0.755503217
0.242	-0.75547673
0.243	-0.755450038
0.244	-0.755423136
0.245	-0.75539602
0.246	-0.755368682
0.247	-0.755341119
0.248	-0.755313323
0.249	-0.755285289
0.25	-0.755257011
0.251	-0.755228482
0.252	-0.755199696
0.253	-0.755170646
0.254	-0.755141325
0.255	-0.755111727
0.256	-0.755081845
0.257	-0.75505167
0.258	-0.755021195
0.259	-0.754990414
0.26	-0.754959317
0.261	-0.754927896
0.262	-0.754896144
0.263	-0.754864052
0.264	-0.75483161
0.265	-0.754798811
0.266	-0.754765644
0.267	-0.7547321
0.268	-0.75469817
0.269	-0.754663844
0.27	-0.75462911
0.271	-0.75459396
0.272	-0.754558381
0.273	-0.754522364
0.274	-0.754485896
0.275	-0.754448966
0.276	-0.754411563
0.277	-0.754373673
0.278	-0.754335285
0.279	-0.754296386
0.28	-0.754256962
0.281	-0.754216999
0.282	-0.754176485
0.283	-0.754135405
0.284	-0.754093743
0.285	-0.754051487
0.286	-0.754008618
0.287	-0.753965124
0.288	-0.753920986
0.289	-0.753876188
0.29	-0.753830714
0.291	-0.753784547
0.292	-0.753737667
0.293	-0.753690057
0.294	-0.753641698
0.295	-0.753592571
0.296	-0.753542656
0.297	-0.753491933
0.298	-0.753440381
0.299	-0.753387979
0.3	-0.753334704
0.301	-0.753280534
0.302	-0.753225447
0.303	-0.753169419
0.304	-0.753112425
0.305	-0.753054441
0.306	-0.752995441
0.307	-0.7529354
0.308	-0.752874289
0.309	-0.752812083
0.31	-0.752748753
0.311	-0.752684269
0.312	-0.752618603
0.313	-0.752551723
0.314	-0.7524836
0.315	-0.752414201
0.316	-0.752343492
0.317	-0.752271442
0.318	-0.752198014
0.319	-0.752123174
0.32	-0.752046886
0.321	-0.751969113
0.322	-0.751889816
0.323	-0.751808956
0.324	-0.751726494
0.325	-0.751642389
0.326	-0.751556597
0.327	-0.751469077
0.328	-0.751379784
0.329	-0.751288672
0.33	-0.751195696
0.331	-0.751100806
0.332	-0.751003956
0.333	-0.750905093
0.334	-0.750804168
0.335	-0.750701127
0.336	-0.750595917
0.337	-0.750488481
0.338	-0.750378764
0.339	-0.750266706
0.34	-0.750152249
0.341	-0.750035331
0.342	-0.749915889
0.343	-0.74979386
0.344	-0.749669177
0.345	-0.749541773
0.346	-0.749411579
0.347	-0.749278523
0.348	-0.749142533
0.349	-0.749003535
0.35	-0.748861451
0.351	-0.748716205
0.352	-0.748567714
0.353	-0.748415898
0.354	-0.748260672
0.355	-0.74810195
0.356	-0.747939642
0.357	-0.747773659
0.358	-0.747603907
0.359	-0.747430292
0.36	-0.747252714
0.361	-0.747071076
0.362	-0.746885273
0.363	-0.746695201
0.364	-0.746500753
0.365	-0.746301818
0.366	-0.746098284
0.367	-0.745890034
0.368	-0.74567695
0.369	-0.745458911
0.37	-0.745235792
0.371	-0.745007467
0.372	-0.744773804
0.373	-0.74453467
0.374	-0.744289928
0.375	-0.744039438
0.376	-0.743783057
0.377	-0.743520637
0.378	-0.743252028
0.379	-0.742977076
0.38	-0.742695622
0.381	-0.742407507
0.382	-0.742112563
0.383	-0.741810622
0.384	-0.74150151
0.385	-0.74118505
0.386	-0.74086106
0.387	-0.740529354
0.388	-0.740189742
0.389	-0.739842029
0.39	-0.739486015
0.391	-0.739121498
0.392	-0.738748267
0.393	-0.73836611
0.394	-0.737974808
0.395	-0.737574137
0.396	-0.737163869
0.397	-0.73674377
0.398	-0.736313601
0.399	-0.735873116
0.4	-0.735422066
0.401	-0.734960194
0.402	-0.73448724
0.403	-0.734002936
0.404	-0.733507007
0.405	-0.732999175
0.406	-0.732479153
0.407	-0.73194665
0.408	-0.731401367
0.409	-0.730842998
0.41	-0.730271233
0.411	-0.729685753
0.412	-0.729086231
0.413	-0.728472337
0.414	-0.727843731
0.415	-0.727200065
0.416	-0.726540986
0.417	-0.725866132
0.418	-0.725175134
0.419	-0.724467616
0.42	-0.723743193
0.421	-0.723001473
0.422	-0.722242055
0.423	-0.721464531
0.424	-0.720668484
0.425	-0.719853488
0.426	-0.719019111
0.427	-0.71816491
0.428	-0.717290434
0.429	-0.716395224
0.43	-0.715478812
0.431	-0.714540719
0.432	-0.71358046
0.433	-0.71259754
0.434	-0.711591452
0.435	-0.710561684
0.436	-0.709507711
0.437	-0.708429002
0.438	-0.707325012
0.439	-0.706195191
0.44	-0.705038976
0.441	-0.703855797
0.442	-0.70264507
0.443	-0.701406207
0.444	-0.700138605
0.445	-0.698841653
0.446	-0.697514732
0.447	-0.696157209
0.448	-0.694768444
0.449	-0.693347787
0.45	-0.691894576
0.451	-0.690408141
0.452	-0.688887801
0.453	-0.687332866
0.454	-0.685742634
0.455	-0.684116396
0.456	-0.682453431
0.457	-0.680753009
0.458	-0.679014391
0.459	-0.677236827
0.46	-0.675419559
0.461	-0.673561818
0.462	-0.671662828
0.463	-0.669721801
0.464	-0.667737942
0.465	-0.665710447
0.466	-0.663638502
0.467	-0.661521287
0.468	-0.659357971
0.469	-0.657147716
0.47	-0.654889677
0.471	-0.652582999
0.472	-0.650226824
0.473	-0.647820281
0.474	-0.645362497
0.475	-0.642852589
0.476	-0.640289671
0.477	-0.637672849
0.478	-0.635001223
0.479	-0.632273889
0.48	-0.629489937
0.481	-0.626648453
0.482	-0.62374852
0.483	-0.620789214
0.484	-0.617769612
0.485	-0.614688784
0.486	-0.611545801
0.487	-0.608339728
0.488	-0.605069633
0.489	-0.601734579
0.49	-0.598333632
0.491	-0.594865853
0.492	-0.591330309
0.493	-0.587726064
0.494	-0.584052184
0.495	-0.580307739
0.496	-0.5764918
0.497	-0.572603441
0.498	-0.56864174
0.499	-0.564605778
0.5	-0.560494643
0.501	-0.556307428
0.502	-0.552043229
0.503	-0.547701151
0.504	-0.543280307
0.505	-0.538779815
0.506	-0.534198802
0.507	-0.529536405
0.508	-0.52479177
0.509	-0.519964052
0.51	-0.515052417
0.511	-0.510056042
0.512	-0.504974116
0.513	-0.49980584
0.514	-0.494550426
0.515	-0.489207103
0.516	-0.483775111
0.517	-0.478253704
0.518	-0.472642152
0.519	-0.46693974
0.52	-0.461145768
0.521	-0.455259554
0.522	-0.449280431
0.523	-0.44320775
0.524	-0.437040877
0.525	-0.4307792
0.526	-0.424422122
0.527	-0.417969066
0.528	-0.411419474
0.529	-0.404772806
0.53	-0.398028543
0.531	-0.391186185
0.532	-0.384245252
0.533	-0.377205286
0.534	-0.370065847
0.535	-0.362826518
0.536	-0.355486901
0.537	-0.34804662
0.538	-0.34050532
0.539	-0.332862667
0.54	-0.32511835
0.541	-0.317272078
0.542	-0.30932358
0.543	-0.301272609
0.544	-0.293118939
0.545	-0.284862364
0.546	-0.276502702
0.547	-0.268039788
0.548	-0.259473484
0.549	-0.250803667
0.55	-0.242030241
0.551	-0.233153126
0.552	-0.224172265
0.553	-0.215087621
0.554	-0.205899178
0.555	-0.19660694
0.556	-0.187210929
0.557	-0.177711189
0.558	-0.168107781
0.559	-0.158400789
0.56	-0.148590312
0.561	-0.138676468
0.562	-0.128659395
0.563	-0.118539248
0.564	-0.108316199
0.565	-0.097990439
0.566	-0.087562172
0.567	-0.077031623
0.568	-0.066399031
0.569	-0.055664651
0.57	-0.044828752
0.571	-0.033891621
0.572	-0.022853558
0.573	-0.011714876
0.574	-0.000475904
0.575	0.010863016
0.576	0.022301531
0.577	0.033839272
0.578	0.045475861
0.579	0.057210905
0.58	0.069044002
0.581	0.080974737
0.582	0.093002687
0.583	0.105127417
0.584	0.117348481
0.585	0.129665425
0.586	0.142077787
0.587	0.154585093
0.588	0.167186864
0.589	0.17988261
0.59	0.192671837
0.591	0.20555404
0.592	0.21852871
0.593	0.23159533
0.594	0.244753377
0.595	0.258002322
0.596	0.271341632
0.597	0.284770767
0.598	0.298289183
0.599	0.311896331
0.6	0.325591659
0.601	0.33937461
0.602	0.353244623
0.603	0.367201136
0.604	0.381243581
0.605	0.395371389
0.606	0.409583989
0.607	0.423880806
0.608	0.438261265
0.609	0.452724788
0.61	0.467270796
0.611	0.481898709
0.612	0.496607945
0.613	0.511397923
0.614	0.52626806
0.615	0.541217774
0.616	0.556246481
0.617	0.571353598
0.618	0.586538544
0.619	0.601800735
0.62	0.617139591
0.621	0.632554531
0.622	0.648044975
0.623	0.663610344
0.624	0.679250061
0.625	0.69496355
0.626	0.710750237
0.627	0.72660955
0.628	0.742540916
0.629	0.758543768
0.63	0.774617538
0.631	0.790761662
0.632	0.806975577
0.633	0.823258724
0.634	0.839610545
0.635	0.856030485
0.636	0.872517992
0.637	0.889072517
0.638	0.905693512
0.639	0.922380435
0.64	0.939132744
0.641	0.955949901
0.642	0.972831373
0.643	0.989776627
0.644	1.006785136
0.645	1.023856375
0.646	1.040989823
0.647	1.05818496
0.648	1.075441273
0.649	1.09275825
0.65	1.110135384
0.651	1.12757217
0.652	1.145068108
0.653	1.162622701
0.654	1.180235454
0.655	1.19790588
0.656	1.215633491
0.657	1.233417805
0.658	1.251258344
0.659	1.269154632
0.66	1.287106199
0.661	1.305112576
0.662	1.3231733
0.663	1.341287911
0.664	1.359455953
0.665	1.377676974
0.666	1.395950523
0.667	1.414276158
0.668	1.432653436
0.669	1.451081919
0.67	1.469561175
0.671	1.488090773
0.672	1.506670288
0.673	1.525299295
0.674	1.543977378
0.675	1.56270412
0.676	1.58147911
0.677	1.600301941
0.678	1.619172209
0.679	1.638089513
0.68	1.657053455
0.681	1.676063645
0.682	1.69511969
0.683	1.714221207
0.684	1.733367812
0.685	1.752559126
0.686	1.771794775
0.687	1.791074385
0.688	1.81039759
0.689	1.829764024
0.69	1.849173326
0.691	1.868625137
0.692	1.888119103
0.693	1.907654873
0.694	1.927232099
0.695	1.946850436
0.696	1.966509543
0.697	1.986209082
0.698	2.005948719
0.699	2.025728121
0.7	2.04554696
