    0.000000    -0.020000
    0.001101    -0.019995
    0.002202    -0.019989
    0.003303    -0.019984
    0.004404    -0.019979
    0.005506    -0.019974
    0.006607    -0.019968
    0.007708    -0.019963
    0.008809    -0.019958
    0.009910    -0.019953
    0.011011    -0.019947
    0.012112    -0.019942
    0.013213    -0.019937
    0.014314    -0.019932
    0.015415    -0.019926
    0.016517    -0.019921
    0.017618    -0.019916
    0.018719    -0.019911
    0.019820    -0.019905
    0.020921    -0.019900
    0.022022    -0.019895
    0.023123    -0.019890
    0.024224    -0.019884
    0.025325    -0.019879
    0.026426    -0.019874
    0.027528    -0.019869
    0.028629    -0.019863
    0.029730    -0.019858
    0.030831    -0.019853
    0.031932    -0.019848
    0.033033    -0.019842
    0.034134    -0.019837
    0.035235    -0.019832
    0.036336    -0.019827
    0.037437    -0.019821
    0.038539    -0.019816
    0.039640    -0.019811
    0.040741    -0.019806
    0.041842    -0.019800
    0.042943    -0.019795
    0.044044    -0.019790
    0.045145    -0.019785
    0.046246    -0.019779
    0.047347    -0.019774
    0.048448    -0.019769
    0.049550    -0.019764
    0.050651    -0.019758
    0.051752    -0.019753
    0.052853    -0.019748
    0.053954    -0.019743
    0.055055    -0.019737
    0.056156    -0.019732
    0.057257    -0.019727
    0.058358    -0.019722
    0.059459    -0.019716
    0.060561    -0.019711
    0.061662    -0.019706
    0.062763    -0.019701
    0.063864    -0.019695
    0.064965    -0.019690
    0.066066    -0.019685
    0.067167    -0.019680
    0.068268    -0.019674
    0.069369    -0.019669
    0.070470    -0.019664
    0.071572    -0.019658
    0.072673    -0.019653
    0.073774    -0.019648
    0.074875    -0.019643
    0.075976    -0.019637
    0.077077    -0.019632
    0.078178    -0.019627
    0.079279    -0.019622
    0.080380    -0.019616
    0.081481    -0.019611
    0.082583    -0.019606
    0.083684    -0.019601
    0.084785    -0.019595
    0.085886    -0.019590
    0.086987    -0.019585
    0.088088    -0.019580
    0.089189    -0.019574
    0.090290    -0.019569
    0.091391    -0.019564
    0.092492    -0.019558
    0.093594    -0.019553
    0.094695    -0.019548
    0.095796    -0.019543
    0.096897    -0.019537
    0.097998    -0.019532
    0.099099    -0.019527
    0.100200    -0.019522
    0.101301    -0.019516
    0.102402    -0.019511
    0.103504    -0.019506
    0.104605    -0.019501
    0.105706    -0.019495
    0.106807    -0.019490
    0.107908    -0.019485
    0.109009    -0.019479
    0.110110    -0.019474
    0.111211    -0.019469
    0.112312    -0.019464
    0.113413    -0.019458
    0.114515    -0.019453
    0.115616    -0.019448
    0.116717    -0.019443
    0.117818    -0.019437
    0.118919    -0.019432
    0.120020    -0.019427
    0.121121    -0.019422
    0.122222    -0.019416
    0.123323    -0.019411
    0.124424    -0.019406
    0.125526    -0.019400
    0.126627    -0.019395
    0.127728    -0.019390
    0.128829    -0.019385
    0.129930    -0.019379
    0.131031    -0.019374
    0.132132    -0.019369
    0.133233    -0.019363
    0.134334    -0.019358
    0.135435    -0.019353
    0.136537    -0.019348
    0.137638    -0.019342
    0.138739    -0.019337
    0.139840    -0.019332
    0.140941    -0.019327
    0.142042    -0.019321
    0.143143    -0.019316
    0.144244    -0.019311
    0.145345    -0.019305
    0.146446    -0.019300
    0.147548    -0.019295
    0.148649    -0.019290
    0.149750    -0.019284
    0.150851    -0.019279
    0.151952    -0.019274
    0.153053    -0.019268
    0.154154    -0.019263
    0.155255    -0.019258
    0.156356    -0.019253
    0.157457    -0.019247
    0.158559    -0.019242
    0.159660    -0.019237
    0.160761    -0.019231
    0.161862    -0.019226
    0.162963    -0.019221
    0.164064    -0.019215
    0.165165    -0.019210
    0.166266    -0.019205
    0.167367    -0.019200
    0.168468    -0.019194
    0.169570    -0.019189
    0.170671    -0.019184
    0.171772    -0.019178
    0.172873    -0.019173
    0.173974    -0.019168
    0.175075    -0.019162
    0.176176    -0.019157
    0.177277    -0.019152
    0.178378    -0.019147
    0.179479    -0.019141
    0.180581    -0.019136
    0.181682    -0.019131
    0.182783    -0.019125
    0.183884    -0.019120
    0.184985    -0.019115
    0.186086    -0.019109
    0.187187    -0.019104
    0.188288    -0.019099
    0.189389    -0.019093
    0.190490    -0.019088
    0.191592    -0.019083
    0.192693    -0.019078
    0.193794    -0.019072
    0.194895    -0.019067
    0.195996    -0.019062
    0.197097    -0.019056
    0.198198    -0.019051
    0.199299    -0.019046
    0.200400    -0.019040
    0.201502    -0.019035
    0.202603    -0.019030
    0.203704    -0.019024
    0.204805    -0.019019
    0.205906    -0.019014
    0.207007    -0.019008
    0.208108    -0.019003
    0.209209    -0.018998
    0.210310    -0.018992
    0.211411    -0.018987
    0.212513    -0.018982
    0.213614    -0.018976
    0.214715    -0.018971
    0.215816    -0.018966
    0.216917    -0.018960
    0.218018    -0.018955
    0.219119    -0.018950
    0.220220    -0.018944
    0.221321    -0.018939
    0.222422    -0.018934
    0.223524    -0.018928
    0.224625    -0.018923
    0.225726    -0.018918
    0.226827    -0.018912
    0.227928    -0.018907
    0.229029    -0.018901
    0.230130    -0.018896
    0.231231    -0.018891
    0.232332    -0.018885
    0.233433    -0.018880
    0.234535    -0.018875
    0.235636    -0.018869
    0.236737    -0.018864
    0.237838    -0.018859
    0.238939    -0.018853
    0.240040    -0.018848
    0.241141    -0.018842
    0.242242    -0.018837
    0.243343    -0.018832
    0.244444    -0.018826
    0.245546    -0.018821
    0.246647    -0.018816
    0.247748    -0.018810
    0.248849    -0.018805
    0.249950    -0.018799
    0.251051    -0.018794
    0.252152    -0.018789
    0.253253    -0.018783
    0.254354    -0.018778
    0.255455    -0.018772
    0.256557    -0.018767
    0.257658    -0.018762
    0.258759    -0.018756
    0.259860    -0.018751
    0.260961    -0.018745
    0.262062    -0.018740
    0.263163    -0.018735
    0.264264    -0.018729
    0.265365    -0.018724
    0.266466    -0.018718
    0.267568    -0.018713
    0.268669    -0.018707
    0.269770    -0.018702
    0.270871    -0.018697
    0.271972    -0.018691
    0.273073    -0.018686
    0.274174    -0.018680
    0.275275    -0.018675
    0.276376    -0.018669
    0.277477    -0.018664
    0.278579    -0.018659
    0.279680    -0.018653
    0.280781    -0.018648
    0.281882    -0.018642
    0.282983    -0.018637
    0.284084    -0.018631
    0.285185    -0.018626
    0.286286    -0.018620
    0.287387    -0.018615
    0.288488    -0.018609
    0.289590    -0.018604
    0.290691    -0.018598
    0.291792    -0.018593
    0.292893    -0.018587
    0.293994    -0.018582
    0.295095    -0.018576
    0.296196    -0.018571
    0.297297    -0.018565
    0.298398    -0.018560
    0.299499    -0.018554
    0.300601    -0.018549
    0.301702    -0.018543
    0.302803    -0.018538
    0.303904    -0.018532
    0.305005    -0.018527
    0.306106    -0.018521
    0.307207    -0.018516
    0.308308    -0.018510
    0.309409    -0.018505
    0.310511    -0.018499
    0.311612    -0.018494
    0.312713    -0.018488
    0.313814    -0.018482
    0.314915    -0.018477
    0.316016    -0.018471
    0.317117    -0.018466
    0.318218    -0.018460
    0.319319    -0.018455
    0.320420    -0.018449
    0.321522    -0.018443
    0.322623    -0.018438
    0.323724    -0.018432
    0.324825    -0.018427
    0.325926    -0.018421
    0.327027    -0.018415
    0.328128    -0.018410
    0.329229    -0.018404
    0.330330    -0.018398
    0.331431    -0.018393
    0.332533    -0.018387
    0.333634    -0.018381
    0.334735    -0.018376
    0.335836    -0.018370
    0.336937    -0.018365
    0.338038    -0.018359
    0.339139    -0.018353
    0.340240    -0.018347
    0.341341    -0.018342
    0.342442    -0.018336
    0.343544    -0.018330
    0.344645    -0.018325
    0.345746    -0.018319
    0.346847    -0.018313
    0.347948    -0.018308
    0.349049    -0.018302
    0.350150    -0.018296
    0.351251    -0.018290
    0.352352    -0.018285
    0.353453    -0.018279
    0.354555    -0.018273
    0.355656    -0.018267
    0.356757    -0.018261
    0.357858    -0.018256
    0.358959    -0.018250
    0.360060    -0.018244
    0.361161    -0.018238
    0.362262    -0.018232
    0.363363    -0.018227
    0.364464    -0.018221
    0.365566    -0.018215
    0.366667    -0.018209
    0.367768    -0.018203
    0.368869    -0.018197
    0.369970    -0.018192
    0.371071    -0.018186
    0.372172    -0.018180
    0.373273    -0.018174
    0.374374    -0.018168
    0.375475    -0.018162
    0.376577    -0.018156
    0.377678    -0.018150
    0.378779    -0.018144
    0.379880    -0.018138
    0.380981    -0.018132
    0.382082    -0.018126
    0.383183    -0.018120
    0.384284    -0.018114
    0.385385    -0.018108
    0.386486    -0.018102
    0.387588    -0.018096
    0.388689    -0.018090
    0.389790    -0.018084
    0.390891    -0.018078
    0.391992    -0.018072
    0.393093    -0.018066
    0.394194    -0.018060
    0.395295    -0.018054
    0.396396    -0.018048
    0.397497    -0.018042
    0.398599    -0.018036
    0.399700    -0.018029
    0.400801    -0.018023
    0.401902    -0.018017
    0.403003    -0.018011
    0.404104    -0.018005
    0.405205    -0.017998
    0.406306    -0.017992
    0.407407    -0.017986
    0.408509    -0.017980
    0.409610    -0.017973
    0.410711    -0.017967
    0.411812    -0.017961
    0.412913    -0.017955
    0.414014    -0.017948
    0.415115    -0.017942
    0.416216    -0.017936
    0.417317    -0.017929
    0.418418    -0.017923
    0.419520    -0.017916
    0.420621    -0.017910
    0.421722    -0.017904
    0.422823    -0.017897
    0.423924    -0.017891
    0.425025    -0.017884
    0.426126    -0.017878
    0.427227    -0.017871
    0.428328    -0.017865
    0.429429    -0.017858
    0.430531    -0.017852
    0.431632    -0.017845
    0.432733    -0.017839
    0.433834    -0.017832
    0.434935    -0.017825
    0.436036    -0.017819
    0.437137    -0.017812
    0.438238    -0.017805
    0.439339    -0.017799
    0.440440    -0.017792
    0.441542    -0.017785
    0.442643    -0.017778
    0.443744    -0.017772
    0.444845    -0.017765
    0.445946    -0.017758
    0.447047    -0.017751
    0.448148    -0.017744
    0.449249    -0.017738
    0.450350    -0.017731
    0.451451    -0.017724
    0.452553    -0.017717
    0.453654    -0.017710
    0.454755    -0.017703
    0.455856    -0.017696
    0.456957    -0.017689
    0.458058    -0.017682
    0.459159    -0.017675
    0.460260    -0.017667
    0.461361    -0.017660
    0.462462    -0.017653
    0.463564    -0.017646
    0.464665    -0.017639
    0.465766    -0.017632
    0.466867    -0.017624
    0.467968    -0.017617
    0.469069    -0.017610
    0.470170    -0.017602
    0.471271    -0.017595
    0.472372    -0.017588
    0.473473    -0.017580
    0.474575    -0.017573
    0.475676    -0.017565
    0.476777    -0.017558
    0.477878    -0.017550
    0.478979    -0.017543
    0.480080    -0.017535
    0.481181    -0.017527
    0.482282    -0.017520
    0.483383    -0.017512
    0.484484    -0.017504
    0.485586    -0.017497
    0.486687    -0.017489
    0.487788    -0.017481
    0.488889    -0.017473
    0.489990    -0.017465
    0.491091    -0.017457
    0.492192    -0.017449
    0.493293    -0.017441
    0.494394    -0.017433
    0.495495    -0.017425
    0.496597    -0.017417
    0.497698    -0.017409
    0.498799    -0.017401
    0.499900    -0.017393
    0.501001    -0.017384
    0.502102    -0.017376
    0.503203    -0.017368
    0.504304    -0.017359
    0.505405    -0.017351
    0.506507    -0.017343
    0.507608    -0.017334
    0.508709    -0.017326
    0.509810    -0.017317
    0.510911    -0.017308
    0.512012    -0.017300
    0.513113    -0.017291
    0.514214    -0.017282
    0.515315    -0.017274
    0.516416    -0.017265
    0.517518    -0.017256
    0.518619    -0.017247
    0.519720    -0.017238
    0.520821    -0.017229
    0.521922    -0.017220
    0.523023    -0.017211
    0.524124    -0.017202
    0.525225    -0.017192
    0.526326    -0.017183
    0.527427    -0.017174
    0.528529    -0.017164
    0.529630    -0.017155
    0.530731    -0.017146
    0.531832    -0.017136
    0.532933    -0.017126
    0.534034    -0.017117
    0.535135    -0.017107
    0.536236    -0.017097
    0.537337    -0.017088
    0.538438    -0.017078
    0.539540    -0.017068
    0.540641    -0.017058
    0.541742    -0.017048
    0.542843    -0.017038
    0.543944    -0.017028
    0.545045    -0.017017
    0.546146    -0.017007
    0.547247    -0.016997
    0.548348    -0.016986
    0.549449    -0.016976
    0.550551    -0.016965
    0.551652    -0.016955
    0.552753    -0.016944
    0.553854    -0.016933
    0.554955    -0.016923
    0.556056    -0.016912
    0.557157    -0.016901
    0.558258    -0.016890
    0.559359    -0.016879
    0.560460    -0.016868
    0.561562    -0.016857
    0.562663    -0.016845
    0.563764    -0.016834
    0.564865    -0.016823
    0.565966    -0.016811
    0.567067    -0.016800
    0.568168    -0.016788
    0.569269    -0.016776
    0.570370    -0.016764
    0.571471    -0.016752
    0.572573    -0.016741
    0.573674    -0.016728
    0.574775    -0.016716
    0.575876    -0.016704
    0.576977    -0.016692
    0.578078    -0.016680
    0.579179    -0.016667
    0.580280    -0.016655
    0.581381    -0.016642
    0.582482    -0.016629
    0.583584    -0.016616
    0.584685    -0.016604
    0.585786    -0.016591
    0.586887    -0.016578
    0.587988    -0.016564
    0.589089    -0.016551
    0.590190    -0.016538
    0.591291    -0.016524
    0.592392    -0.016511
    0.593493    -0.016497
    0.594595    -0.016484
    0.595696    -0.016470
    0.596797    -0.016456
    0.597898    -0.016442
    0.598999    -0.016428
    0.600100    -0.016414
    0.601201    -0.016399
    0.602302    -0.016385
    0.603403    -0.016370
    0.604505    -0.016356
    0.605606    -0.016341
    0.606707    -0.016326
    0.607808    -0.016311
    0.608909    -0.016296
    0.610010    -0.016281
    0.611111    -0.016266
    0.612212    -0.016250
    0.613313    -0.016235
    0.614414    -0.016219
    0.615516    -0.016204
    0.616617    -0.016188
    0.617718    -0.016172
    0.618819    -0.016156
    0.619920    -0.016140
    0.621021    -0.016123
    0.622122    -0.016107
    0.623223    -0.016090
    0.624324    -0.016074
    0.625425    -0.016057
    0.626527    -0.016040
    0.627628    -0.016023
    0.628729    -0.016006
    0.629830    -0.015988
    0.630931    -0.015971
    0.632032    -0.015953
    0.633133    -0.015936
    0.634234    -0.015918
    0.635335    -0.015900
    0.636436    -0.015882
    0.637538    -0.015864
    0.638639    -0.015845
    0.639740    -0.015827
    0.640841    -0.015808
    0.641942    -0.015790
    0.643043    -0.015771
    0.644144    -0.015752
    0.645245    -0.015732
    0.646346    -0.015713
    0.647447    -0.015694
    0.648549    -0.015674
    0.649650    -0.015654
    0.650751    -0.015634
    0.651852    -0.015614
    0.652953    -0.015594
    0.654054    -0.015574
    0.655155    -0.015553
    0.656256    -0.015533
    0.657357    -0.015512
    0.658458    -0.015491
    0.659560    -0.015470
    0.660661    -0.015449
    0.661762    -0.015427
    0.662863    -0.015406
    0.663964    -0.015384
    0.665065    -0.015362
    0.666166    -0.015340
    0.667267    -0.015318
    0.668368    -0.015295
    0.669469    -0.015273
    0.670571    -0.015250
    0.671672    -0.015227
    0.672773    -0.015204
    0.673874    -0.015181
    0.674975    -0.015158
    0.676076    -0.015134
    0.677177    -0.015111
    0.678278    -0.015087
    0.679379    -0.015063
    0.680480    -0.015038
    0.681582    -0.015014
    0.682683    -0.014989
    0.683784    -0.014965
    0.684885    -0.014940
    0.685986    -0.014915
    0.687087    -0.014890
    0.688188    -0.014864
    0.689289    -0.014838
    0.690390    -0.014813
    0.691491    -0.014787
    0.692593    -0.014761
    0.693694    -0.014734
    0.694795    -0.014708
    0.695896    -0.014681
    0.696997    -0.014654
    0.698098    -0.014627
    0.699199    -0.014600
    0.700300    -0.014572
    0.701401    -0.014545
    0.702503    -0.014517
    0.703604    -0.014489
    0.704705    -0.014461
    0.705806    -0.014432
    0.706907    -0.014404
    0.708008    -0.014375
    0.709109    -0.014346
    0.710210    -0.014317
    0.711311    -0.014288
    0.712412    -0.014258
    0.713514    -0.014228
    0.714615    -0.014198
    0.715716    -0.014168
    0.716817    -0.014138
    0.717918    -0.014108
    0.719019    -0.014077
    0.720120    -0.014046
    0.721221    -0.014015
    0.722322    -0.013984
    0.723423    -0.013952
    0.724525    -0.013920
    0.725626    -0.013888
    0.726727    -0.013856
    0.727828    -0.013824
    0.728929    -0.013792
    0.730030    -0.013759
    0.731131    -0.013726
    0.732232    -0.013693
    0.733333    -0.013660
    0.734434    -0.013626
    0.735536    -0.013592
    0.736637    -0.013558
    0.737738    -0.013524
    0.738839    -0.013490
    0.739940    -0.013455
    0.741041    -0.013421
    0.742142    -0.013386
    0.743243    -0.013351
    0.744344    -0.013315
    0.745445    -0.013280
    0.746547    -0.013244
    0.747648    -0.013208
    0.748749    -0.013172
    0.749850    -0.013135
    0.750951    -0.013099
    0.752052    -0.013062
    0.753153    -0.013025
    0.754254    -0.012988
    0.755355    -0.012950
    0.756456    -0.012912
    0.757558    -0.012875
    0.758659    -0.012836
    0.759760    -0.012798
    0.760861    -0.012760
    0.761962    -0.012721
    0.763063    -0.012682
    0.764164    -0.012643
    0.765265    -0.012604
    0.766366    -0.012564
    0.767467    -0.012524
    0.768569    -0.012484
    0.769670    -0.012444
    0.770771    -0.012404
    0.771872    -0.012363
    0.772973    -0.012322
    0.774074    -0.012281
    0.775175    -0.012240
    0.776276    -0.012199
    0.777377    -0.012157
    0.778478    -0.012115
    0.779580    -0.012073
    0.780681    -0.012031
    0.781782    -0.011988
    0.782883    -0.011946
    0.783984    -0.011903
    0.785085    -0.011860
    0.786186    -0.011816
    0.787287    -0.011773
    0.788388    -0.011729
    0.789489    -0.011685
    0.790591    -0.011641
    0.791692    -0.011597
    0.792793    -0.011552
    0.793894    -0.011507
    0.794995    -0.011462
    0.796096    -0.011417
    0.797197    -0.011372
    0.798298    -0.011326
    0.799399    -0.011280
    0.800501    -0.011234
    0.801602    -0.011188
    0.802703    -0.011142
    0.803804    -0.011095
    0.804905    -0.011048
    0.806006    -0.011001
    0.807107    -0.010954
    0.808208    -0.010907
    0.809309    -0.010859
    0.810410    -0.010811
    0.811512    -0.010763
    0.812613    -0.010715
    0.813714    -0.010666
    0.814815    -0.010618
    0.815916    -0.010569
    0.817017    -0.010520
    0.818118    -0.010470
    0.819219    -0.010421
    0.820320    -0.010371
    0.821421    -0.010321
    0.822523    -0.010271
    0.823624    -0.010221
    0.824725    -0.010171
    0.825826    -0.010120
    0.826927    -0.010069
    0.828028    -0.010018
    0.829129    -0.009967
    0.830230    -0.009915
    0.831331    -0.009864
    0.832432    -0.009812
    0.833534    -0.009760
    0.834635    -0.009708
    0.835736    -0.009655
    0.836837    -0.009603
    0.837938    -0.009550
    0.839039    -0.009497
    0.840140    -0.009444
    0.841241    -0.009390
    0.842342    -0.009337
    0.843443    -0.009283
    0.844545    -0.009229
    0.845646    -0.009175
    0.846747    -0.009121
    0.847848    -0.009066
    0.848949    -0.009011
    0.850050    -0.008957
    0.851151    -0.008901
    0.852252    -0.008846
    0.853353    -0.008791
    0.854454    -0.008735
    0.855556    -0.008679
    0.856657    -0.008623
    0.857758    -0.008567
    0.858859    -0.008511
    0.859960    -0.008454
    0.861061    -0.008398
    0.862162    -0.008341
    0.863263    -0.008284
    0.864364    -0.008226
    0.865465    -0.008169
    0.866567    -0.008111
    0.867668    -0.008054
    0.868769    -0.007996
    0.869870    -0.007937
    0.870971    -0.007879
    0.872072    -0.007821
    0.873173    -0.007762
    0.874274    -0.007703
    0.875375    -0.007644
    0.876476    -0.007585
    0.877578    -0.007526
    0.878679    -0.007466
    0.879780    -0.007406
    0.880881    -0.007347
    0.881982    -0.007287
    0.883083    -0.007226
    0.884184    -0.007166
    0.885285    -0.007105
    0.886386    -0.007045
    0.887487    -0.006984
    0.888589    -0.006923
    0.889690    -0.006862
    0.890791    -0.006800
    0.891892    -0.006739
    0.892993    -0.006677
    0.894094    -0.006615
    0.895195    -0.006553
    0.896296    -0.006491
    0.897397    -0.006429
    0.898498    -0.006366
    0.899600    -0.006303
    0.900701    -0.006241
    0.901802    -0.006178
    0.902903    -0.006115
    0.904004    -0.006051
    0.905105    -0.005988
    0.906206    -0.005924
    0.907307    -0.005861
    0.908408    -0.005797
    0.909510    -0.005733
    0.910611    -0.005668
    0.911712    -0.005604
    0.912813    -0.005539
    0.913914    -0.005475
    0.915015    -0.005410
    0.916116    -0.005345
    0.917217    -0.005280
    0.918318    -0.005215
    0.919419    -0.005149
    0.920521    -0.005084
    0.921622    -0.005018
    0.922723    -0.004952
    0.923824    -0.004886
    0.924925    -0.004820
    0.926026    -0.004754
    0.927127    -0.004687
    0.928228    -0.004621
    0.929329    -0.004554
    0.930430    -0.004487
    0.931532    -0.004420
    0.932633    -0.004353
    0.933734    -0.004286
    0.934835    -0.004218
    0.935936    -0.004151
    0.937037    -0.004083
    0.938138    -0.004015
    0.939239    -0.003947
    0.940340    -0.003879
    0.941441    -0.003811
    0.942543    -0.003742
    0.943644    -0.003674
    0.944745    -0.003605
    0.945846    -0.003536
    0.946947    -0.003467
    0.948048    -0.003398
    0.949149    -0.003329
    0.950250    -0.003260
    0.951351    -0.003190
    0.952452    -0.003121
    0.953554    -0.003051
    0.954655    -0.002981
    0.955756    -0.002911
    0.956857    -0.002841
    0.957958    -0.002771
    0.959059    -0.002701
    0.960160    -0.002630
    0.961261    -0.002560
    0.962362    -0.002489
    0.963463    -0.002418
    0.964565    -0.002347
    0.965666    -0.002276
    0.966767    -0.002205
    0.967868    -0.002133
    0.968969    -0.002062
    0.970070    -0.001990
    0.971171    -0.001919
    0.972272    -0.001847
    0.973373    -0.001775
    0.974474    -0.001703
    0.975576    -0.001631
    0.976677    -0.001558
    0.977778    -0.001486
    0.978879    -0.001413
    0.979980    -0.001341
    0.981081    -0.001268
    0.982182    -0.001195
    0.983283    -0.001122
    0.984384    -0.001049
    0.985485    -0.000976
    0.986587    -0.000902
    0.987688    -0.000829
    0.988789    -0.000755
    0.989890    -0.000682
    0.990991    -0.000608
    0.992092    -0.000534
    0.993193    -0.000460
    0.994294    -0.000386
    0.995395    -0.000312
    0.996496    -0.000237
    0.997598    -0.000163
    0.998699    -0.000088
    0.999800    -0.000014
    1.000901     0.000061
    1.002002     0.000136
    1.003103     0.000211
    1.004204     0.000286
    1.005305     0.000361
    1.006406     0.000437
    1.007508     0.000512
    1.008609     0.000588
    1.009710     0.000663
    1.010811     0.000739
    1.011912     0.000815
    1.013013     0.000891
    1.014114     0.000967
    1.015215     0.001043
    1.016316     0.001119
    1.017417     0.001195
    1.018519     0.001272
    1.019620     0.001348
    1.020721     0.001425
    1.021822     0.001502
    1.022923     0.001578
    1.024024     0.001655
    1.025125     0.001732
    1.026226     0.001809
    1.027327     0.001887
    1.028428     0.001964
    1.029530     0.002041
    1.030631     0.002119
    1.031732     0.002196
    1.032833     0.002274
    1.033934     0.002352
    1.035035     0.002430
    1.036136     0.002508
    1.037237     0.002586
    1.038338     0.002664
    1.039439     0.002742
    1.040541     0.002820
    1.041642     0.002899
    1.042743     0.002977
    1.043844     0.003056
    1.044945     0.003134
    1.046046     0.003213
    1.047147     0.003292
    1.048248     0.003371
    1.049349     0.003450
    1.050450     0.003529
    1.051552     0.003608
    1.052653     0.003688
    1.053754     0.003767
    1.054855     0.003847
    1.055956     0.003926
    1.057057     0.004006
    1.058158     0.004085
    1.059259     0.004165
    1.060360     0.004245
    1.061461     0.004325
    1.062563     0.004405
    1.063664     0.004485
    1.064765     0.004566
    1.065866     0.004646
    1.066967     0.004726
    1.068068     0.004807
    1.069169     0.004887
    1.070270     0.004968
    1.071371     0.005049
    1.072472     0.005129
    1.073574     0.005210
    1.074675     0.005291
    1.075776     0.005372
    1.076877     0.005453
    1.077978     0.005534
    1.079079     0.005616
    1.080180     0.005697
    1.081281     0.005778
    1.082382     0.005860
    1.083483     0.005942
    1.084585     0.006023
    1.085686     0.006105
    1.086787     0.006187
    1.087888     0.006269
    1.088989     0.006351
    1.090090     0.006433
    1.091191     0.006515
    1.092292     0.006597
    1.093393     0.006679
    1.094494     0.006761
    1.095596     0.006844
    1.096697     0.006926
    1.097798     0.007009
    1.098899     0.007091
    1.100000     0.007174
