1.199109	0.008821
1.197876	0.008883
1.196663	0.008891
1.195452	0.008867
1.194257	0.008828
1.192996	0.008777
1.191788	0.008711
1.190570	0.008644
1.189339	0.008567
1.188072	0.008485
1.186853	0.008404
1.185633	0.008317
1.184417	0.008232
1.183062	0.008137
1.181839	0.008050
1.180627	0.007959
1.180324	0.007938
1.180113	0.007922
1.179548	0.007892
1.178775	0.007849
1.177819	0.007800
1.176819	0.007745
1.175774	0.007686
1.174641	0.007624
1.173531	0.007560
1.172257	0.007497
1.171081	0.007431
1.169938	0.007364
1.168685	0.007297
1.167444	0.007230
1.166186	0.007163
1.165015	0.007096
1.163814	0.007029
1.162580	0.006961
1.161327	0.006893
1.160126	0.006825
1.158889	0.006758
1.157682	0.006690
1.156453	0.006622
1.155222	0.006554
1.153932	0.006485
1.152689	0.006417
1.151494	0.006349
1.150235	0.006281
1.148994	0.006213
1.147806	0.006145
1.146580	0.006076
1.145346	0.006007
1.144062	0.005939
1.142877	0.005871
1.141603	0.005802
1.140377	0.005734
1.139143	0.005666
1.137920	0.005597
1.136658	0.005530
1.135445	0.005461
1.134196	0.005394
1.132976	0.005327
1.131730	0.005258
1.130526	0.005190
1.129282	0.005122
1.128023	0.005054
1.126840	0.004987
1.125520	0.004920
1.124347	0.004853
1.123091	0.004786
1.121878	0.004719
1.120634	0.004651
1.119345	0.004583
1.118172	0.004515
1.116934	0.004449
1.115669	0.004382
1.114456	0.004315
1.113233	0.004248
1.112030	0.004182
1.110755	0.004114
1.109521	0.004048
1.108262	0.003982
1.107049	0.003915
1.105799	0.003849
1.104632	0.003782
1.103315	0.003716
1.102059	0.003650
1.100849	0.003585
1.099599	0.003518
1.098377	0.003453
1.097130	0.003387
1.095905	0.003322
1.094618	0.003257
1.093454	0.003193
1.092140	0.003128
1.090936	0.003063
1.089699	0.002998
1.088424	0.002934
1.087211	0.002870
1.085913	0.002806
1.084751	0.002743
1.083483	0.002680
1.082316	0.002617
1.081030	0.002553
1.079804	0.002490
1.078582	0.002427
1.077344	0.002364
1.076067	0.002302
1.074839	0.002239
1.073629	0.002178
1.072345	0.002115
1.071160	0.002053
1.069806	0.001992
1.068590	0.001930
1.067395	0.001869
1.066124	0.001808
1.064865	0.001747
1.063664	0.001687
1.062426	0.001626
1.061152	0.001565
1.059887	0.001506
1.058647	0.001446
1.057394	0.001388
1.056184	0.001328
1.054952	0.001269
1.053626	0.001212
1.052489	0.001154
1.051200	0.001094
1.049959	0.001036
1.048661	0.000980
1.047441	0.000923
1.046292	0.000866
1.044969	0.000810
1.043720	0.000755
1.042488	0.000699
1.041296	0.000643
1.040099	0.000587
1.038797	0.000533
1.037547	0.000478
1.036337	0.000423
1.035029	0.000370
1.033831	0.000317
1.032560	0.000262
1.031274	0.000209
1.030061	0.000157
1.028802	0.000103
1.027537	5.088931E-5
1.026311	-2.099697E-6
1.025000	-5.450774E-5
1.023800	-0.000107
1.022446	-0.000158
1.021245	-0.000208
1.019958	-0.000257
1.018715	-0.000307
1.017486	-0.000356
1.016224	-0.000405
1.015033	-0.000453
1.013743	-0.000501
1.012503	-0.000549
1.011204	-0.000597
1.009969	-0.000643
1.008762	-0.000690
1.007427	-0.000736
1.006245	-0.000782
1.005010	-0.000826
1.003748	-0.000870
1.002483	-0.000913
1.001267	-0.000957
1.000045	-0.001002
0.998853	-0.001048
0.997511	-0.001090
0.996237	-0.001133
0.995052	-0.001175
0.993848	-0.001217
0.992442	-0.001257
0.991189	-0.001296
0.990016	-0.001338
0.988705	-0.001375
0.987299	-0.001410
0.986248	-0.001450
0.985014	-0.001489
0.983715	-0.001526
0.982517	-0.001563
0.981289	-0.001602
0.979932	-0.001639
0.978740	-0.001675
0.977469	-0.001712
0.976161	-0.001746
0.974869	-0.001780
0.973717	-0.001813
0.972476	-0.001847
0.971229	-0.001882
0.969989	-0.001916
0.968721	-0.001949
0.967501	-0.001981
0.966285	-0.002013
0.965008	-0.002045
0.963679	-0.002075
0.962499	-0.002105
0.961323	-0.002138
0.960021	-0.002167
0.958661	-0.002196
0.957393	-0.002222
0.956293	-0.002252
0.954888	-0.002279
0.953726	-0.002305
0.952504	-0.002331
0.951245	-0.002359
0.950014	-0.002386
0.948736	-0.002412
0.947578	-0.002440
0.946133	-0.002462
0.944966	-0.002487
0.943682	-0.002511
0.942433	-0.002532
0.941241	-0.002557
0.939805	-0.002576
0.938732	-0.002597
0.937449	-0.002621
0.936037	-0.002638
0.935203	-0.002665
0.933675	-0.002685
0.932532	-0.002706
0.931267	-0.002728
0.929962	-0.002747
0.928587	-0.002764
0.927319	-0.002777
0.926598	-0.002803
0.924823	-0.002820
0.923512	-0.002831
0.922842	-0.002853
0.921140	-0.002869
0.920071	-0.002886
0.918791	-0.002906
0.917391	-0.002918
0.916496	-0.002939
0.915218	-0.002960
0.913846	-0.002976
0.912221	-0.002983
0.911255	-0.002997
0.910210	-0.003017
0.908753	-0.003029
0.907350	-0.003039
0.906397	-0.003054
0.905254	-0.003070
0.903793	-0.003085
0.902495	-0.003098
0.901251	-0.003108
0.900013	-0.003119
0.898843	-0.003132
0.897554	-0.003142
0.896551	-0.003157
0.895029	-0.003169
0.893972	-0.003182
0.892548	-0.003193
0.891054	-0.003196
0.890217	-0.003208
0.889077	-0.003224
0.887409	-0.003227
0.886471	-0.003237
0.885074	-0.003245
0.883794	-0.003249
0.882776	-0.003260
0.881392	-0.003268
0.880170	-0.003275
0.879091	-0.003288
0.877710	-0.003296
0.876482	-0.003302
0.875152	-0.003310
0.874141	-0.003318
0.872802	-0.003327
0.871550	-0.003333
0.870410	-0.003345
0.868968	-0.003349
0.867932	-0.003358
0.866410	-0.003365
0.865267	-0.003370
0.864023	-0.003378
0.862609	-0.003382
0.861716	-0.003391
0.860182	-0.003396
0.859027	-0.003400
0.857658	-0.003403
0.856415	-0.003405
0.855422	-0.003413
0.854135	-0.003418
0.852879	-0.003425
0.851617	-0.003431
0.850245	-0.003433
0.849234	-0.003441
0.847880	-0.003448
0.846560	-0.003447
0.845689	-0.003455
0.844183	-0.003461
0.843177	-0.003468
0.841784	-0.003476
0.840152	-0.003473
0.839446	-0.003477
0.838389	-0.003491
0.836687	-0.003496
0.835722	-0.003497
0.834267	-0.003502
0.833210	-0.003508
0.831713	-0.003513
0.830481	-0.003511
0.829656	-0.003521
0.828024	-0.003522
0.826903	-0.003524
0.825546	-0.003528
0.824599	-0.003536
0.822845	-0.003532
0.821821	-0.003532
0.820559	-0.003537
0.819630	-0.003541
0.818130	-0.003543
0.816795	-0.003541
0.816006	-0.003549
0.814848	-0.003559
0.812996	-0.003559
0.811912	-0.003555
0.810827	-0.003560
0.809742	-0.003565
0.808349	-0.003570
0.807096	-0.003572
0.805996	-0.003575
0.804437	-0.003571
0.803359	-0.003573
0.802259	-0.003575
0.800957	-0.003577
0.799759	-0.003580
0.798476	-0.003583
0.797357	-0.003588
0.795909	-0.003587
0.795084	-0.003597
0.793526	-0.003594
0.792542	-0.003601
0.790937	-0.003606
0.789706	-0.003600
0.788618	-0.003601
0.786904	-0.003598
0.786170	-0.003597
0.785422	-0.003612
0.783827	-0.003620
0.782058	-0.003616
0.780851	-0.003606
0.780099	-0.003614
0.778605	-0.003612
0.777832	-0.003622
0.775674	-0.003611
0.775167	-0.003614
0.774012	-0.003620
0.772221	-0.003613
0.771372	-0.003614
0.770470	-0.003623
0.768946	-0.003623
0.767937	-0.003633
0.766287	-0.003633
0.765270	-0.003632
0.763919	-0.003634
0.762694	-0.003634
0.761383	-0.003633
0.760072	-0.003627
0.759565	-0.003643
0.757832	-0.003641
0.756704	-0.003641
0.755711	-0.003651
0.753872	-0.003650
0.752766	-0.003648
0.751666	-0.003651
0.750052	-0.003644
0.749380	-0.003648
0.748069	-0.003654
0.746508	-0.003653
0.745392	-0.003653
0.744127	-0.003650
0.743098	-0.003654
0.741509	-0.003653
0.740656	-0.003657
0.738994	-0.003654
0.738150	-0.003660
0.736894	-0.003663
0.735764	-0.003667
0.734108	-0.003666
0.733231	-0.003673
0.731746	-0.003667
0.730160	-0.003663
0.729047	-0.003656
0.728259	-0.003657
0.726746	-0.003648
0.726795	-0.003677
0.724522	-0.003682
0.722881	-0.003672
0.721787	-0.003667
0.721280	-0.003679
0.719773	-0.003688
0.717845	-0.003676
0.717118	-0.003680
0.715734	-0.003675
0.714515	-0.003676
0.713256	-0.003671
0.712455	-0.003684
0.710670	-0.003679
0.709629	-0.003678
0.708883	-0.003695
0.706570	-0.003683
0.706004	-0.003681
0.704681	-0.003684
0.703814	-0.003695
0.701760	-0.003688
0.700455	-0.003674
0.700507	-0.003691
0.698546	-0.003698
0.696626	-0.003682
0.696266	-0.003685
0.695080	-0.003696
0.693323	-0.003689
0.692596	-0.003694
0.691181	-0.003696
0.689684	-0.003689
0.688801	-0.003692
0.687456	-0.003696
0.686097	-0.003690
0.685470	-0.003701
0.683343	-0.003696
0.682375	-0.003687
0.682005	-0.003706
0.679399	-0.003693
0.679041	-0.003694
0.677648	-0.003702
0.676187	-0.003697
0.675460	-0.003708
0.673785	-0.003709
0.672386	-0.003706
0.671500	-0.003708
0.669923	-0.003701
0.668866	-0.003702
0.667879	-0.003707
0.666354	-0.003702
0.665061	-0.003704
0.663668	-0.003699
0.662886	-0.003701
0.661422	-0.003698
0.660252	-0.003699
0.659332	-0.003705
0.657886	-0.003708
0.656462	-0.003710
0.655124	-0.003703
0.654330	-0.003709
0.652655	-0.003708
0.650831	-0.003682
0.650904	-0.003700
0.649193	-0.003697
0.648007	-0.003695
0.646975	-0.003704
0.645407	-0.003704
0.644014	-0.003697
0.643030	-0.003697
0.642367	-0.003711
0.640747	-0.003715
0.638743	-0.003702
0.638526	-0.003709
0.636976	-0.003716
0.635271	-0.003708
0.634724	-0.003719
0.633193	-0.003718
0.632026	-0.003720
0.630495	-0.003715
0.630119	-0.003721
0.628555	-0.003726
0.627033	-0.003722
0.626123	-0.003723
0.624842	-0.003724
0.623629	-0.003728
0.622242	-0.003730
0.621166	-0.003727
0.619577	-0.003725
0.618318	-0.003718
0.617774	-0.003724
0.615944	-0.003718
0.614957	-0.003722
0.613747	-0.003725
0.612378	-0.003720
0.611315	-0.003726
0.609814	-0.003721
0.608586	-0.003717
0.607620	-0.003720
0.606199	-0.003720
0.605435	-0.003727
0.603517	-0.003719
0.602334	-0.003713
0.602062	-0.003728
0.600039	-0.003728
0.598765	-0.003726
0.597842	-0.003730
0.596229	-0.003726
0.595367	-0.003729
0.593940	-0.003732
0.592629	-0.003729
0.591480	-0.003726
0.590441	-0.003733
0.588644	-0.003728
0.587862	-0.003725
0.586924	-0.003736
0.585072	-0.003737
0.584058	-0.003731
0.583306	-0.003742
0.581088	-0.003732
0.580901	-0.003740
0.579233	-0.003745
0.577592	-0.003735
0.576657	-0.003739
0.575242	-0.003726
0.574081	-0.003729
0.573342	-0.003735
0.571826	-0.003738
0.570307	-0.003731
0.569265	-0.003732
0.568425	-0.003735
0.566845	-0.003738
0.565580	-0.003736
0.564636	-0.003743
0.563209	-0.003742
0.561556	-0.003733
0.561036	-0.003743
0.559279	-0.003739
0.558094	-0.003738
0.557064	-0.003741
0.555997	-0.003747
0.554332	-0.003741
0.553467	-0.003745
0.551921	-0.003746
0.550586	-0.003743
0.549186	-0.003735
0.548380	-0.003739
0.547445	-0.003751
0.545498	-0.003742
0.544392	-0.003736
0.543329	-0.003738
0.542305	-0.003743
0.541046	-0.003748
0.539179	-0.003737
0.538461	-0.003735
0.537666	-0.003749
0.535219	-0.003734
0.534718	-0.003734
0.533743	-0.003741
0.531873	-0.003735
0.531335	-0.003738
0.530210	-0.003749
0.527974	-0.003736
0.527610	-0.003742
0.526308	-0.003745
0.524878	-0.003749
0.523509	-0.003747
0.522284	-0.003744
0.521089	-0.003742
0.519748	-0.003740
0.518782	-0.003741
0.517169	-0.003731
0.516176	-0.003734
0.515363	-0.003739
0.513985	-0.003746
0.512353	-0.003745
0.511030	-0.003742
0.509823	-0.003734
0.508976	-0.003737
0.507397	-0.003737
0.506489	-0.003741
0.505022	-0.003742
0.503987	-0.003742
0.502731	-0.003750
0.501609	-0.003752
0.500094	-0.003748
0.498945	-0.003748
0.497918	-0.003757
0.496091	-0.003746
0.495345	-0.003746
0.493771	-0.003743
0.492839	-0.003741
0.491819	-0.003745
0.489756	-0.003732
0.489114	-0.003729
0.488601	-0.003747
0.485839	-0.003733
0.485542	-0.003734
0.484806	-0.003752
0.482126	-0.003733
0.481992	-0.003737
0.480788	-0.003749
0.478365	-0.003723
0.478340	-0.003731
0.476938	-0.003741
0.475205	-0.003726
0.474930	-0.003744
0.473020	-0.003748
0.471599	-0.003736
0.470777	-0.003741
0.469164	-0.003743
0.468204	-0.003736
0.467269	-0.003747
0.464953	-0.003734
0.464373	-0.003728
0.463682	-0.003745
0.461613	-0.003738
0.460574	-0.003732
0.459587	-0.003731
0.458680	-0.003742
0.456926	-0.003739
0.455872	-0.003743
0.454225	-0.003733
0.453286	-0.003734
0.452122	-0.003734
0.451132	-0.003737
0.449656	-0.003743
0.448339	-0.003738
0.447300	-0.003744
0.445769	-0.003736
0.445024	-0.003747
0.443261	-0.003742
0.442191	-0.003735
0.441216	-0.003742
0.440028	-0.003745
0.438775	-0.003747
0.437042	-0.003743
0.436401	-0.003747
0.434995	-0.003752
0.433046	-0.003740
0.432453	-0.003742
0.431212	-0.003748
0.429755	-0.003742
0.428667	-0.003748
0.427102	-0.003738
0.426317	-0.003740
0.424991	-0.003744
0.423924	-0.003748
0.421972	-0.003735
0.420976	-0.003725
0.420248	-0.003734
0.418809	-0.003730
0.417712	-0.003733
0.416795	-0.003747
0.414846	-0.003740
0.413605	-0.003731
0.413083	-0.003743
0.411323	-0.003740
0.410397	-0.003744
0.408734	-0.003741
0.407665	-0.003736
0.406987	-0.003747
0.405413	-0.003747
0.403546	-0.003739
0.402868	-0.003738
0.401929	-0.003744
0.400206	-0.003743
0.399418	-0.003749
0.397765	-0.003748
0.396658	-0.003750
0.395140	-0.003746
0.394474	-0.003753
0.392677	-0.003747
0.391595	-0.003746
0.390342	-0.003747
0.389172	-0.003744
0.387620	-0.003741
0.386749	-0.003744
0.385618	-0.003743
0.383953	-0.003739
0.382981	-0.003741
0.381896	-0.003741
0.380255	-0.003735
0.379287	-0.003736
0.378061	-0.003735
0.376903	-0.003734
0.375360	-0.003732
0.374324	-0.003731
0.373395	-0.003737
0.371461	-0.003727
0.370764	-0.003727
0.369634	-0.003733
0.368109	-0.003727
0.366911	-0.003725
0.365768	-0.003724
0.364656	-0.003729
0.363092	-0.003720
0.362120	-0.003723
0.361005	-0.003723
0.359223	-0.003715
0.358536	-0.003721
0.356846	-0.003714
0.356335	-0.003719
0.354905	-0.003731
0.353234	-0.003726
0.352516	-0.003730
0.350921	-0.003735
0.349665	-0.003732
0.348815	-0.003742
0.346921	-0.003733
0.345769	-0.003726
0.344568	-0.003724
0.343563	-0.003719
0.342594	-0.003727
0.340868	-0.003724
0.340091	-0.003725
0.338600	-0.003728
0.337115	-0.003725
0.336373	-0.003724
0.335160	-0.003730
0.333448	-0.003726
0.332611	-0.003727
0.331535	-0.003736
0.329534	-0.003724
0.328966	-0.003727
0.327624	-0.003730
0.326249	-0.003727
0.325232	-0.003731
0.323673	-0.003725
0.322769	-0.003728
0.321488	-0.003736
0.319860	-0.003725
0.319304	-0.003732
0.317473	-0.003732
0.316529	-0.003733
0.314900	-0.003729
0.314112	-0.003730
0.312627	-0.003731
0.311655	-0.003733
0.310213	-0.003732
0.308691	-0.003724
0.308068	-0.003731
0.306467	-0.003729
0.305266	-0.003724
0.304221	-0.003728
0.302586	-0.003722
0.301620	-0.003720
0.300432	-0.003727
0.299142	-0.003725
0.298115	-0.003729
0.296361	-0.003720
0.295607	-0.003724
0.294464	-0.003726
0.292948	-0.003722
0.291744	-0.003723
0.290605	-0.003721
0.289064	-0.003717
0.288154	-0.003717
0.286855	-0.003717
0.285938	-0.003721
0.284307	-0.003722
0.283359	-0.003725
0.281722	-0.003721
0.280362	-0.003710
0.279894	-0.003721
0.278238	-0.003720
0.277071	-0.003720
0.275580	-0.003716
0.274525	-0.003717
0.273303	-0.003719
0.272096	-0.003721
0.270904	-0.003722
0.269447	-0.003720
0.268078	-0.003714
0.266987	-0.003710
0.266079	-0.003717
0.264454	-0.003711
0.263577	-0.003713
0.261869	-0.003706
0.261117	-0.003710
0.259519	-0.003708
0.258416	-0.003709
0.257389	-0.003713
0.256289	-0.003717
0.254550	-0.003715
0.253652	-0.003718
0.252149	-0.003710
0.251155	-0.003712
0.249719	-0.003710
0.248812	-0.003712
0.247693	-0.003719
0.246025	-0.003714
0.245298	-0.003724
0.243406	-0.003715
0.242532	-0.003714
0.241279	-0.003716
0.239966	-0.003714
0.238447	-0.003711
0.237940	-0.003716
0.236400	-0.003721
0.234976	-0.003723
0.233506	-0.003722
0.231844	-0.003699
0.232213	-0.003723
0.229481	-0.003717
0.228424	-0.003704
0.227993	-0.003713
0.225839	-0.003702
0.225051	-0.003699
0.224626	-0.003714
0.222994	-0.003724
0.221066	-0.003718
0.219746	-0.003707
0.219138	-0.003711
0.217729	-0.003713
0.216394	-0.003712
0.215126	-0.003709
0.214081	-0.003707
0.213042	-0.003715
0.211462	-0.003711
0.210273	-0.003707
0.208874	-0.003704
0.208107	-0.003708
0.206802	-0.003709
0.205598	-0.003715
0.204376	-0.003719
0.202976	-0.003715
0.201687	-0.003714
0.200489	-0.003716
0.199444	-0.003720
0.198060	-0.003717
0.196605	-0.003719
0.195340	-0.003712
0.194726	-0.003721
0.192746	-0.003719
0.191762	-0.003714
0.190836	-0.003720
0.188923	-0.003710
0.188187	-0.003711
0.186955	-0.003717
0.185168	-0.003702
0.184441	-0.003701
0.183790	-0.003717
0.181464	-0.003707
0.180208	-0.003691
0.180147	-0.003708
0.178079	-0.003708
0.177064	-0.003707
0.176047	-0.003715
0.174088	-0.003703
0.173541	-0.003702
0.172459	-0.003713
0.170510	-0.003701
0.169834	-0.003702
0.168765	-0.003710
0.166629	-0.003694
0.166357	-0.003701
0.165067	-0.003710
0.163200	-0.003706
0.162614	-0.003711
0.161031	-0.003713
0.159726	-0.003710
0.158690	-0.003719
0.156854	-0.003705
0.155962	-0.003701
0.154956	-0.003702
0.153826	-0.003704
0.152454	-0.003704
0.151054	-0.003707
0.150134	-0.003711
0.148610	-0.003705
0.147341	-0.003705
0.146385	-0.003707
0.145123	-0.003709
0.143892	-0.003711
0.142590	-0.003715
0.141031	-0.003708
0.140191	-0.003710
0.138926	-0.003714
0.137777	-0.003717
0.136274	-0.003714
0.135223	-0.003715
0.134144	-0.003716
0.132500	-0.003713
0.131308	-0.003707
0.130184	-0.003704
0.128958	-0.003705
0.127712	-0.003701
0.126618	-0.003704
0.125191	-0.003705
0.124054	-0.003701
0.123018	-0.003706
0.121282	-0.003699
0.120653	-0.003705
0.118920	-0.003699
0.117900	-0.003700
0.116693	-0.003701
0.115565	-0.003704
0.114056	-0.003701
0.113099	-0.003705
0.111706	-0.003705
0.110578	-0.003705
0.109203	-0.003709
0.108039	-0.003708
0.106530	-0.003703
0.105500	-0.003701
0.104669	-0.003711
0.102750	-0.003700
0.101903	-0.003701
0.101020	-0.003717
0.098786	-0.003699
0.098023	-0.003690
0.097317	-0.003708
0.095440	-0.003695
0.094863	-0.003699
0.093607	-0.003715
0.091563	-0.003705
0.090649	-0.003698
0.089888	-0.003708
0.087957	-0.003701
0.087370	-0.003706
0.085809	-0.003708
0.084602	-0.003706
0.083459	-0.003711
0.082261	-0.003712
0.080898	-0.003714
0.079502	-0.003709
0.078411	-0.003707
0.077201	-0.003709
0.075902	-0.003707
0.074857	-0.003710
0.073155	-0.003705
0.071780	-0.003695
0.071481	-0.003707
0.069513	-0.003701
0.068480	-0.003699
0.067310	-0.003702
0.066335	-0.003706
0.064835	-0.003706
0.063267	-0.003702
0.062555	-0.003705
0.061308	-0.003709
0.059640	-0.003705
0.058775	-0.003708
0.057067	-0.003700
0.056150	-0.003699
0.055359	-0.003709
0.053526	-0.003701
0.052945	-0.003710
0.051335	-0.003716
0.049559	-0.003702
0.048863	-0.003701
0.047747	-0.003709
0.046216	-0.003705
0.045312	-0.003707
0.043637	-0.003706
0.042501	-0.003701
0.041776	-0.003711
0.039799	-0.003702
0.038987	-0.003702
0.037902	-0.003709
0.036243	-0.003704
0.035176	-0.003701
0.033822	-0.003704
0.032643	-0.003698
0.031790	-0.003706
0.030146	-0.003703
0.029239	-0.003705
0.027821	-0.003703
0.026403	-0.003699
0.025578	-0.003704
0.024441	-0.003710
0.022587	-0.003707
0.021658	-0.003705
0.020573	-0.003709
0.018776	-0.003699
0.017743	-0.003693
0.017028	-0.003698
0.015342	-0.003697
0.014339	-0.003698
0.013175	-0.003702
0.011699	-0.003698
0.010556	-0.003700
0.009484	-0.003702
0.008255	-0.003702
0.006926	-0.003704
0.005545	-0.003703
0.004454	-0.003703
0.002981	-0.003698
0.001637	-0.003691
0.001148	-0.003699
-0.000722	-0.003695
-0.001559	-0.003698
-0.002889	-0.003698
-0.003958	-0.003703
-0.005620	-0.003697
-0.006473	-0.003700
-0.007793	-0.003703
-0.009367	-0.003697
-0.010473	-0.003690
-0.011530	-0.003694
-0.012713	-0.003698
-0.014271	-0.003692
-0.015606	-0.003684
-0.016395	-0.003686
-0.017910	-0.003679
-0.018705	-0.003687
-0.020367	-0.003683
-0.021214	-0.003685
-0.022329	-0.003693
-0.024000	-0.003692
-0.024935	-0.003693
-0.026234	-0.003693
-0.027823	-0.003692
-0.028404	-0.003694
-0.029553	-0.003707
-0.031811	-0.003697
-0.032474	-0.003693
-0.033299	-0.003702
-0.035086	-0.003698
-0.036144	-0.003701
-0.037827	-0.003689
-0.038185	-0.003697
-0.039691	-0.003707
-0.041222	-0.003704
-0.042527	-0.003698
-0.043688	-0.003696
-0.044694	-0.003701
-0.046194	-0.003700
-0.047331	-0.003700
-0.048409	-0.003703
-0.049720	-0.003704
-0.050854	-0.003705
-0.052165	-0.003708
-0.053589	-0.003704
-0.054765	-0.003702
-0.056223	-0.003698
-0.057307	-0.003694
-0.058010	-0.003702
-0.059960	-0.003695
-0.060880	-0.003692
-0.061955	-0.003697
-0.063226	-0.003696
-0.064562	-0.003699
-0.065879	-0.003696
-0.066740	-0.003701
-0.068467	-0.003697
-0.069347	-0.003699
-0.070942	-0.003694
-0.072152	-0.003689
-0.072992	-0.003695
-0.074554	-0.003691
-0.075474	-0.003694
-0.077142	-0.003691
-0.077686	-0.003697
-0.079171	-0.003704
-0.080842	-0.003700
-0.081973	-0.003701
-0.082868	-0.003701
-0.084341	-0.003705
-0.085838	-0.003703
-0.086844	-0.003697
-0.087660	-0.003705
-0.089267	-0.003709
-0.090758	-0.003700
-0.091730	-0.003699
-0.092784	-0.003704
-0.094184	-0.003707
-0.095617	-0.003701
-0.096631	-0.003703
-0.097915	-0.003704
-0.098898	-0.003710
