1.199204	0.009254
1.197950	0.009250
1.196746	0.009214
1.195526	0.009158
1.194300	0.009093
1.193053	0.009019
1.191837	0.008940
1.190614	0.008858
1.189406	0.008773
1.188123	0.008681
1.186898	0.008592
1.185669	0.008501
1.184447	0.008409
1.183119	0.008310
1.181877	0.008217
1.180664	0.008125
1.180339	0.008102
1.180150	0.008086
1.179655	0.008054
1.179019	0.008007
1.178164	0.007951
1.177226	0.007887
1.176184	0.007817
1.175111	0.007744
1.174039	0.007668
1.172893	0.007591
1.171710	0.007510
1.170473	0.007429
1.169296	0.007347
1.168117	0.007265
1.166919	0.007182
1.165700	0.007100
1.164490	0.007017
1.163252	0.006934
1.161993	0.006851
1.160737	0.006768
1.159564	0.006684
1.158323	0.006602
1.157052	0.006519
1.155860	0.006435
1.154614	0.006352
1.153431	0.006271
1.152175	0.006187
1.150919	0.006105
1.149611	0.006021
1.148450	0.005940
1.147225	0.005858
1.145957	0.005775
1.144704	0.005693
1.143479	0.005611
1.142195	0.005529
1.140961	0.005448
1.139687	0.005366
1.138501	0.005285
1.137242	0.005204
1.135992	0.005123
1.134724	0.005044
1.133554	0.004964
1.132286	0.004883
1.130978	0.004802
1.129786	0.004723
1.128576	0.004643
1.127262	0.004564
1.126077	0.004486
1.124842	0.004408
1.123577	0.004330
1.122407	0.004251
1.121142	0.004173
1.119861	0.004094
1.118673	0.004016
1.117435	0.003939
1.116170	0.003861
1.114972	0.003784
1.113670	0.003708
1.112427	0.003631
1.111214	0.003555
1.109930	0.003479
1.108714	0.003403
1.107443	0.003328
1.106135	0.003252
1.105004	0.003177
1.103660	0.003103
1.102441	0.003030
1.101182	0.002955
1.100042	0.002881
1.098734	0.002807
1.097487	0.002734
1.096219	0.002661
1.094985	0.002589
1.093741	0.002516
1.092525	0.002444
1.091236	0.002373
1.089977	0.002302
1.088727	0.002231
1.087563	0.002160
1.086249	0.002089
1.085091	0.002020
1.083825	0.001950
1.082588	0.001881
1.081277	0.001813
1.080116	0.001743
1.078802	0.001675
1.077564	0.001607
1.076330	0.001540
1.075120	0.001473
1.073812	0.001407
1.072581	0.001340
1.071380	0.001273
1.070115	0.001208
1.068794	0.001143
1.067624	0.001078
1.066277	0.001013
1.065036	0.000949
1.063823	0.000886
1.062567	0.000823
1.061305	0.000759
1.060019	0.000697
1.058772	0.000635
1.057534	0.000574
1.056245	0.000512
1.054989	0.000452
1.053809	0.000392
1.052578	0.000332
1.051301	0.000272
1.050036	0.000213
1.048768	0.000155
1.047451	9.895550E-5
1.046277	4.214444E-5
1.045040	-1.387163E-5
1.043793	-6.979597E-5
1.042644	-0.000127
1.041232	-0.000181
1.040004	-0.000234
1.038812	-0.000288
1.037639	-0.000344
1.036331	-0.000399
1.034996	-0.000451
1.033813	-0.000503
1.032493	-0.000555
1.031243	-0.000606
1.029975	-0.000657
1.028713	-0.000706
1.027479	-0.000757
1.026146	-0.000808
1.024906	-0.000857
1.023729	-0.000906
1.022330	-0.000953
1.021117	-0.001000
1.019848	-0.001046
1.018583	-0.001092
1.017383	-0.001137
1.016093	-0.001181
1.014840	-0.001226
1.013615	-0.001270
1.012313	-0.001313
1.011085	-0.001357
1.009817	-0.001399
1.008637	-0.001441
1.007308	-0.001483
1.006080	-0.001524
1.004805	-0.001562
1.003742	-0.001605
1.002330	-0.001644
1.001099	-0.001683
0.999876	-0.001719
0.998663	-0.001758
0.997319	-0.001795
0.996075	-0.001832
0.994709	-0.001867
0.993511	-0.001900
0.992359	-0.001936
0.990969	-0.001969
0.989799	-0.002003
0.988497	-0.002037
0.987272	-0.002068
0.985994	-0.002100
0.984690	-0.002129
0.983522	-0.002161
0.982160	-0.002192
0.980950	-0.002220
0.979895	-0.002255
0.978422	-0.002283
0.977163	-0.002311
0.976054	-0.002342
0.974649	-0.002369
0.973445	-0.002395
0.972122	-0.002421
0.970963	-0.002447
0.969619	-0.002472
0.968418	-0.002497
0.967126	-0.002520
0.965912	-0.002543
0.964770	-0.002568
0.963498	-0.002592
0.962230	-0.002614
0.961029	-0.002639
0.959670	-0.002660
0.958530	-0.002683
0.957182	-0.002703
0.955963	-0.002726
0.954594	-0.002743
0.953497	-0.002762
0.952046	-0.002778
0.950710	-0.002792
0.950023	-0.002816
0.948697	-0.002842
0.946918	-0.002855
0.945919	-0.002869
0.944877	-0.002892
0.943508	-0.002911
0.942161	-0.002926
0.940767	-0.002938
0.939676	-0.002953
0.938546	-0.002970
0.937106	-0.002981
0.936055	-0.002999
0.934787	-0.003016
0.933492	-0.003030
0.932269	-0.003043
0.931016	-0.003058
0.929816	-0.003073
0.928615	-0.003088
0.927206	-0.003102
0.925941	-0.003112
0.924807	-0.003124
0.923554	-0.003137
0.922360	-0.003150
0.920899	-0.003159
0.919759	-0.003168
0.918577	-0.003183
0.917339	-0.003194
0.916215	-0.003207
0.914760	-0.003217
0.913691	-0.003228
0.912493	-0.003240
0.911048	-0.003249
0.909813	-0.003260
0.908707	-0.003269
0.907228	-0.003275
0.905993	-0.003282
0.904854	-0.003289
0.903622	-0.003297
0.902443	-0.003309
0.901321	-0.003322
0.899854	-0.003328
0.898376	-0.003329
0.897511	-0.003339
0.896178	-0.003344
0.894767	-0.003349
0.893859	-0.003359
0.892698	-0.003372
0.891069	-0.003376
0.889966	-0.003381
0.888768	-0.003388
0.887406	-0.003391
0.886516	-0.003401
0.884989	-0.003406
0.883785	-0.003408
0.882510	-0.003415
0.881233	-0.003416
0.880432	-0.003430
0.878682	-0.003428
0.877985	-0.003441
0.876307	-0.003442
0.875317	-0.003447
0.873979	-0.003456
0.872570	-0.003455
0.871537	-0.003462
0.870110	-0.003467
0.869093	-0.003475
0.867599	-0.003479
0.866471	-0.003481
0.865469	-0.003496
0.863379	-0.003485
0.862844	-0.003488
0.861347	-0.003497
0.860097	-0.003492
0.859458	-0.003508
0.857753	-0.003511
0.856418	-0.003516
0.855519	-0.003523
0.854294	-0.003530
0.852470	-0.003529
0.851776	-0.003537
0.850316	-0.003540
0.848800	-0.003537
0.848024	-0.003545
0.846533	-0.003542
0.845323	-0.003543
0.844375	-0.003553
0.842884	-0.003549
0.841879	-0.003557
0.840424	-0.003558
0.839444	-0.003565
0.837971	-0.003567
0.836626	-0.003567
0.835633	-0.003569
0.834609	-0.003580
0.832593	-0.003575
0.831719	-0.003574
0.831053	-0.003587
0.828892	-0.003579
0.827899	-0.003574
0.827328	-0.003582
0.825558	-0.003586
0.824458	-0.003587
0.823606	-0.003600
0.821827	-0.003600
0.820672	-0.003600
0.819325	-0.003602
0.818154	-0.003600
0.816917	-0.003599
0.816141	-0.003609
0.814170	-0.003603
0.813229	-0.003601
0.812657	-0.003623
0.810017	-0.003604
0.809571	-0.003600
0.808966	-0.003618
0.806980	-0.003615
0.805834	-0.003612
0.805229	-0.003626
0.802806	-0.003615
0.802222	-0.003614
0.801764	-0.003633
0.799004	-0.003621
0.798341	-0.003616
0.798069	-0.003633
0.795628	-0.003627
0.794519	-0.003617
0.794216	-0.003632
0.792022	-0.003627
0.791414	-0.003633
0.790357	-0.003649
0.788010	-0.003633
0.787271	-0.003626
0.787011	-0.003646
0.785034	-0.003649
0.783677	-0.003652
0.782210	-0.003649
0.781236	-0.003647
0.780456	-0.003665
0.778559	-0.003660
0.777685	-0.003662
0.776145	-0.003663
0.775222	-0.003667
0.774091	-0.003673
0.772417	-0.003668
0.771176	-0.003667
0.770195	-0.003668
0.768747	-0.003668
0.767577	-0.003667
0.766394	-0.003665
0.765346	-0.003669
0.763937	-0.003670
0.762736	-0.003670
0.761404	-0.003669
0.760380	-0.003671
0.759152	-0.003674
0.757612	-0.003671
0.756628	-0.003669
0.755586	-0.003674
0.754006	-0.003675
0.752879	-0.003674
0.751760	-0.003679
0.750068	-0.003675
0.749255	-0.003675
0.748194	-0.003684
0.746318	-0.003679
0.745444	-0.003682
0.744029	-0.003677
0.743033	-0.003678
0.741545	-0.003677
0.740485	-0.003672
0.739281	-0.003671
0.738370	-0.003681
0.737148	-0.003688
0.735495	-0.003685
0.734263	-0.003686
0.733365	-0.003692
0.731785	-0.003693
0.730248	-0.003683
0.729842	-0.003694
0.728244	-0.003691
0.726826	-0.003690
0.725659	-0.003689
0.724580	-0.003687
0.723058	-0.003686
0.721992	-0.003687
0.721509	-0.003701
0.719431	-0.003699
0.718310	-0.003700
0.717268	-0.003701
0.715844	-0.003699
0.714475	-0.003698
0.713616	-0.003700
0.712400	-0.003710
0.710423	-0.003700
0.709350	-0.003693
0.708724	-0.003703
0.707092	-0.003704
0.705815	-0.003699
0.704813	-0.003702
0.703285	-0.003699
0.702163	-0.003698
0.701082	-0.003704
0.699725	-0.003701
0.698710	-0.003708
0.696963	-0.003702
0.696434	-0.003712
0.694708	-0.003708
0.693467	-0.003709
0.692330	-0.003714
0.690958	-0.003707
0.689956	-0.003713
0.688422	-0.003707
0.687881	-0.003714
0.685874	-0.003708
0.684835	-0.003704
0.684312	-0.003719
0.682418	-0.003713
0.681220	-0.003712
0.679921	-0.003716
0.678632	-0.003704
0.678143	-0.003720
0.675927	-0.003713
0.674992	-0.003703
0.673785	-0.003704
0.672948	-0.003714
0.671548	-0.003716
0.670018	-0.003713
0.668832	-0.003718
0.667863	-0.003720
0.666201	-0.003714
0.664924	-0.003707
0.664279	-0.003719
0.662718	-0.003715
0.661651	-0.003719
0.659961	-0.003715
0.658950	-0.003707
0.658522	-0.003723
0.656334	-0.003723
0.655314	-0.003717
0.654174	-0.003722
0.652722	-0.003719
0.651910	-0.003722
0.650131	-0.003716
0.649395	-0.003719
0.648466	-0.003735
0.646305	-0.003721
0.645532	-0.003719
0.644658	-0.003733
0.642904	-0.003729
0.642052	-0.003733
0.640283	-0.003726
0.639415	-0.003726
0.638028	-0.003725
0.636478	-0.003710
0.635959	-0.003719
0.634605	-0.003730
0.632760	-0.003716
0.632109	-0.003718
0.631430	-0.003734
0.629520	-0.003726
0.628497	-0.003726
0.627388	-0.003732
0.626171	-0.003731
0.624659	-0.003732
0.623525	-0.003732
0.622676	-0.003739
0.620864	-0.003733
0.619825	-0.003734
0.618859	-0.003736
0.617157	-0.003730
0.615987	-0.003726
0.615406	-0.003738
0.613487	-0.003728
0.612806	-0.003736
0.611076	-0.003739
0.610040	-0.003736
0.609044	-0.003747
0.607150	-0.003737
0.606649	-0.003743
0.604821	-0.003740
0.603620	-0.003733
0.603067	-0.003743
0.601106	-0.003736
0.599957	-0.003731
0.599113	-0.003737
0.597699	-0.003734
0.596589	-0.003738
0.595202	-0.003739
0.594041	-0.003739
0.593017	-0.003742
0.591395	-0.003742
0.589937	-0.003735
0.588913	-0.003735
0.587257	-0.003723
0.587010	-0.003732
0.585430	-0.003740
0.583749	-0.003729
0.582603	-0.003725
0.581977	-0.003730
0.580409	-0.003733
0.579028	-0.003729
0.578225	-0.003736
0.576480	-0.003732
0.575120	-0.003723
0.574530	-0.003731
0.573742	-0.003747
0.571291	-0.003739
0.570454	-0.003735
0.569623	-0.003739
0.568306	-0.003745
0.566506	-0.003738
0.565947	-0.003745
0.564453	-0.003744
0.563270	-0.003749
0.561959	-0.003750
0.560590	-0.003745
0.559450	-0.003748
0.558188	-0.003745
0.557305	-0.003751
0.555292	-0.003741
0.554295	-0.003736
0.553791	-0.003745
0.551655	-0.003737
0.550604	-0.003734
0.550296	-0.003753
0.548083	-0.003744
0.547130	-0.003747
0.545810	-0.003749
0.544688	-0.003749
0.543390	-0.003753
0.541966	-0.003749
0.541061	-0.003753
0.539533	-0.003751
0.538241	-0.003748
0.537654	-0.003757
0.535595	-0.003751
0.534323	-0.003742
0.533893	-0.003750
0.532084	-0.003751
0.530791	-0.003739
0.530180	-0.003750
0.528680	-0.003755
0.527292	-0.003747
0.526696	-0.003760
0.524380	-0.003753
0.523564	-0.003744
0.522865	-0.003756
0.520765	-0.003749
0.520176	-0.003748
0.519060	-0.003757
0.517157	-0.003749
0.516478	-0.003750
0.515219	-0.003755
0.513453	-0.003749
0.512772	-0.003755
0.511125	-0.003749
0.509551	-0.003739
0.508973	-0.003739
0.507831	-0.003747
0.506361	-0.003745
0.505542	-0.003759
0.503925	-0.003754
0.502367	-0.003748
0.501157	-0.003744
0.500237	-0.003741
0.499134	-0.003744
0.497270	-0.003740
0.496543	-0.003739
0.495828	-0.003749
0.493860	-0.003748
0.492723	-0.003743
0.491926	-0.003750
0.490028	-0.003746
0.489026	-0.003742
0.488421	-0.003753
0.486285	-0.003746
0.485307	-0.003742
0.484736	-0.003754
0.482624	-0.003748
0.481509	-0.003739
0.481093	-0.003754
0.479015	-0.003750
0.477900	-0.003744
0.477399	-0.003758
0.475229	-0.003750
0.474184	-0.003745
0.473894	-0.003764
0.471333	-0.003756
0.470548	-0.003749
0.469751	-0.003757
0.467465	-0.003743
0.466744	-0.003735
0.466331	-0.003753
0.464220	-0.003746
0.463563	-0.003753
0.461897	-0.003752
0.460687	-0.003748
0.459801	-0.003757
0.458261	-0.003752
0.457024	-0.003752
0.455581	-0.003745
0.454808	-0.003748
0.452846	-0.003739
0.452526	-0.003745
0.451050	-0.003747
0.449678	-0.003744
0.448645	-0.003753
0.447465	-0.003754
0.445895	-0.003751
0.444841	-0.003752
0.443728	-0.003759
0.442118	-0.003751
0.441210	-0.003755
0.439930	-0.003760
0.438405	-0.003752
0.437403	-0.003752
0.436089	-0.003756
0.434781	-0.003751
0.433822	-0.003752
0.432602	-0.003762
0.431200	-0.003758
0.429975	-0.003759
0.428679	-0.003758
0.427515	-0.003758
0.425981	-0.003755
0.425162	-0.003756
0.423713	-0.003758
0.422534	-0.003756
0.421229	-0.003753
0.420303	-0.003759
0.418690	-0.003755
0.417929	-0.003760
0.416193	-0.003755
0.415182	-0.003758
0.413798	-0.003754
0.412359	-0.003742
0.411567	-0.003742
0.410522	-0.003749
0.409431	-0.003757
0.407674	-0.003757
0.405896	-0.003745
0.405480	-0.003738
0.404099	-0.003745
0.402941	-0.003746
0.401957	-0.003753
0.400038	-0.003743
0.399234	-0.003747
0.397725	-0.003741
0.396833	-0.003741
0.395268	-0.003744
0.394122	-0.003743
0.392857	-0.003740
0.391702	-0.003739
0.390764	-0.003753
0.389203	-0.003750
0.387714	-0.003743
0.386792	-0.003750
0.385771	-0.003752
0.383953	-0.003747
0.382566	-0.003742
0.382486	-0.003749
0.381108	-0.003763
0.379467	-0.003768
0.378043	-0.003767
0.376485	-0.003758
0.375424	-0.003754
0.374120	-0.003749
0.373111	-0.003743
0.372347	-0.003752
0.370358	-0.003748
0.369362	-0.003741
0.368253	-0.003746
0.366609	-0.003732
0.366508	-0.003752
0.365017	-0.003761
0.363220	-0.003756
0.362095	-0.003752
0.361057	-0.003756
0.359584	-0.003754
0.357949	-0.003744
0.357558	-0.003751
0.356085	-0.003756
0.354285	-0.003745
0.353582	-0.003750
0.352556	-0.003757
0.350875	-0.003756
0.349537	-0.003752
0.348776	-0.003759
0.347156	-0.003753
0.346252	-0.003759
0.344785	-0.003761
0.343557	-0.003753
0.342524	-0.003762
0.340751	-0.003752
0.340269	-0.003758
0.338279	-0.003759
0.337519	-0.003760
0.336330	-0.003763
0.334839	-0.003755
0.334056	-0.003765
0.332474	-0.003760
0.331300	-0.003758
0.329843	-0.003759
0.328871	-0.003759
0.327426	-0.003756
0.326170	-0.003750
0.325039	-0.003748
0.323930	-0.003745
0.322802	-0.003746
0.321470	-0.003752
0.320355	-0.003752
0.319200	-0.003757
0.317516	-0.003756
0.316535	-0.003754
0.315395	-0.003758
0.314100	-0.003758
0.312413	-0.003753
0.311683	-0.003753
0.310136	-0.003751
0.308896	-0.003747
0.308279	-0.003756
0.306464	-0.003756
0.304930	-0.003740
0.304566	-0.003747
0.302888	-0.003753
0.301489	-0.003744
0.300459	-0.003749
0.299002	-0.003744
0.298366	-0.003752
0.296447	-0.003749
0.295683	-0.003752
0.294033	-0.003745
0.293031	-0.003749
0.291983	-0.003751
0.290421	-0.003749
0.289037	-0.003740
0.288407	-0.003748
0.286898	-0.003748
0.285477	-0.003742
0.284420	-0.003744
0.283304	-0.003744
0.282229	-0.003749
0.280380	-0.003747
0.279506	-0.003745
0.278128	-0.003746
0.276991	-0.003746
0.276206	-0.003756
0.274217	-0.003746
0.273190	-0.003743
0.272490	-0.003754
0.270703	-0.003748
0.269661	-0.003752
0.268182	-0.003750
0.267250	-0.003748
0.265814	-0.003749
0.264542	-0.003746
0.263568	-0.003749
0.262055	-0.003743
0.261044	-0.003745
0.259806	-0.003748
0.258596	-0.003749
0.257316	-0.003750
0.255886	-0.003745
0.254446	-0.003735
0.253866	-0.003741
0.252567	-0.003749
0.250856	-0.003739
0.250034	-0.003740
0.248592	-0.003742
0.247486	-0.003736
0.246340	-0.003741
0.245069	-0.003742
0.243990	-0.003750
0.242273	-0.003742
0.241142	-0.003736
0.240161	-0.003747
0.238315	-0.003735
0.237854	-0.003736
0.236085	-0.003736
0.235324	-0.003745
0.234221	-0.003753
0.232167	-0.003743
0.231779	-0.003753
0.229931	-0.003749
0.228806	-0.003745
0.227795	-0.003754
0.226423	-0.003751
0.224987	-0.003747
0.223709	-0.003743
0.223120	-0.003752
0.221362	-0.003746
0.220073	-0.003743
0.219266	-0.003750
0.217919	-0.003750
0.216513	-0.003751
0.215028	-0.003747
0.214481	-0.003751
0.212764	-0.003752
0.211398	-0.003747
0.210533	-0.003751
0.209149	-0.003751
0.207545	-0.003748
0.206194	-0.003734
0.205733	-0.003736
0.204599	-0.003748
0.202796	-0.003742
0.202032	-0.003745
0.200297	-0.003741
0.199365	-0.003743
0.198087	-0.003744
0.196868	-0.003742
0.195407	-0.003744
0.194197	-0.003737
0.193229	-0.003736
0.191780	-0.003735
0.190326	-0.003727
0.189883	-0.003736
0.188028	-0.003734
0.187340	-0.003741
0.185975	-0.003748
0.184266	-0.003737
0.183542	-0.003745
0.182179	-0.003749
0.180685	-0.003752
0.178995	-0.003736
0.178873	-0.003748
0.176893	-0.003751
0.175588	-0.003737
0.175338	-0.003753
0.173046	-0.003752
0.171665	-0.003734
0.171576	-0.003749
0.169669	-0.003752
0.168395	-0.003745
0.167515	-0.003754
0.165969	-0.003755
0.164765	-0.003751
0.163521	-0.003752
0.162195	-0.003751
0.161404	-0.003755
0.159641	-0.003749
0.158596	-0.003751
0.157636	-0.003758
0.155803	-0.003748
0.154880	-0.003749
0.153737	-0.003749
0.152105	-0.003742
0.150883	-0.003736
0.149786	-0.003734
0.149074	-0.003738
0.147458	-0.003737
0.146571	-0.003746
0.145205	-0.003748
0.143794	-0.003747
0.142156	-0.003739
0.141572	-0.003739
0.140219	-0.003744
0.138416	-0.003735
0.138006	-0.003735
0.136582	-0.003744
0.135033	-0.003738
0.134486	-0.003749
0.132433	-0.003743
0.131250	-0.003734
0.130737	-0.003745
0.128613	-0.003737
0.127632	-0.003730
0.127042	-0.003743
0.125099	-0.003737
0.124668	-0.003746
0.122988	-0.003755
0.120882	-0.003733
0.120952	-0.003741
0.119363	-0.003752
0.117588	-0.003744
0.116922	-0.003747
0.115391	-0.003745
0.113973	-0.003738
0.113659	-0.003753
0.111510	-0.003745
0.110639	-0.003747
0.109371	-0.003756
0.108088	-0.003751
0.106857	-0.003754
0.105139	-0.003744
0.104711	-0.003750
0.102826	-0.003744
0.101671	-0.003741
0.100815	-0.003747
0.099434	-0.003743
0.098096	-0.003742
0.096834	-0.003740
0.095981	-0.003742
0.094368	-0.003741
0.093289	-0.003742
0.091991	-0.003742
0.090707	-0.003737
0.089650	-0.003741
0.088623	-0.003749
0.086820	-0.003737
0.085534	-0.003735
0.084574	-0.003732
0.084104	-0.003744
0.081516	-0.003733
0.080987	-0.003731
0.080193	-0.003740
0.078610	-0.003747
0.077082	-0.003745
0.075637	-0.003737
0.074970	-0.003740
0.074185	-0.003763
0.071585	-0.003745
0.070919	-0.003739
0.070286	-0.003757
0.068468	-0.003754
0.067594	-0.003761
0.065507	-0.003745
0.064884	-0.003743
0.063811	-0.003750
0.062613	-0.003756
0.060945	-0.003752
0.059796	-0.003749
0.058564	-0.003744
0.057529	-0.003746
0.056147	-0.003744
0.055124	-0.003745
0.053831	-0.003747
0.052572	-0.003751
0.051084	-0.003749
0.049871	-0.003739
0.049037	-0.003745
0.047729	-0.003750
0.046363	-0.003746
0.045272	-0.003749
0.043787	-0.003748
0.043041	-0.003752
0.041196	-0.003749
0.039790	-0.003740
0.039280	-0.003745
0.037440	-0.003743
0.036463	-0.003741
0.035705	-0.003755
0.033392	-0.003739
0.032692	-0.003735
0.032120	-0.003750
0.030055	-0.003746
0.029086	-0.003746
0.028099	-0.003755
0.026577	-0.003751
0.025490	-0.003752
0.023968	-0.003751
0.022917	-0.003746
0.021832	-0.003752
0.020234	-0.003746
0.019406	-0.003747
0.017756	-0.003742
0.016295	-0.003727
0.016005	-0.003740
0.014336	-0.003739
0.013343	-0.003744
0.012139	-0.003753
0.010071	-0.003739
0.009236	-0.003734
0.008103	-0.003734
0.007207	-0.003741
0.005576	-0.003739
0.004143	-0.003733
0.003403	-0.003739
0.002052	-0.003740
0.000683	-0.003738
-0.000249	-0.003744
-0.001782	-0.003741
-0.002876	-0.003736
-0.004371	-0.003735
-0.004820	-0.003747
-0.006592	-0.003750
-0.008349	-0.003738
-0.008985	-0.003737
-0.009941	-0.003747
-0.011848	-0.003743
-0.012700	-0.003744
-0.013681	-0.003749
-0.015081	-0.003753
-0.016734	-0.003751
-0.017486	-0.003752
-0.018882	-0.003755
-0.020340	-0.003753
-0.021259	-0.003757
-0.022772	-0.003749
-0.023716	-0.003753
-0.025207	-0.003752
-0.025999	-0.003754
-0.027936	-0.003752
-0.028670	-0.003751
-0.029809	-0.003758
-0.031426	-0.003751
-0.032092	-0.003761
-0.033702	-0.003758
-0.035062	-0.003754
-0.036226	-0.003759
-0.037552	-0.003751
-0.038860	-0.003747
-0.039682	-0.003753
-0.040978	-0.003761
-0.042655	-0.003749
-0.043817	-0.003746
-0.045030	-0.003741
-0.046179	-0.003742
-0.047367	-0.003734
-0.048345	-0.003739
-0.049274	-0.003751
-0.050835	-0.003755
-0.052428	-0.003749
-0.053439	-0.003747
-0.054765	-0.003746
-0.056287	-0.003733
-0.057005	-0.003740
-0.058029	-0.003746
-0.059477	-0.003746
-0.060938	-0.003748
-0.062160	-0.003745
-0.063110	-0.003746
-0.064620	-0.003744
-0.065619	-0.003749
-0.067031	-0.003746
-0.068525	-0.003740
-0.069762	-0.003730
-0.070444	-0.003736
-0.071969	-0.003733
-0.072797	-0.003743
-0.074551	-0.003740
-0.075425	-0.003739
-0.076696	-0.003748
-0.077845	-0.003752
-0.079556	-0.003748
-0.080702	-0.003748
-0.082162	-0.003746
-0.083036	-0.003739
-0.084586	-0.003738
-0.085499	-0.003737
-0.086605	-0.003738
-0.088075	-0.003742
-0.089524	-0.003735
-0.090352	-0.003736
-0.091213	-0.003743
-0.092805	-0.003755
-0.094379	-0.003747
-0.094880	-0.003757
-0.096827	-0.003758
-0.097838	-0.003759
-0.099036	-0.003760
