1.199278	0.004746
1.197800	0.004813
1.196380	0.004899
1.195299	0.004906
1.193689	0.004900
1.192629	0.004994
1.191883	0.005041
1.190678	0.005145
1.189199	0.005104
1.188203	0.005092
1.186766	0.005066
1.185578	0.005094
1.184362	0.005090
1.182952	0.005058
1.181668	0.005054
1.180528	0.005054
1.180205	0.005048
1.179643	0.005054
1.178723	0.005039
1.178170	0.005010
1.176896	0.004982
1.176248	0.004944
1.173531	0.004924
1.173434	0.004884
1.172309	0.004849
1.171319	0.004808
1.169910	0.004770
1.168584	0.004733
1.167833	0.004690
1.166357	0.004645
1.164279	0.004618
1.163625	0.004582
1.162436	0.004547
1.161275	0.004510
1.160306	0.004468
1.158916	0.004427
1.157572	0.004389
1.156401	0.004350
1.154476	0.004323
1.153786	0.004282
1.152713	0.004243
1.151527	0.004205
1.150464	0.004160
1.148707	0.004123
1.148053	0.004080
1.146748	0.004042
1.145245	0.004003
1.144117	0.003964
1.142742	0.003929
1.141532	0.003892
1.140640	0.003848
1.139066	0.003806
1.137404	0.003779
1.136325	0.003748
1.135210	0.003713
1.134006	0.003676
1.133108	0.003637
1.131809	0.003598
1.130330	0.003562
1.129398	0.003520
1.128017	0.003481
1.126749	0.003445
1.125435	0.003410
1.124173	0.003377
1.123073	0.003338
1.121786	0.003301
1.120524	0.003265
1.119085	0.003236
1.117741	0.003208
1.116540	0.003179
1.115470	0.003144
1.114373	0.003107
1.113081	0.003072
1.111932	0.003035
1.110648	0.002999
1.109521	0.002959
1.108427	0.002915
1.106985	0.002878
1.105634	0.002842
1.104589	0.002805
1.103223	0.002769
1.102001	0.002734
1.100806	0.002698
1.099477	0.002664
1.097316	0.002644
1.096849	0.002614
1.096302	0.002563
1.094887	0.002519
1.093454	0.002482
1.092097	0.002448
1.090838	0.002413
1.089512	0.002382
1.088354	0.002348
1.087214	0.002313
1.085971	0.002278
1.084745	0.002243
1.083505	0.002208
1.082261	0.002174
1.080971	0.002141
1.079795	0.002105
1.078655	0.002070
1.077311	0.002036
1.076043	0.002002
1.074805	0.001969
1.073595	0.001935
1.072504	0.001898
1.071163	0.001865
1.069827	0.001831
1.068715	0.001798
1.067585	0.001762
1.066112	0.001728
1.064767	0.001698
1.063664	0.001667
1.062390	0.001634
1.061177	0.001602
1.059866	0.001570
1.058644	0.001539
1.057516	0.001507
1.056245	0.001474
1.055016	0.001442
1.053758	0.001411
1.052453	0.001378
1.051386	0.001343
1.050051	0.001311
1.048752	0.001280
1.047619	0.001247
1.046372	0.001215
1.045055	0.001184
1.043973	0.001151
1.042815	0.001116
1.041431	0.001084
1.040215	0.001051
1.038953	0.001020
1.037642	0.000990
1.036267	0.000964
1.035335	0.000933
1.034122	0.000899
1.032893	0.000865
1.031662	0.000832
1.030696	0.000793
1.028973	0.000766
1.027741	0.000738
1.026736	0.000706
1.025144	0.000680
1.023906	0.000653
1.022809	0.000624
1.021810	0.000588
1.020463	0.000554
1.019155	0.000522
1.017835	0.000492
1.016655	0.000461
1.015277	0.000433
1.014055	0.000405
1.012888	0.000375
1.011788	0.000343
1.010486	0.000312
1.009154	0.000285
1.007772	0.000257
1.006599	0.000233
1.005294	0.000208
1.004900	0.000196
1.004191	0.000176
1.000937	0.000159
1.000870	0.000107
0.997160	0.000132
0.998813	6.110184E-5
0.994220	7.174246E-5
0.996772	1.554292E-5
0.994801	-2.215785E-5
0.993463	-5.661751E-5
0.992201	-9.379849E-5
0.990770	-0.000125
0.989313	-0.000151
0.987996	-0.000175
0.986807	-0.000196
0.985729	-0.000224
0.984699	-0.000250
0.983263	-0.000279
0.982111	-0.000302
0.979073	-0.000259
0.978740	-0.000268
0.979504	-0.000355
0.977420	-0.000396
0.975914	-0.000426
0.973506	-0.000441
0.973451	-0.000481
0.970469	-0.000456
0.971672	-0.000530
0.969970	-0.000565
0.968464	-0.000594
0.967223	-0.000622
0.965833	-0.000646
0.964424	-0.000668
0.960892	-0.000661
0.962588	-0.000696
0.961231	-0.000727
0.956559	-0.000704
0.960003	-0.000741
0.957962	-0.000784
0.956409	-0.000817
0.954848	-0.000845
0.953677	-0.000872
0.952351	-0.000895
0.951062	-0.000918
0.948263	-0.000877
0.949919	-0.000938
0.948034	-0.000977
0.946185	-0.001003
0.945287	-0.001022
0.943753	-0.001049
0.942487	-0.001073
0.941394	-0.001102
0.939853	-0.001124
0.938616	-0.001146
0.934854	-0.001123
0.935166	-0.001119
0.934451	-0.001129
0.933434	-0.001152
0.934338	-0.001228
0.931906	-0.001263
0.927557	-0.001252
0.930390	-0.001284
0.928294	-0.001323
0.926714	-0.001355
0.922870	-0.001332
0.923652	-0.001339
0.923548	-0.001406
0.921642	-0.001435
0.917724	-0.001395
0.920545	-0.001437
0.917293	-0.001419
0.918091	-0.001495
0.915683	-0.001526
0.914125	-0.001553
0.913413	-0.001565
0.911720	-0.001592
0.910131	-0.001610
0.908881	-0.001630
0.904502	-0.001608
0.906690	-0.001661
0.905431	-0.001685
0.900854	-0.001662
0.901315	-0.001654
0.903738	-0.001701
0.901434	-0.001749
0.899625	-0.001781
0.897981	-0.001801
0.896707	-0.001819
0.895625	-0.001835
0.894354	-0.001859
0.891137	-0.001812
0.891971	-0.001835
0.889966	-0.001845
0.891311	-0.001893
0.886083	-0.001893
0.885896	-0.001897
0.885022	-0.001907
0.884445	-0.001930
0.883482	-0.001976
0.880750	-0.001962
0.882330	-0.002002
0.880228	-0.002043
0.878373	-0.002067
0.875458	-0.002056
0.876118	-0.002091
0.874553	-0.002102
0.872155	-0.002084
0.871709	-0.002094
0.870080	-0.002110
0.868940	-0.002115
0.868036	-0.002129
0.866832	-0.002145
0.866825	-0.002208
0.863391	-0.002194
0.862471	-0.002195
0.863470	-0.002226
0.861723	-0.002279
0.859791	-0.002304
0.856384	-0.002279
0.856308	-0.002279
0.855443	-0.002285
0.854059	-0.002292
0.852940	-0.002300
0.851840	-0.002312
0.852785	-0.002376
0.847465	-0.002374
0.847511	-0.002369
0.846777	-0.002376
0.845787	-0.002392
0.845634	-0.002443
0.843419	-0.002455
0.841842	-0.002446
0.839856	-0.002456
0.840275	-0.002515
0.836699	-0.002501
0.836965	-0.002534
0.835486	-0.002534
0.832938	-0.002526
0.834545	-0.002558
0.831765	-0.002568
0.830487	-0.002555
0.829992	-0.002598
0.829106	-0.002624
0.826060	-0.002617
0.825971	-0.002633
0.824192	-0.002615
0.824220	-0.002640
0.821445	-0.002641
0.821164	-0.002651
0.820434	-0.002678
0.819325	-0.002715
0.816376	-0.002691
0.815744	-0.002695
0.815047	-0.002711
0.813128	-0.002724
0.814808	-0.002771
0.809947	-0.002763
0.810732	-0.002815
0.808483	-0.002826
0.807508	-0.002844
0.806265	-0.002851
0.804789	-0.002859
0.801907	-0.002812
0.804385	-0.002857
0.801816	-0.002881
0.800236	-0.002899
0.798708	-0.002906
0.797865	-0.002922
0.796297	-0.002933
0.795145	-0.002944
0.793608	-0.002949
0.790647	-0.002921
0.791744	-0.002959
0.788511	-0.002928
0.788426	-0.002971
0.786116	-0.002949
0.785587	-0.002959
0.783778	-0.002966
0.784679	-0.003001
0.782357	-0.002991
0.779974	-0.002993
0.780997	-0.003024
0.778669	-0.003008
0.779081	-0.003044
0.777890	-0.003053
0.774165	-0.003027
0.775518	-0.003067
0.773233	-0.003085
0.770067	-0.003049
0.770183	-0.003052
0.770623	-0.003098
0.766165	-0.003081
0.766614	-0.003085
0.766379	-0.003140
0.764454	-0.003152
0.762691	-0.003145
0.759717	-0.003116
0.759314	-0.003120
0.758950	-0.003120
0.757832	-0.003127
0.758819	-0.003177
0.756564	-0.003188
0.751834	-0.003163
0.752689	-0.003160
0.751415	-0.003165
0.749582	-0.003173
0.749976	-0.003210
0.746948	-0.003181
0.746178	-0.003174
0.747721	-0.003229
0.743586	-0.003228
0.740794	-0.003175
0.742596	-0.003210
0.740922	-0.003230
0.739999	-0.003237
0.736461	-0.003232
0.736864	-0.003237
0.734572	-0.003257
0.735205	-0.003283
0.734535	-0.003299
0.730899	-0.003266
0.730380	-0.003264
0.731825	-0.003310
0.727394	-0.003314
0.728186	-0.003326
0.724167	-0.003302
0.724018	-0.003294
0.723572	-0.003304
0.723321	-0.003345
0.720229	-0.003314
0.718802	-0.003325
0.719233	-0.003368
0.715935	-0.003338
0.715508	-0.003335
0.715337	-0.003380
0.713436	-0.003386
0.712635	-0.003386
0.710976	-0.003391
0.709784	-0.003396
0.708516	-0.003407
0.707129	-0.003406
0.706047	-0.003413
0.704620	-0.003414
0.703318	-0.003411
0.702228	-0.003413
0.701989	-0.003433
0.699169	-0.003430
0.698151	-0.003425
0.697167	-0.003426
0.696229	-0.003429
0.695725	-0.003454
0.693791	-0.003462
0.692345	-0.003464
0.690824	-0.003461
0.690216	-0.003470
0.688813	-0.003477
0.687304	-0.003473
0.685886	-0.003473
0.685226	-0.003475
0.683945	-0.003485
0.682723	-0.003492
0.681623	-0.003502
0.680227	-0.003507
0.678494	-0.003506
0.677681	-0.003508
0.676294	-0.003510
0.675448	-0.003519
0.673733	-0.003523
0.672667	-0.003526
0.671374	-0.003526
0.670088	-0.003532
0.668988	-0.003537
0.667249	-0.003529
0.666342	-0.003529
0.665627	-0.003539
0.664138	-0.003542
0.662724	-0.003545
0.661465	-0.003547
0.660569	-0.003553
0.658757	-0.003553
0.657862	-0.003553
0.656967	-0.003563
0.655298	-0.003563
0.654094	-0.003570
0.652741	-0.003566
0.651931	-0.003573
0.650253	-0.003579
0.648982	-0.003571
0.648371	-0.003580
0.646336	-0.003575
0.645380	-0.003570
0.644918	-0.003585
0.642547	-0.003579
0.641612	-0.003575
0.640952	-0.003588
0.638996	-0.003582
0.638275	-0.003590
0.636659	-0.003587
0.635705	-0.003591
0.634052	-0.003584
0.633413	-0.003589
0.631751	-0.003588
0.630886	-0.003588
0.629857	-0.003597
0.628769	-0.003606
0.627265	-0.003607
0.626123	-0.003612
0.624796	-0.003618
0.623467	-0.003615
0.622068	-0.003613
0.621209	-0.003618
0.619580	-0.003613
0.618884	-0.003619
0.617402	-0.003624
0.616188	-0.003624
0.614526	-0.003619
0.613701	-0.003622
0.612476	-0.003624
0.611107	-0.003624
0.609668	-0.003620
0.608739	-0.003620
0.607953	-0.003633
0.606016	-0.003629
0.604717	-0.003633
0.604375	-0.003644
0.602444	-0.003643
0.601063	-0.003637
0.600229	-0.003642
0.598239	-0.003637
0.597772	-0.003645
0.596476	-0.003645
0.594964	-0.003645
0.594484	-0.003659
0.592626	-0.003657
0.591453	-0.003655
0.589848	-0.003653
0.589075	-0.003654
0.588088	-0.003660
0.586166	-0.003654
0.585454	-0.003660
0.584021	-0.003658
0.582946	-0.003665
0.581656	-0.003667
0.580348	-0.003667
0.579594	-0.003678
0.577565	-0.003671
0.576413	-0.003663
0.575413	-0.003666
0.574075	-0.003667
0.573161	-0.003667
0.572190	-0.003671
0.570824	-0.003678
0.569079	-0.003679
0.568025	-0.003680
0.566589	-0.003672
0.565711	-0.003675
0.564477	-0.003681
0.563151	-0.003681
0.562081	-0.003687
0.560563	-0.003687
0.559661	-0.003692
0.557748	-0.003682
0.557082	-0.003686
0.555985	-0.003695
0.554259	-0.003694
0.552850	-0.003686
0.552120	-0.003689
0.550803	-0.003690
0.549446	-0.003692
0.548077	-0.003689
0.547005	-0.003688
0.545223	-0.003676
0.544927	-0.003683
0.543711	-0.003699
0.541847	-0.003694
0.540863	-0.003696
0.539555	-0.003694
0.538583	-0.003699
0.536957	-0.003700
0.535857	-0.003696
0.534354	-0.003688
0.533728	-0.003698
0.532297	-0.003702
0.530898	-0.003697
0.529523	-0.003693
0.528893	-0.003701
0.527445	-0.003703
0.526021	-0.003704
0.524698	-0.003699
0.523821	-0.003705
0.522287	-0.003702
0.521043	-0.003706
0.520011	-0.003705
0.518862	-0.003711
0.517102	-0.003703
0.516692	-0.003711
0.515231	-0.003717
0.513630	-0.003716
0.512597	-0.003717
0.511332	-0.003723
0.509948	-0.003722
0.508567	-0.003720
0.507458	-0.003718
0.506217	-0.003717
0.505071	-0.003719
0.503904	-0.003719
0.502560	-0.003720
0.501148	-0.003715
0.500026	-0.003717
0.498862	-0.003716
0.497414	-0.003711
0.496470	-0.003712
0.495589	-0.003721
0.494230	-0.003727
0.492277	-0.003716
0.491605	-0.003718
0.490639	-0.003728
0.488821	-0.003723
0.487932	-0.003728
0.486755	-0.003725
0.485405	-0.003730
0.484231	-0.003733
0.482924	-0.003733
0.481686	-0.003731
0.480326	-0.003732
0.479782	-0.003741
0.477695	-0.003738
0.476149	-0.003718
0.476397	-0.003744
0.473845	-0.003730
0.472974	-0.003728
0.471761	-0.003734
0.470514	-0.003726
0.469332	-0.003731
0.467743	-0.003721
0.467419	-0.003731
0.465408	-0.003730
0.464403	-0.003731
0.463147	-0.003733
0.461980	-0.003734
0.460315	-0.003728
0.459749	-0.003732
0.458313	-0.003733
0.457149	-0.003738
0.455881	-0.003742
0.454628	-0.003741
0.452911	-0.003736
0.452599	-0.003742
0.451160	-0.003754
0.449293	-0.003747
0.448214	-0.003743
0.447233	-0.003744
0.445953	-0.003747
0.444605	-0.003742
0.443597	-0.003747
0.442258	-0.003745
0.440963	-0.003747
0.439790	-0.003745
0.438506	-0.003743
0.437531	-0.003748
0.435912	-0.003747
0.434897	-0.003749
0.433366	-0.003746
0.432541	-0.003747
0.430781	-0.003742
0.429978	-0.003744
0.428294	-0.003739
0.427441	-0.003741
0.426302	-0.003745
0.424676	-0.003740
0.423616	-0.003740
0.422387	-0.003740
0.421361	-0.003743
0.419943	-0.003743
0.418858	-0.003745
0.417458	-0.003744
0.416126	-0.003741
0.415057	-0.003744
0.414177	-0.003747
0.412368	-0.003743
0.411637	-0.003748
0.409902	-0.003740
0.408579	-0.003731
0.407219	-0.003716
0.407207	-0.003738
0.404872	-0.003729
0.404056	-0.003729
0.403473	-0.003749
0.401541	-0.003746
0.400014	-0.003741
0.398412	-0.003728
0.398165	-0.003730
0.397245	-0.003748
0.395066	-0.003745
0.393890	-0.003734
0.393477	-0.003749
0.391833	-0.003760
0.389939	-0.003749
0.388769	-0.003736
0.388127	-0.003746
0.386859	-0.003749
0.385114	-0.003746
0.384099	-0.003742
0.383195	-0.003751
0.381902	-0.003753
0.380442	-0.003756
0.379192	-0.003752
0.378236	-0.003755
0.376720	-0.003754
0.375647	-0.003759
0.374110	-0.003753
0.373099	-0.003751
0.372179	-0.003759
0.370609	-0.003758
0.369612	-0.003759
0.368216	-0.003762
0.366719	-0.003757
0.365545	-0.003751
0.364699	-0.003755
0.363208	-0.003758
0.361964	-0.003757
0.360873	-0.003756
0.359425	-0.003757
0.358499	-0.003759
0.356980	-0.003758
0.355840	-0.003755
0.354502	-0.003756
0.353231	-0.003750
0.352054	-0.003752
0.350777	-0.003752
0.350001	-0.003761
0.348223	-0.003754
0.347193	-0.003757
0.345818	-0.003754
0.345036	-0.003760
0.343220	-0.003755
0.342261	-0.003757
0.340975	-0.003753
0.339654	-0.003755
0.338221	-0.003751
0.337121	-0.003739
0.336296	-0.003748
0.334741	-0.003748
0.333989	-0.003753
0.332550	-0.003755
0.331380	-0.003760
0.329846	-0.003755
0.328614	-0.003752
0.326946	-0.003738
0.326778	-0.003747
0.325122	-0.003753
0.323380	-0.003744
0.322582	-0.003740
0.322011	-0.003758
0.319606	-0.003749
0.318674	-0.003743
0.317922	-0.003745
0.316783	-0.003760
0.314729	-0.003748
0.313806	-0.003746
0.312813	-0.003747
0.311322	-0.003748
0.310225	-0.003745
0.309055	-0.003748
0.307609	-0.003744
0.306720	-0.003750
0.305247	-0.003752
0.304230	-0.003755
0.303096	-0.003764
0.301813	-0.003767
0.300062	-0.003765
0.298986	-0.003760
0.297633	-0.003755
0.297043	-0.003765
0.295142	-0.003760
0.293984	-0.003754
0.293275	-0.003760
0.291796	-0.003762
0.290271	-0.003759
0.289242	-0.003753
0.288349	-0.003762
0.286941	-0.003766
0.285605	-0.003765
0.284463	-0.003762
0.283075	-0.003764
0.282006	-0.003767
0.280212	-0.003756
0.279555	-0.003755
0.278635	-0.003770
0.276536	-0.003760
0.275787	-0.003756
0.274577	-0.003766
0.273557	-0.003773
0.271543	-0.003761
0.270929	-0.003766
0.269652	-0.003769
0.268524	-0.003771
0.266544	-0.003763
0.265740	-0.003763
0.264637	-0.003762
0.263045	-0.003758
0.262284	-0.003761
0.260815	-0.003758
0.259525	-0.003755
0.258174	-0.003753
0.257472	-0.003756
0.256112	-0.003760
0.254721	-0.003762
0.253524	-0.003761
0.252451	-0.003763
0.251162	-0.003767
0.249903	-0.003770
0.248439	-0.003764
0.247091	-0.003760
0.246260	-0.003760
0.244870	-0.003757
0.243782	-0.003763
0.241995	-0.003755
0.241377	-0.003756
0.240283	-0.003768
0.238529	-0.003763
0.237851	-0.003772
0.235813	-0.003761
0.234997	-0.003762
0.234016	-0.003774
0.232360	-0.003770
0.230982	-0.003764
0.230111	-0.003769
0.228479	-0.003761
0.227856	-0.003765
0.226533	-0.003773
0.224913	-0.003769
0.223874	-0.003768
0.222878	-0.003771
0.221075	-0.003766
0.220308	-0.003768
0.218548	-0.003760
0.217696	-0.003763
0.216510	-0.003761
0.215486	-0.003767
0.213833	-0.003768
0.212758	-0.003763
0.211917	-0.003772
0.210197	-0.003770
0.209143	-0.003775
0.207859	-0.003772
0.206616	-0.003772
0.205342	-0.003771
0.204284	-0.003773
0.202872	-0.003772
0.201369	-0.003769
0.200437	-0.003764
0.199016	-0.003762
0.197990	-0.003764
0.196923	-0.003765
0.195343	-0.003761
0.194408	-0.003766
0.193186	-0.003768
0.191799	-0.003769
0.190363	-0.003766
0.189345	-0.003768
0.188101	-0.003764
0.186738	-0.003765
0.185275	-0.003757
0.184743	-0.003767
0.182864	-0.003755
0.182366	-0.003771
0.180875	-0.003774
0.179234	-0.003768
0.178033	-0.003766
0.177217	-0.003768
0.175579	-0.003765
0.174458	-0.003760
0.173364	-0.003760
0.172331	-0.003766
0.170595	-0.003762
0.169715	-0.003767
0.168514	-0.003766
0.167362	-0.003771
0.165990	-0.003770
0.165037	-0.003778
0.163298	-0.003777
0.161954	-0.003767
0.160997	-0.003771
0.159509	-0.003763
0.158638	-0.003764
0.157456	-0.003773
0.155809	-0.003768
0.154385	-0.003754
0.153841	-0.003758
0.152884	-0.003773
0.150914	-0.003768
0.149532	-0.003761
0.148848	-0.003764
0.147894	-0.003776
0.145731	-0.003768
0.144973	-0.003769
0.144167	-0.003777
0.142208	-0.003774
0.141193	-0.003773
0.140161	-0.003779
0.138807	-0.003775
0.137343	-0.003774
0.135971	-0.003763
0.135531	-0.003771
0.133994	-0.003778
0.132231	-0.003770
0.131357	-0.003762
0.130544	-0.003773
0.129126	-0.003777
0.127440	-0.003770
0.126285	-0.003761
0.125542	-0.003774
0.124045	-0.003770
0.122774	-0.003769
0.121249	-0.003763
0.120735	-0.003773
0.118942	-0.003770
0.117649	-0.003768
0.116616	-0.003768
0.115467	-0.003769
0.114071	-0.003770
0.112797	-0.003769
0.111828	-0.003769
0.110334	-0.003771
0.109051	-0.003767
0.108036	-0.003771
0.106395	-0.003763
0.105741	-0.003769
0.104088	-0.003767
0.103159	-0.003767
0.101644	-0.003768
0.100336	-0.003763
0.099275	-0.003760
0.098258	-0.003756
0.096929	-0.003759
0.096036	-0.003768
0.094078	-0.003759
0.093301	-0.003759
0.091722	-0.003759
0.090891	-0.003759
0.089574	-0.003762
0.088354	-0.003766
0.087141	-0.003767
0.085736	-0.003762
0.084611	-0.003769
0.083432	-0.003768
0.081986	-0.003769
0.080633	-0.003759
0.080202	-0.003773
0.078212	-0.003770
0.076960	-0.003769
0.075682	-0.003763
0.074839	-0.003766
0.073360	-0.003770
0.072019	-0.003766
0.071007	-0.003769
0.069452	-0.003762
0.068749	-0.003772
0.067340	-0.003776
0.065770	-0.003770
0.064850	-0.003775
0.063392	-0.003769
0.062451	-0.003771
0.060590	-0.003766
0.060181	-0.003772
0.058760	-0.003778
0.057015	-0.003765
0.056419	-0.003771
0.054821	-0.003767
0.053868	-0.003771
0.052453	-0.003775
0.051047	-0.003770
0.050079	-0.003774
0.048734	-0.003772
0.047619	-0.003778
0.046155	-0.003770
0.045235	-0.003774
0.043692	-0.003772
0.042840	-0.003776
0.041077	-0.003774
0.039518	-0.003756
0.039805	-0.003776
0.037187	-0.003773
0.036130	-0.003760
0.035466	-0.003770
0.034070	-0.003769
0.032780	-0.003772
0.031445	-0.003772
0.030183	-0.003770
0.028692	-0.003761
0.027665	-0.003762
0.026269	-0.003754
0.025557	-0.003757
0.024166	-0.003764
0.022908	-0.003765
0.021569	-0.003761
0.020316	-0.003765
0.019317	-0.003769
0.017954	-0.003767
0.016463	-0.003763
0.015638	-0.003766
0.014257	-0.003767
0.012925	-0.003766
0.011690	-0.003769
0.010501	-0.003765
0.009582	-0.003772
0.007638	-0.003764
0.007317	-0.003771
0.005417	-0.003770
0.004375	-0.003769
0.003531	-0.003783
0.001741	-0.003774
0.000497	-0.003775
-0.000646	-0.003770
-0.001700	-0.003772
-0.003057	-0.003770
-0.004093	-0.003776
-0.005474	-0.003775
-0.006653	-0.003776
-0.008019	-0.003778
-0.009040	-0.003778
-0.010626	-0.003773
-0.011503	-0.003777
-0.013049	-0.003775
-0.014207	-0.003770
-0.015292	-0.003775
-0.016526	-0.003771
-0.017712	-0.003776
-0.019246	-0.003771
-0.019891	-0.003777
-0.021819	-0.003771
-0.022570	-0.003770
-0.024089	-0.003768
-0.025369	-0.003763
-0.026185	-0.003765
-0.027799	-0.003764
-0.028792	-0.003764
-0.030014	-0.003766
-0.031331	-0.003764
-0.032318	-0.003770
-0.033831	-0.003768
-0.034766	-0.003771
-0.036312	-0.003771
-0.037562	-0.003769
-0.038616	-0.003765
-0.039753	-0.003777
-0.041360	-0.003774
-0.042350	-0.003774
-0.044046	-0.003764
-0.044620	-0.003775
-0.046386	-0.003764
-0.047771	-0.003756
-0.048651	-0.003755
-0.049234	-0.003771
-0.051129	-0.003772
-0.052531	-0.003769
-0.053729	-0.003763
-0.054560	-0.003765
-0.055945	-0.003772
-0.056977	-0.003777
-0.058649	-0.003769
-0.059673	-0.003772
-0.060705	-0.003780
-0.061928	-0.003781
-0.063972	-0.003769
-0.064452	-0.003772
-0.065607	-0.003780
-0.067263	-0.003770
-0.068140	-0.003778
-0.069643	-0.003771
-0.070572	-0.003777
-0.072439	-0.003770
-0.072977	-0.003774
-0.074716	-0.003771
-0.075525	-0.003775
-0.076876	-0.003779
-0.077958	-0.003780
-0.079843	-0.003773
-0.080531	-0.003775
-0.081698	-0.003780
-0.083373	-0.003776
-0.084225	-0.003780
-0.085670	-0.003777
-0.086853	-0.003776
-0.088246	-0.003773
-0.089166	-0.003777
-0.090673	-0.003774
-0.091812	-0.003774
-0.093175	-0.003770
-0.094312	-0.003770
-0.095559	-0.003767
-0.096814	-0.003766
-0.097860	-0.003763
-0.098611	-0.003779
