    0.000000    -0.020000
    0.001101    -0.020000
    0.002202    -0.020000
    0.003303    -0.020000
    0.004404    -0.020000
    0.005506    -0.020000
    0.006607    -0.020000
    0.007708    -0.019999
    0.008809    -0.019999
    0.009910    -0.019999
    0.011011    -0.019999
    0.012112    -0.019999
    0.013213    -0.019999
    0.014314    -0.019999
    0.015415    -0.019999
    0.016517    -0.019999
    0.017618    -0.019999
    0.018719    -0.019999
    0.019820    -0.019999
    0.020921    -0.019998
    0.022022    -0.019998
    0.023123    -0.019998
    0.024224    -0.019998
    0.025325    -0.019998
    0.026426    -0.019998
    0.027528    -0.019998
    0.028629    -0.019998
    0.029730    -0.019998
    0.030831    -0.019998
    0.031932    -0.019997
    0.033033    -0.019997
    0.034134    -0.019997
    0.035235    -0.019997
    0.036336    -0.019997
    0.037437    -0.019997
    0.038539    -0.019997
    0.039640    -0.019997
    0.040741    -0.019997
    0.041842    -0.019997
    0.042943    -0.019996
    0.044044    -0.019996
    0.045145    -0.019996
    0.046246    -0.019996
    0.047347    -0.019996
    0.048448    -0.019996
    0.049550    -0.019996
    0.050651    -0.019996
    0.051752    -0.019996
    0.052853    -0.019995
    0.053954    -0.019995
    0.055055    -0.019995
    0.056156    -0.019995
    0.057257    -0.019995
    0.058358    -0.019995
    0.059459    -0.019995
    0.060561    -0.019995
    0.061662    -0.019995
    0.062763    -0.019994
    0.063864    -0.019994
    0.064965    -0.019994
    0.066066    -0.019994
    0.067167    -0.019994
    0.068268    -0.019994
    0.069369    -0.019994
    0.070470    -0.019993
    0.071572    -0.019993
    0.072673    -0.019993
    0.073774    -0.019993
    0.074875    -0.019993
    0.075976    -0.019993
    0.077077    -0.019993
    0.078178    -0.019993
    0.079279    -0.019992
    0.080380    -0.019992
    0.081481    -0.019992
    0.082583    -0.019992
    0.083684    -0.019992
    0.084785    -0.019992
    0.085886    -0.019992
    0.086987    -0.019991
    0.088088    -0.019991
    0.089189    -0.019991
    0.090290    -0.019991
    0.091391    -0.019991
    0.092492    -0.019991
    0.093594    -0.019990
    0.094695    -0.019990
    0.095796    -0.019990
    0.096897    -0.019990
    0.097998    -0.019990
    0.099099    -0.019990
    0.100200    -0.019990
    0.101301    -0.019989
    0.102402    -0.019989
    0.103504    -0.019989
    0.104605    -0.019989
    0.105706    -0.019989
    0.106807    -0.019988
    0.107908    -0.019988
    0.109009    -0.019988
    0.110110    -0.019988
    0.111211    -0.019988
    0.112312    -0.019988
    0.113413    -0.019987
    0.114515    -0.019987
    0.115616    -0.019987
    0.116717    -0.019987
    0.117818    -0.019987
    0.118919    -0.019986
    0.120020    -0.019986
    0.121121    -0.019986
    0.122222    -0.019986
    0.123323    -0.019986
    0.124424    -0.019986
    0.125526    -0.019985
    0.126627    -0.019985
    0.127728    -0.019985
    0.128829    -0.019985
    0.129930    -0.019984
    0.131031    -0.019984
    0.132132    -0.019984
    0.133233    -0.019984
    0.134334    -0.019984
    0.135435    -0.019983
    0.136537    -0.019983
    0.137638    -0.019983
    0.138739    -0.019983
    0.139840    -0.019983
    0.140941    -0.019982
    0.142042    -0.019982
    0.143143    -0.019982
    0.144244    -0.019982
    0.145345    -0.019981
    0.146446    -0.019981
    0.147548    -0.019981
    0.148649    -0.019981
    0.149750    -0.019980
    0.150851    -0.019980
    0.151952    -0.019980
    0.153053    -0.019980
    0.154154    -0.019979
    0.155255    -0.019979
    0.156356    -0.019979
    0.157457    -0.019979
    0.158559    -0.019978
    0.159660    -0.019978
    0.160761    -0.019978
    0.161862    -0.019978
    0.162963    -0.019977
    0.164064    -0.019977
    0.165165    -0.019977
    0.166266    -0.019977
    0.167367    -0.019976
    0.168468    -0.019976
    0.169570    -0.019976
    0.170671    -0.019975
    0.171772    -0.019975
    0.172873    -0.019975
    0.173974    -0.019975
    0.175075    -0.019974
    0.176176    -0.019974
    0.177277    -0.019974
    0.178378    -0.019973
    0.179479    -0.019973
    0.180581    -0.019973
    0.181682    -0.019972
    0.182783    -0.019972
    0.183884    -0.019972
    0.184985    -0.019972
    0.186086    -0.019971
    0.187187    -0.019971
    0.188288    -0.019971
    0.189389    -0.019970
    0.190490    -0.019970
    0.191592    -0.019970
    0.192693    -0.019969
    0.193794    -0.019969
    0.194895    -0.019969
    0.195996    -0.019968
    0.197097    -0.019968
    0.198198    -0.019968
    0.199299    -0.019967
    0.200400    -0.019967
    0.201502    -0.019966
    0.202603    -0.019966
    0.203704    -0.019966
    0.204805    -0.019965
    0.205906    -0.019965
    0.207007    -0.019965
    0.208108    -0.019964
    0.209209    -0.019964
    0.210310    -0.019963
    0.211411    -0.019963
    0.212513    -0.019963
    0.213614    -0.019962
    0.214715    -0.019962
    0.215816    -0.019962
    0.216917    -0.019961
    0.218018    -0.019961
    0.219119    -0.019960
    0.220220    -0.019960
    0.221321    -0.019959
    0.222422    -0.019959
    0.223524    -0.019959
    0.224625    -0.019958
    0.225726    -0.019958
    0.226827    -0.019957
    0.227928    -0.019957
    0.229029    -0.019956
    0.230130    -0.019956
    0.231231    -0.019956
    0.232332    -0.019955
    0.233433    -0.019955
    0.234535    -0.019954
    0.235636    -0.019954
    0.236737    -0.019953
    0.237838    -0.019953
    0.238939    -0.019952
    0.240040    -0.019952
    0.241141    -0.019951
    0.242242    -0.019951
    0.243343    -0.019950
    0.244444    -0.019950
    0.245546    -0.019949
    0.246647    -0.019949
    0.247748    -0.019948
    0.248849    -0.019948
    0.249950    -0.019947
    0.251051    -0.019947
    0.252152    -0.019946
    0.253253    -0.019946
    0.254354    -0.019945
    0.255455    -0.019945
    0.256557    -0.019944
    0.257658    -0.019943
    0.258759    -0.019943
    0.259860    -0.019942
    0.260961    -0.019942
    0.262062    -0.019941
    0.263163    -0.019941
    0.264264    -0.019940
    0.265365    -0.019939
    0.266466    -0.019939
    0.267568    -0.019938
    0.268669    -0.019938
    0.269770    -0.019937
    0.270871    -0.019936
    0.271972    -0.019936
    0.273073    -0.019935
    0.274174    -0.019935
    0.275275    -0.019934
    0.276376    -0.019933
    0.277477    -0.019933
    0.278579    -0.019932
    0.279680    -0.019931
    0.280781    -0.019931
    0.281882    -0.019930
    0.282983    -0.019929
    0.284084    -0.019929
    0.285185    -0.019928
    0.286286    -0.019927
    0.287387    -0.019927
    0.288488    -0.019926
    0.289590    -0.019925
    0.290691    -0.019924
    0.291792    -0.019924
    0.292893    -0.019923
    0.293994    -0.019922
    0.295095    -0.019922
    0.296196    -0.019921
    0.297297    -0.019920
    0.298398    -0.019919
    0.299499    -0.019919
    0.300601    -0.019918
    0.301702    -0.019917
    0.302803    -0.019916
    0.303904    -0.019915
    0.305005    -0.019915
    0.306106    -0.019914
    0.307207    -0.019913
    0.308308    -0.019912
    0.309409    -0.019911
    0.310511    -0.019910
    0.311612    -0.019910
    0.312713    -0.019909
    0.313814    -0.019908
    0.314915    -0.019907
    0.316016    -0.019906
    0.317117    -0.019905
    0.318218    -0.019904
    0.319319    -0.019904
    0.320420    -0.019903
    0.321522    -0.019902
    0.322623    -0.019901
    0.323724    -0.019900
    0.324825    -0.019899
    0.325926    -0.019898
    0.327027    -0.019897
    0.328128    -0.019896
    0.329229    -0.019895
    0.330330    -0.019894
    0.331431    -0.019893
    0.332533    -0.019892
    0.333634    -0.019891
    0.334735    -0.019890
    0.335836    -0.019889
    0.336937    -0.019888
    0.338038    -0.019887
    0.339139    -0.019886
    0.340240    -0.019885
    0.341341    -0.019884
    0.342442    -0.019883
    0.343544    -0.019882
    0.344645    -0.019881
    0.345746    -0.019880
    0.346847    -0.019879
    0.347948    -0.019877
    0.349049    -0.019876
    0.350150    -0.019875
    0.351251    -0.019874
    0.352352    -0.019873
    0.353453    -0.019872
    0.354555    -0.019871
    0.355656    -0.019869
    0.356757    -0.019868
    0.357858    -0.019867
    0.358959    -0.019866
    0.360060    -0.019865
    0.361161    -0.019863
    0.362262    -0.019862
    0.363363    -0.019861
    0.364464    -0.019860
    0.365566    -0.019858
    0.366667    -0.019857
    0.367768    -0.019856
    0.368869    -0.019854
    0.369970    -0.019853
    0.371071    -0.019852
    0.372172    -0.019850
    0.373273    -0.019849
    0.374374    -0.019848
    0.375475    -0.019846
    0.376577    -0.019845
    0.377678    -0.019844
    0.378779    -0.019842
    0.379880    -0.019841
    0.380981    -0.019839
    0.382082    -0.019838
    0.383183    -0.019836
    0.384284    -0.019835
    0.385385    -0.019833
    0.386486    -0.019832
    0.387588    -0.019830
    0.388689    -0.019829
    0.389790    -0.019827
    0.390891    -0.019826
    0.391992    -0.019824
    0.393093    -0.019823
    0.394194    -0.019821
    0.395295    -0.019820
    0.396396    -0.019818
    0.397497    -0.019816
    0.398599    -0.019815
    0.399700    -0.019813
    0.400801    -0.019811
    0.401902    -0.019810
    0.403003    -0.019808
    0.404104    -0.019806
    0.405205    -0.019804
    0.406306    -0.019803
    0.407407    -0.019801
    0.408509    -0.019799
    0.409610    -0.019797
    0.410711    -0.019796
    0.411812    -0.019794
    0.412913    -0.019792
    0.414014    -0.019790
    0.415115    -0.019788
    0.416216    -0.019786
    0.417317    -0.019784
    0.418418    -0.019782
    0.419520    -0.019781
    0.420621    -0.019779
    0.421722    -0.019777
    0.422823    -0.019775
    0.423924    -0.019773
    0.425025    -0.019771
    0.426126    -0.019769
    0.427227    -0.019767
    0.428328    -0.019764
    0.429429    -0.019762
    0.430531    -0.019760
    0.431632    -0.019758
    0.432733    -0.019756
    0.433834    -0.019754
    0.434935    -0.019752
    0.436036    -0.019749
    0.437137    -0.019747
    0.438238    -0.019745
    0.439339    -0.019743
    0.440440    -0.019740
    0.441542    -0.019738
    0.442643    -0.019736
    0.443744    -0.019734
    0.444845    -0.019731
    0.445946    -0.019729
    0.447047    -0.019726
    0.448148    -0.019724
    0.449249    -0.019722
    0.450350    -0.019719
    0.451451    -0.019717
    0.452553    -0.019714
    0.453654    -0.019712
    0.454755    -0.019709
    0.455856    -0.019707
    0.456957    -0.019704
    0.458058    -0.019701
    0.459159    -0.019699
    0.460260    -0.019696
    0.461361    -0.019693
    0.462462    -0.019691
    0.463564    -0.019688
    0.464665    -0.019685
    0.465766    -0.019682
    0.466867    -0.019680
    0.467968    -0.019677
    0.469069    -0.019674
    0.470170    -0.019671
    0.471271    -0.019668
    0.472372    -0.019665
    0.473473    -0.019662
    0.474575    -0.019660
    0.475676    -0.019657
    0.476777    -0.019654
    0.477878    -0.019650
    0.478979    -0.019647
    0.480080    -0.019644
    0.481181    -0.019641
    0.482282    -0.019638
    0.483383    -0.019635
    0.484484    -0.019632
    0.485586    -0.019628
    0.486687    -0.019625
    0.487788    -0.019622
    0.488889    -0.019619
    0.489990    -0.019615
    0.491091    -0.019612
    0.492192    -0.019609
    0.493293    -0.019605
    0.494394    -0.019602
    0.495495    -0.019598
    0.496597    -0.019595
    0.497698    -0.019591
    0.498799    -0.019588
    0.499900    -0.019584
    0.501001    -0.019580
    0.502102    -0.019577
    0.503203    -0.019573
    0.504304    -0.019569
    0.505405    -0.019566
    0.506507    -0.019562
    0.507608    -0.019558
    0.508709    -0.019554
    0.509810    -0.019550
    0.510911    -0.019546
    0.512012    -0.019542
    0.513113    -0.019538
    0.514214    -0.019534
    0.515315    -0.019530
    0.516416    -0.019526
    0.517518    -0.019522
    0.518619    -0.019518
    0.519720    -0.019514
    0.520821    -0.019509
    0.521922    -0.019505
    0.523023    -0.019501
    0.524124    -0.019497
    0.525225    -0.019492
    0.526326    -0.019488
    0.527427    -0.019483
    0.528529    -0.019479
    0.529630    -0.019474
    0.530731    -0.019470
    0.531832    -0.019465
    0.532933    -0.019460
    0.534034    -0.019456
    0.535135    -0.019451
    0.536236    -0.019446
    0.537337    -0.019441
    0.538438    -0.019437
    0.539540    -0.019432
    0.540641    -0.019427
    0.541742    -0.019422
    0.542843    -0.019417
    0.543944    -0.019412
    0.545045    -0.019407
    0.546146    -0.019402
    0.547247    -0.019396
    0.548348    -0.019391
    0.549449    -0.019386
    0.550551    -0.019381
    0.551652    -0.019375
    0.552753    -0.019370
    0.553854    -0.019364
    0.554955    -0.019359
    0.556056    -0.019353
    0.557157    -0.019348
    0.558258    -0.019342
    0.559359    -0.019336
    0.560460    -0.019331
    0.561562    -0.019325
    0.562663    -0.019319
    0.563764    -0.019313
    0.564865    -0.019307
    0.565966    -0.019301
    0.567067    -0.019295
    0.568168    -0.019289
    0.569269    -0.019283
    0.570370    -0.019277
    0.571471    -0.019270
    0.572573    -0.019264
    0.573674    -0.019258
    0.574775    -0.019251
    0.575876    -0.019245
    0.576977    -0.019238
    0.578078    -0.019232
    0.579179    -0.019225
    0.580280    -0.019218
    0.581381    -0.019211
    0.582482    -0.019205
    0.583584    -0.019198
    0.584685    -0.019191
    0.585786    -0.019184
    0.586887    -0.019177
    0.587988    -0.019170
    0.589089    -0.019163
    0.590190    -0.019155
    0.591291    -0.019148
    0.592392    -0.019141
    0.593493    -0.019133
    0.594595    -0.019126
    0.595696    -0.019118
    0.596797    -0.019111
    0.597898    -0.019103
    0.598999    -0.019095
    0.600100    -0.019087
    0.601201    -0.019080
    0.602302    -0.019072
    0.603403    -0.019064
    0.604505    -0.019056
    0.605606    -0.019047
    0.606707    -0.019039
    0.607808    -0.019031
    0.608909    -0.019023
    0.610010    -0.019014
    0.611111    -0.019006
    0.612212    -0.018997
    0.613313    -0.018988
    0.614414    -0.018980
    0.615516    -0.018971
    0.616617    -0.018962
    0.617718    -0.018953
    0.618819    -0.018944
    0.619920    -0.018935
    0.621021    -0.018926
    0.622122    -0.018917
    0.623223    -0.018907
    0.624324    -0.018898
    0.625425    -0.018888
    0.626527    -0.018879
    0.627628    -0.018869
    0.628729    -0.018859
    0.629830    -0.018850
    0.630931    -0.018840
    0.632032    -0.018830
    0.633133    -0.018820
    0.634234    -0.018809
    0.635335    -0.018799
    0.636436    -0.018789
    0.637538    -0.018778
    0.638639    -0.018768
    0.639740    -0.018757
    0.640841    -0.018747
    0.641942    -0.018736
    0.643043    -0.018725
    0.644144    -0.018714
    0.645245    -0.018703
    0.646346    -0.018692
    0.647447    -0.018680
    0.648549    -0.018669
    0.649650    -0.018658
    0.650751    -0.018646
    0.651852    -0.018635
    0.652953    -0.018623
    0.654054    -0.018611
    0.655155    -0.018599
    0.656256    -0.018587
    0.657357    -0.018575
    0.658458    -0.018563
    0.659560    -0.018550
    0.660661    -0.018538
    0.661762    -0.018525
    0.662863    -0.018513
    0.663964    -0.018500
    0.665065    -0.018487
    0.666166    -0.018474
    0.667267    -0.018461
    0.668368    -0.018448
    0.669469    -0.018434
    0.670571    -0.018421
    0.671672    -0.018407
    0.672773    -0.018393
    0.673874    -0.018380
    0.674975    -0.018366
    0.676076    -0.018352
    0.677177    -0.018338
    0.678278    -0.018323
    0.679379    -0.018309
    0.680480    -0.018294
    0.681582    -0.018280
    0.682683    -0.018265
    0.683784    -0.018250
    0.684885    -0.018235
    0.685986    -0.018220
    0.687087    -0.018205
    0.688188    -0.018189
    0.689289    -0.018174
    0.690390    -0.018158
    0.691491    -0.018142
    0.692593    -0.018126
    0.693694    -0.018110
    0.694795    -0.018094
    0.695896    -0.018078
    0.696997    -0.018061
    0.698098    -0.018045
    0.699199    -0.018028
    0.700300    -0.018011
    0.701401    -0.017994
    0.702503    -0.017977
    0.703604    -0.017959
    0.704705    -0.017942
    0.705806    -0.017924
    0.706907    -0.017906
    0.708008    -0.017888
    0.709109    -0.017870
    0.710210    -0.017852
    0.711311    -0.017834
    0.712412    -0.017815
    0.713514    -0.017796
    0.714615    -0.017777
    0.715716    -0.017758
    0.716817    -0.017739
    0.717918    -0.017720
    0.719019    -0.017700
    0.720120    -0.017681
    0.721221    -0.017661
    0.722322    -0.017641
    0.723423    -0.017620
    0.724525    -0.017600
    0.725626    -0.017579
    0.726727    -0.017559
    0.727828    -0.017538
    0.728929    -0.017517
    0.730030    -0.017495
    0.731131    -0.017474
    0.732232    -0.017452
    0.733333    -0.017431
    0.734434    -0.017409
    0.735536    -0.017386
    0.736637    -0.017364
    0.737738    -0.017341
    0.738839    -0.017319
    0.739940    -0.017296
    0.741041    -0.017272
    0.742142    -0.017249
    0.743243    -0.017226
    0.744344    -0.017202
    0.745445    -0.017178
    0.746547    -0.017154
    0.747648    -0.017129
    0.748749    -0.017105
    0.749850    -0.017080
    0.750951    -0.017055
    0.752052    -0.017030
    0.753153    -0.017004
    0.754254    -0.016979
    0.755355    -0.016953
    0.756456    -0.016927
    0.757558    -0.016901
    0.758659    -0.016874
    0.759760    -0.016847
    0.760861    -0.016820
    0.761962    -0.016793
    0.763063    -0.016766
    0.764164    -0.016738
    0.765265    -0.016710
    0.766366    -0.016682
    0.767467    -0.016654
    0.768569    -0.016625
    0.769670    -0.016596
    0.770771    -0.016567
    0.771872    -0.016538
    0.772973    -0.016508
    0.774074    -0.016478
    0.775175    -0.016448
    0.776276    -0.016418
    0.777377    -0.016387
    0.778478    -0.016356
    0.779580    -0.016325
    0.780681    -0.016294
    0.781782    -0.016262
    0.782883    -0.016230
    0.783984    -0.016198
    0.785085    -0.016165
    0.786186    -0.016133
    0.787287    -0.016099
    0.788388    -0.016066
    0.789489    -0.016033
    0.790591    -0.015999
    0.791692    -0.015964
    0.792793    -0.015930
    0.793894    -0.015895
    0.794995    -0.015860
    0.796096    -0.015825
    0.797197    -0.015789
    0.798298    -0.015753
    0.799399    -0.015717
    0.800501    -0.015680
    0.801602    -0.015643
    0.802703    -0.015606
    0.803804    -0.015569
    0.804905    -0.015531
    0.806006    -0.015493
    0.807107    -0.015454
    0.808208    -0.015415
    0.809309    -0.015376
    0.810410    -0.015337
    0.811512    -0.015297
    0.812613    -0.015257
    0.813714    -0.015216
    0.814815    -0.015175
    0.815916    -0.015134
    0.817017    -0.015093
    0.818118    -0.015051
    0.819219    -0.015009
    0.820320    -0.014966
    0.821421    -0.014923
    0.822523    -0.014880
    0.823624    -0.014836
    0.824725    -0.014792
    0.825826    -0.014747
    0.826927    -0.014703
    0.828028    -0.014657
    0.829129    -0.014612
    0.830230    -0.014566
    0.831331    -0.014520
    0.832432    -0.014473
    0.833534    -0.014426
    0.834635    -0.014378
    0.835736    -0.014330
    0.836837    -0.014282
    0.837938    -0.014233
    0.839039    -0.014184
    0.840140    -0.014134
    0.841241    -0.014084
    0.842342    -0.014034
    0.843443    -0.013983
    0.844545    -0.013932
    0.845646    -0.013880
    0.846747    -0.013828
    0.847848    -0.013775
    0.848949    -0.013722
    0.850050    -0.013669
    0.851151    -0.013615
    0.852252    -0.013560
    0.853353    -0.013505
    0.854454    -0.013450
    0.855556    -0.013394
    0.856657    -0.013338
    0.857758    -0.013281
    0.858859    -0.013224
    0.859960    -0.013166
    0.861061    -0.013108
    0.862162    -0.013049
    0.863263    -0.012990
    0.864364    -0.012930
    0.865465    -0.012870
    0.866567    -0.012809
    0.867668    -0.012748
    0.868769    -0.012686
    0.869870    -0.012624
    0.870971    -0.012561
    0.872072    -0.012498
    0.873173    -0.012434
    0.874274    -0.012370
    0.875375    -0.012305
    0.876476    -0.012239
    0.877578    -0.012173
    0.878679    -0.012107
    0.879780    -0.012039
    0.880881    -0.011972
    0.881982    -0.011903
    0.883083    -0.011834
    0.884184    -0.011765
    0.885285    -0.011695
    0.886386    -0.011624
    0.887487    -0.011553
    0.888589    -0.011481
    0.889690    -0.011409
    0.890791    -0.011336
    0.891892    -0.011262
    0.892993    -0.011188
    0.894094    -0.011113
    0.895195    -0.011037
    0.896296    -0.010961
    0.897397    -0.010884
    0.898498    -0.010807
    0.899600    -0.010729
    0.900701    -0.010650
    0.901802    -0.010570
    0.902903    -0.010490
    0.904004    -0.010409
    0.905105    -0.010328
    0.906206    -0.010246
    0.907307    -0.010163
    0.908408    -0.010079
    0.909510    -0.009995
    0.910611    -0.009910
    0.911712    -0.009824
    0.912813    -0.009738
    0.913914    -0.009651
    0.915015    -0.009563
    0.916116    -0.009474
    0.917217    -0.009385
    0.918318    -0.009295
    0.919419    -0.009204
    0.920521    -0.009112
    0.921622    -0.009020
    0.922723    -0.008927
    0.923824    -0.008833
    0.924925    -0.008738
    0.926026    -0.008642
    0.927127    -0.008546
    0.928228    -0.008449
    0.929329    -0.008351
    0.930430    -0.008252
    0.931532    -0.008152
    0.932633    -0.008052
    0.933734    -0.007950
    0.934835    -0.007848
    0.935936    -0.007745
    0.937037    -0.007641
    0.938138    -0.007537
    0.939239    -0.007431
    0.940340    -0.007324
    0.941441    -0.007217
    0.942543    -0.007109
    0.943644    -0.006999
    0.944745    -0.006889
    0.945846    -0.006778
    0.946947    -0.006666
    0.948048    -0.006553
    0.949149    -0.006439
    0.950250    -0.006324
    0.951351    -0.006209
    0.952452    -0.006092
    0.953554    -0.005974
    0.954655    -0.005855
    0.955756    -0.005736
    0.956857    -0.005615
    0.957958    -0.005493
    0.959059    -0.005370
    0.960160    -0.005247
    0.961261    -0.005122
    0.962362    -0.004996
    0.963463    -0.004869
    0.964565    -0.004741
    0.965666    -0.004612
    0.966767    -0.004482
    0.967868    -0.004351
    0.968969    -0.004218
    0.970070    -0.004085
    0.971171    -0.003950
    0.972272    -0.003815
    0.973373    -0.003678
    0.974474    -0.003540
    0.975576    -0.003401
    0.976677    -0.003261
    0.977778    -0.003119
    0.978879    -0.002977
    0.979980    -0.002833
    0.981081    -0.002688
    0.982182    -0.002542
    0.983283    -0.002394
    0.984384    -0.002246
    0.985485    -0.002096
    0.986587    -0.001945
    0.987688    -0.001792
    0.988789    -0.001639
    0.989890    -0.001484
    0.990991    -0.001328
    0.992092    -0.001170
    0.993193    -0.001011
    0.994294    -0.000851
    0.995395    -0.000690
    0.996496    -0.000527
    0.997598    -0.000363
    0.998699    -0.000197
    0.999800    -0.000030
    1.000901     0.000138
    1.002002     0.000307
    1.003103     0.000478
    1.004204     0.000651
    1.005305     0.000825
    1.006406     0.001000
    1.007508     0.001177
    1.008609     0.001355
    1.009710     0.001535
    1.010811     0.001716
    1.011912     0.001899
    1.013013     0.002083
    1.014114     0.002269
    1.015215     0.002456
    1.016316     0.002645
    1.017417     0.002836
    1.018519     0.003027
    1.019620     0.003221
    1.020721     0.003416
    1.021822     0.003613
    1.022923     0.003811
    1.024024     0.004011
    1.025125     0.004213
    1.026226     0.004416
    1.027327     0.004621
    1.028428     0.004828
    1.029530     0.005037
    1.030631     0.005247
    1.031732     0.005458
    1.032833     0.005672
    1.033934     0.005887
    1.035035     0.006105
    1.036136     0.006323
    1.037237     0.006544
    1.038338     0.006767
    1.039439     0.006991
    1.040541     0.007217
    1.041642     0.007445
    1.042743     0.007675
    1.043844     0.007907
    1.044945     0.008141
    1.046046     0.008376
    1.047147     0.008614
    1.048248     0.008853
    1.049349     0.009095
    1.050450     0.009338
    1.051552     0.009583
    1.052653     0.009831
    1.053754     0.010080
    1.054855     0.010332
    1.055956     0.010585
    1.057057     0.010841
    1.058158     0.011098
    1.059259     0.011358
    1.060360     0.011620
    1.061461     0.011884
    1.062563     0.012150
    1.063664     0.012419
    1.064765     0.012689
    1.065866     0.012962
    1.066967     0.013237
    1.068068     0.013514
    1.069169     0.013793
    1.070270     0.014075
    1.071371     0.014359
    1.072472     0.014645
    1.073574     0.014934
    1.074675     0.015225
    1.075776     0.015518
    1.076877     0.015814
    1.077978     0.016112
    1.079079     0.016413
    1.080180     0.016715
    1.081281     0.017021
    1.082382     0.017329
    1.083483     0.017639
    1.084585     0.017952
    1.085686     0.018267
    1.086787     0.018585
    1.087888     0.018906
    1.088989     0.019229
    1.090090     0.019554
    1.091191     0.019883
    1.092292     0.020213
    1.093393     0.020547
    1.094494     0.020883
    1.095596     0.021222
    1.096697     0.021564
    1.097798     0.021908
    1.098899     0.022256
    1.100000     0.022606
