    0.000000     0.003700
    0.001941     0.003700
    0.003881     0.003700
    0.005822     0.003700
    0.007763     0.003700
    0.009704     0.003700
    0.011644     0.003700
    0.013585     0.003700
    0.015526     0.003699
    0.017467     0.003699
    0.019407     0.003699
    0.021348     0.003699
    0.023289     0.003699
    0.025230     0.003699
    0.027170     0.003699
    0.029111     0.003699
    0.031052     0.003699
    0.032993     0.003698
    0.034933     0.003698
    0.036874     0.003698
    0.038815     0.003698
    0.040756     0.003698
    0.042696     0.003697
    0.044637     0.003697
    0.046578     0.003697
    0.048519     0.003697
    0.050459     0.003696
    0.052400     0.003696
    0.054341     0.003696
    0.056281     0.003696
    0.058222     0.003695
    0.060163     0.003695
    0.062104     0.003694
    0.064044     0.003694
    0.065985     0.003694
    0.067926     0.003693
    0.069867     0.003693
    0.071807     0.003692
    0.073748     0.003691
    0.075689     0.003691
    0.077630     0.003690
    0.079570     0.003689
    0.081511     0.003689
    0.083452     0.003688
    0.085393     0.003687
    0.087333     0.003686
    0.089274     0.003685
    0.091215     0.003684
    0.093156     0.003683
    0.095096     0.003682
    0.097037     0.003681
    0.098978     0.003679
    0.100919     0.003678
    0.102859     0.003676
    0.104800     0.003675
    0.106741     0.003673
    0.108681     0.003672
    0.110622     0.003670
    0.112563     0.003668
    0.114504     0.003666
    0.116444     0.003664
    0.118385     0.003662
    0.120326     0.003660
    0.122267     0.003657
    0.124207     0.003655
    0.126148     0.003652
    0.128089     0.003650
    0.130030     0.003647
    0.131970     0.003644
    0.133911     0.003641
    0.135852     0.003638
    0.137793     0.003635
    0.139733     0.003631
    0.141674     0.003628
    0.143615     0.003625
    0.145556     0.003621
    0.147496     0.003617
    0.149437     0.003613
    0.151378     0.003609
    0.153319     0.003605
    0.155259     0.003601
    0.157200     0.003597
    0.159141     0.003593
    0.161081     0.003588
    0.163022     0.003584
    0.164963     0.003579
    0.166904     0.003574
    0.168844     0.003570
    0.170785     0.003565
    0.172726     0.003560
    0.174667     0.003555
    0.176607     0.003549
    0.178548     0.003544
    0.180489     0.003539
    0.182430     0.003533
    0.184370     0.003528
    0.186311     0.003522
    0.188252     0.003517
    0.190193     0.003511
    0.192133     0.003505
    0.194074     0.003499
    0.196015     0.003493
    0.197956     0.003487
    0.199896     0.003481
    0.201837     0.003475
    0.203778     0.003469
    0.205719     0.003463
    0.207659     0.003456
    0.209600     0.003450
    0.211541     0.003444
    0.213481     0.003437
    0.215422     0.003431
    0.217363     0.003424
    0.219304     0.003417
    0.221244     0.003411
    0.223185     0.003404
    0.225126     0.003397
    0.227067     0.003390
    0.229007     0.003384
    0.230948     0.003377
    0.232889     0.003370
    0.234830     0.003363
    0.236770     0.003356
    0.238711     0.003349
    0.240652     0.003342
    0.242593     0.003334
    0.244533     0.003327
    0.246474     0.003320
    0.248415     0.003313
    0.250356     0.003306
    0.252296     0.003298
    0.254237     0.003291
    0.256178     0.003283
    0.258119     0.003276
    0.260059     0.003269
    0.262000     0.003261
    0.263941     0.003254
    0.265881     0.003246
    0.267822     0.003238
    0.269763     0.003231
    0.271704     0.003223
    0.273644     0.003216
    0.275585     0.003208
    0.277526     0.003200
    0.279467     0.003193
    0.281407     0.003185
    0.283348     0.003177
    0.285289     0.003169
    0.287230     0.003161
    0.289170     0.003154
    0.291111     0.003146
    0.293052     0.003138
    0.294993     0.003130
    0.296933     0.003122
    0.298874     0.003114
    0.300815     0.003106
    0.302756     0.003098
    0.304696     0.003090
    0.306637     0.003082
    0.308578     0.003074
    0.310519     0.003066
    0.312459     0.003058
    0.314400     0.003050
    0.316341     0.003042
    0.318281     0.003034
    0.320222     0.003026
    0.322163     0.003017
    0.324104     0.003009
    0.326044     0.003001
    0.327985     0.002993
    0.329926     0.002985
    0.331867     0.002977
    0.333807     0.002968
    0.335748     0.002960
    0.337689     0.002952
    0.339630     0.002943
    0.341570     0.002935
    0.343511     0.002927
    0.345452     0.002919
    0.347393     0.002910
    0.349333     0.002902
    0.351274     0.002894
    0.353215     0.002885
    0.355156     0.002877
    0.357096     0.002868
    0.359037     0.002860
    0.360978     0.002852
    0.362919     0.002843
    0.364859     0.002835
    0.366800     0.002826
    0.368741     0.002818
    0.370681     0.002809
    0.372622     0.002801
    0.374563     0.002792
    0.376504     0.002784
    0.378444     0.002775
    0.380385     0.002767
    0.382326     0.002758
    0.384267     0.002750
    0.386207     0.002741
    0.388148     0.002733
    0.390089     0.002724
    0.392030     0.002716
    0.393970     0.002707
    0.395911     0.002698
    0.397852     0.002690
    0.399793     0.002681
    0.401733     0.002673
    0.403674     0.002664
    0.405615     0.002655
    0.407556     0.002647
    0.409496     0.002638
    0.411437     0.002629
    0.413378     0.002621
    0.415319     0.002612
    0.417259     0.002603
    0.419200     0.002595
    0.421141     0.002586
    0.423081     0.002577
    0.425022     0.002569
    0.426963     0.002560
    0.428904     0.002551
    0.430844     0.002542
    0.432785     0.002534
    0.434726     0.002525
    0.436667     0.002516
    0.438607     0.002507
    0.440548     0.002499
    0.442489     0.002490
    0.444430     0.002481
    0.446370     0.002472
    0.448311     0.002464
    0.450252     0.002455
    0.452193     0.002446
    0.454133     0.002437
    0.456074     0.002428
    0.458015     0.002420
    0.459956     0.002411
    0.461896     0.002402
    0.463837     0.002393
    0.465778     0.002384
    0.467719     0.002376
    0.469659     0.002367
    0.471600     0.002358
    0.473541     0.002349
    0.475481     0.002340
    0.477422     0.002331
    0.479363     0.002322
    0.481304     0.002314
    0.483244     0.002305
    0.485185     0.002296
    0.487126     0.002287
    0.489067     0.002278
    0.491007     0.002269
    0.492948     0.002260
    0.494889     0.002251
    0.496830     0.002242
    0.498770     0.002233
    0.500711     0.002225
    0.502652     0.002216
    0.504593     0.002207
    0.506533     0.002198
    0.508474     0.002189
    0.510415     0.002180
    0.512356     0.002171
    0.514296     0.002162
    0.516237     0.002153
    0.518178     0.002144
    0.520119     0.002135
    0.522059     0.002126
    0.524000     0.002117
    0.525941     0.002108
    0.527881     0.002099
    0.529822     0.002090
    0.531763     0.002081
    0.533704     0.002072
    0.535644     0.002063
    0.537585     0.002054
    0.539526     0.002045
    0.541467     0.002036
    0.543407     0.002027
    0.545348     0.002018
    0.547289     0.002009
    0.549230     0.002000
    0.551170     0.001991
    0.553111     0.001982
    0.555052     0.001973
    0.556993     0.001964
    0.558933     0.001955
    0.560874     0.001946
    0.562815     0.001937
    0.564756     0.001928
    0.566696     0.001919
    0.568637     0.001910
    0.570578     0.001901
    0.572519     0.001892
    0.574459     0.001883
    0.576400     0.001874
    0.578341     0.001865
    0.580281     0.001856
    0.582222     0.001846
    0.584163     0.001837
    0.586104     0.001828
    0.588044     0.001819
    0.589985     0.001810
    0.591926     0.001801
    0.593867     0.001792
    0.595807     0.001783
    0.597748     0.001774
    0.599689     0.001765
    0.601630     0.001756
    0.603570     0.001747
    0.605511     0.001737
    0.607452     0.001728
    0.609393     0.001719
    0.611333     0.001710
    0.613274     0.001701
    0.615215     0.001692
    0.617156     0.001683
    0.619096     0.001674
    0.621037     0.001665
    0.622978     0.001655
    0.624919     0.001646
    0.626859     0.001637
    0.628800     0.001628
    0.630741     0.001619
    0.632681     0.001610
    0.634622     0.001601
    0.636563     0.001591
    0.638504     0.001582
    0.640444     0.001573
    0.642385     0.001564
    0.644326     0.001555
    0.646267     0.001546
    0.648207     0.001537
    0.650148     0.001527
    0.652089     0.001518
    0.654030     0.001509
    0.655970     0.001500
    0.657911     0.001491
    0.659852     0.001482
    0.661793     0.001472
    0.663733     0.001463
    0.665674     0.001454
    0.667615     0.001445
    0.669556     0.001436
    0.671496     0.001427
    0.673437     0.001417
    0.675378     0.001408
    0.677319     0.001399
    0.679259     0.001390
    0.681200     0.001381
    0.683141     0.001371
    0.685081     0.001362
    0.687022     0.001353
    0.688963     0.001344
    0.690904     0.001335
    0.692844     0.001325
    0.694785     0.001316
    0.696726     0.001307
    0.698667     0.001298
    0.700607     0.001289
    0.702548     0.001279
    0.704489     0.001270
    0.706430     0.001261
    0.708370     0.001252
    0.710311     0.001243
    0.712252     0.001233
    0.714193     0.001224
    0.716133     0.001215
    0.718074     0.001206
    0.720015     0.001196
    0.721956     0.001187
    0.723896     0.001178
    0.725837     0.001169
    0.727778     0.001159
    0.729719     0.001150
    0.731659     0.001141
    0.733600     0.001132
    0.735541     0.001123
    0.737481     0.001113
    0.739422     0.001104
    0.741363     0.001095
    0.743304     0.001086
    0.745244     0.001076
    0.747185     0.001067
    0.749126     0.001058
    0.751067     0.001049
    0.753007     0.001039
    0.754948     0.001030
    0.756889     0.001021
    0.758830     0.001012
    0.760770     0.001002
    0.762711     0.000993
    0.764652     0.000984
    0.766593     0.000975
    0.768533     0.000965
    0.770474     0.000956
    0.772415     0.000947
    0.774356     0.000937
    0.776296     0.000928
    0.778237     0.000919
    0.780178     0.000910
    0.782119     0.000900
    0.784059     0.000891
    0.786000     0.000882
    0.787941     0.000873
    0.789881     0.000863
    0.791822     0.000854
    0.793763     0.000845
    0.795704     0.000835
    0.797644     0.000826
    0.799585     0.000817
    0.801526     0.000808
    0.803467     0.000798
    0.805407     0.000789
    0.807348     0.000780
    0.809289     0.000770
    0.811230     0.000761
    0.813170     0.000752
    0.815111     0.000742
    0.817052     0.000733
    0.818993     0.000724
    0.820933     0.000715
    0.822874     0.000705
    0.824815     0.000696
    0.826756     0.000687
    0.828696     0.000677
    0.830637     0.000668
    0.832578     0.000659
    0.834519     0.000649
    0.836459     0.000640
    0.838400     0.000631
    0.840341     0.000622
    0.842281     0.000612
    0.844222     0.000603
    0.846163     0.000594
    0.848104     0.000584
    0.850044     0.000575
    0.851985     0.000566
    0.853926     0.000556
    0.855867     0.000547
    0.857807     0.000538
    0.859748     0.000528
    0.861689     0.000519
    0.863630     0.000510
    0.865570     0.000500
    0.867511     0.000491
    0.869452     0.000482
    0.871393     0.000472
    0.873333     0.000463
    0.875274     0.000454
    0.877215     0.000444
    0.879156     0.000435
    0.881096     0.000426
    0.883037     0.000416
    0.884978     0.000407
    0.886919     0.000398
    0.888859     0.000388
    0.890800     0.000379
    0.892741     0.000370
    0.894681     0.000360
    0.896622     0.000351
    0.898563     0.000342
    0.900504     0.000332
    0.902444     0.000323
    0.904385     0.000314
    0.906326     0.000304
    0.908267     0.000295
    0.910207     0.000286
    0.912148     0.000276
    0.914089     0.000267
    0.916030     0.000258
    0.917970     0.000248
    0.919911     0.000239
    0.921852     0.000229
    0.923793     0.000220
    0.925733     0.000211
    0.927674     0.000201
    0.929615     0.000192
    0.931556     0.000183
    0.933496     0.000173
    0.935437     0.000164
    0.937378     0.000155
    0.939319     0.000145
    0.941259     0.000136
    0.943200     0.000127
    0.945141     0.000117
    0.947081     0.000108
    0.949022     0.000098
    0.950963     0.000089
    0.952904     0.000080
    0.954844     0.000070
    0.956785     0.000061
    0.958726     0.000052
    0.960667     0.000042
    0.962607     0.000033
    0.964548     0.000023
    0.966489     0.000014
    0.968430     0.000005
    0.970370    -0.000005
    0.972311    -0.000014
    0.974252    -0.000023
    0.976193    -0.000033
    0.978133    -0.000042
    0.980074    -0.000052
    0.982015    -0.000061
    0.983956    -0.000070
    0.985896    -0.000080
    0.987837    -0.000089
    0.989778    -0.000098
    0.991719    -0.000108
    0.993659    -0.000117
    0.995600    -0.000127
    0.997541    -0.000136
    0.999481    -0.000145
    1.001422    -0.000155
    1.003363    -0.000164
    1.005304    -0.000174
    1.007244    -0.000183
    1.009185    -0.000192
    1.011126    -0.000202
    1.013067    -0.000211
    1.015007    -0.000221
    1.016948    -0.000230
    1.018889    -0.000239
    1.020830    -0.000249
    1.022770    -0.000258
    1.024711    -0.000268
    1.026652    -0.000277
    1.028593    -0.000286
    1.030533    -0.000296
    1.032474    -0.000305
    1.034415    -0.000315
    1.036356    -0.000324
    1.038296    -0.000333
    1.040237    -0.000343
    1.042178    -0.000352
    1.044119    -0.000362
    1.046059    -0.000371
    1.048000    -0.000380
    1.049941    -0.000390
    1.051881    -0.000399
    1.053822    -0.000409
    1.055763    -0.000418
    1.057704    -0.000427
    1.059644    -0.000437
    1.061585    -0.000446
    1.063526    -0.000456
    1.065467    -0.000465
    1.067407    -0.000474
    1.069348    -0.000484
    1.071289    -0.000493
    1.073230    -0.000503
    1.075170    -0.000512
    1.077111    -0.000522
    1.079052    -0.000531
    1.080993    -0.000540
    1.082933    -0.000550
    1.084874    -0.000559
    1.086815    -0.000569
    1.088756    -0.000578
    1.090696    -0.000587
    1.092637    -0.000597
    1.094578    -0.000606
    1.096519    -0.000616
    1.098459    -0.000625
    1.100400    -0.000635
    1.102341    -0.000644
    1.104281    -0.000653
    1.106222    -0.000663
    1.108163    -0.000672
    1.110104    -0.000682
    1.112044    -0.000691
    1.113985    -0.000701
    1.115926    -0.000710
    1.117867    -0.000719
    1.119807    -0.000729
    1.121748    -0.000738
    1.123689    -0.000748
    1.125630    -0.000757
    1.127570    -0.000767
    1.129511    -0.000776
    1.131452    -0.000785
    1.133393    -0.000795
    1.135333    -0.000804
    1.137274    -0.000814
    1.139215    -0.000823
    1.141156    -0.000833
    1.143096    -0.000842
    1.145037    -0.000851
    1.146978    -0.000861
    1.148919    -0.000870
    1.150859    -0.000880
    1.152800    -0.000889
    1.154741    -0.000899
    1.156681    -0.000908
    1.158622    -0.000917
    1.160563    -0.000927
    1.162504    -0.000936
    1.164444    -0.000946
    1.166385    -0.000955
    1.168326    -0.000965
    1.170267    -0.000974
    1.172207    -0.000984
    1.174148    -0.000993
    1.176089    -0.001002
    1.178030    -0.001012
    1.179970    -0.001021
    1.181911    -0.001031
    1.183852    -0.001040
    1.185793    -0.001050
    1.187733    -0.001059
    1.189674    -0.001069
    1.191615    -0.001078
    1.193556    -0.001087
    1.195496    -0.001097
    1.197437    -0.001106
    1.199378    -0.001116
    1.201319    -0.001125
    1.203259    -0.001135
    1.205200    -0.001144
    1.207141    -0.001154
    1.209081    -0.001163
    1.211022    -0.001173
    1.212963    -0.001182
    1.214904    -0.001191
    1.216844    -0.001201
    1.218785    -0.001210
    1.220726    -0.001220
    1.222667    -0.001229
    1.224607    -0.001239
    1.226548    -0.001248
    1.228489    -0.001258
    1.230430    -0.001267
    1.232370    -0.001277
    1.234311    -0.001286
    1.236252    -0.001295
    1.238193    -0.001305
    1.240133    -0.001314
    1.242074    -0.001324
    1.244015    -0.001333
    1.245956    -0.001343
    1.247896    -0.001352
    1.249837    -0.001362
    1.251778    -0.001371
    1.253719    -0.001381
    1.255659    -0.001390
    1.257600    -0.001400
    1.259541    -0.001409
    1.261481    -0.001418
    1.263422    -0.001428
    1.265363    -0.001437
    1.267304    -0.001447
    1.269244    -0.001456
    1.271185    -0.001466
    1.273126    -0.001475
    1.275067    -0.001485
    1.277007    -0.001494
    1.278948    -0.001504
    1.280889    -0.001513
    1.282830    -0.001523
    1.284770    -0.001532
    1.286711    -0.001542
    1.288652    -0.001551
    1.290593    -0.001560
    1.292533    -0.001570
    1.294474    -0.001579
    1.296415    -0.001589
    1.298356    -0.001598
    1.300296    -0.001608
    1.302237    -0.001617
    1.304178    -0.001627
    1.306119    -0.001636
    1.308059    -0.001646
    1.310000    -0.001655
    1.311941    -0.001665
    1.313881    -0.001674
    1.315822    -0.001684
    1.317763    -0.001693
    1.319704    -0.001703
    1.321644    -0.001712
    1.323585    -0.001722
    1.325526    -0.001731
    1.327467    -0.001740
    1.329407    -0.001750
    1.331348    -0.001759
    1.333289    -0.001769
    1.335230    -0.001778
    1.337170    -0.001788
    1.339111    -0.001797
    1.341052    -0.001807
    1.342993    -0.001816
    1.344933    -0.001826
    1.346874    -0.001835
    1.348815    -0.001845
    1.350756    -0.001854
    1.352696    -0.001864
    1.354637    -0.001873
    1.356578    -0.001883
    1.358519    -0.001892
    1.360459    -0.001902
    1.362400    -0.001911
    1.364341    -0.001921
    1.366281    -0.001930
    1.368222    -0.001940
    1.370163    -0.001949
    1.372104    -0.001959
    1.374044    -0.001968
    1.375985    -0.001978
    1.377926    -0.001987
    1.379867    -0.001997
    1.381807    -0.002006
    1.383748    -0.002016
    1.385689    -0.002025
    1.387630    -0.002034
    1.389570    -0.002044
    1.391511    -0.002053
    1.393452    -0.002063
    1.395393    -0.002072
    1.397333    -0.002082
    1.399274    -0.002091
    1.401215    -0.002101
    1.403156    -0.002110
    1.405096    -0.002120
    1.407037    -0.002129
    1.408978    -0.002139
    1.410919    -0.002148
    1.412859    -0.002158
    1.414800    -0.002167
    1.416741    -0.002177
    1.418681    -0.002186
    1.420622    -0.002196
    1.422563    -0.002205
    1.424504    -0.002215
    1.426444    -0.002224
    1.428385    -0.002234
    1.430326    -0.002243
    1.432267    -0.002253
    1.434207    -0.002262
    1.436148    -0.002272
    1.438089    -0.002281
    1.440030    -0.002291
    1.441970    -0.002300
    1.443911    -0.002310
    1.445852    -0.002319
    1.447793    -0.002329
    1.449733    -0.002338
    1.451674    -0.002348
    1.453615    -0.002357
    1.455556    -0.002367
    1.457496    -0.002376
    1.459437    -0.002386
    1.461378    -0.002395
    1.463319    -0.002405
    1.465259    -0.002414
    1.467200    -0.002424
    1.469141    -0.002433
    1.471081    -0.002443
    1.473022    -0.002452
    1.474963    -0.002462
    1.476904    -0.002471
    1.478844    -0.002481
    1.480785    -0.002490
    1.482726    -0.002500
    1.484667    -0.002509
    1.486607    -0.002519
    1.488548    -0.002528
    1.490489    -0.002538
    1.492430    -0.002547
    1.494370    -0.002557
    1.496311    -0.002566
    1.498252    -0.002576
    1.500193    -0.002585
    1.502133    -0.002595
    1.504074    -0.002604
    1.506015    -0.002614
    1.507956    -0.002623
    1.509896    -0.002633
    1.511837    -0.002642
    1.513778    -0.002652
    1.515719    -0.002662
    1.517659    -0.002671
    1.519600    -0.002681
    1.521541    -0.002690
    1.523481    -0.002700
    1.525422    -0.002709
    1.527363    -0.002719
    1.529304    -0.002728
    1.531244    -0.002738
    1.533185    -0.002747
    1.535126    -0.002757
    1.537067    -0.002766
    1.539007    -0.002776
    1.540948    -0.002785
    1.542889    -0.002795
    1.544830    -0.002804
    1.546770    -0.002814
    1.548711    -0.002823
    1.550652    -0.002833
    1.552593    -0.002842
    1.554533    -0.002852
    1.556474    -0.002861
    1.558415    -0.002871
    1.560356    -0.002880
    1.562296    -0.002890
    1.564237    -0.002899
    1.566178    -0.002909
    1.568119    -0.002918
    1.570059    -0.002928
    1.572000    -0.002937
    1.573941    -0.002947
    1.575881    -0.002956
    1.577822    -0.002966
    1.579763    -0.002976
    1.581704    -0.002985
    1.583644    -0.002995
    1.585585    -0.003004
    1.587526    -0.003014
    1.589467    -0.003023
    1.591407    -0.003033
    1.593348    -0.003042
    1.595289    -0.003052
    1.597230    -0.003061
    1.599170    -0.003071
    1.601111    -0.003080
    1.603052    -0.003090
    1.604993    -0.003099
    1.606933    -0.003109
    1.608874    -0.003118
    1.610815    -0.003128
    1.612756    -0.003137
    1.614696    -0.003147
    1.616637    -0.003156
    1.618578    -0.003166
    1.620519    -0.003175
    1.622459    -0.003185
    1.624400    -0.003195
    1.626341    -0.003204
    1.628281    -0.003214
    1.630222    -0.003223
    1.632163    -0.003233
    1.634104    -0.003242
    1.636044    -0.003252
    1.637985    -0.003261
    1.639926    -0.003271
    1.641867    -0.003280
    1.643807    -0.003290
    1.645748    -0.003299
    1.647689    -0.003309
    1.649630    -0.003318
    1.651570    -0.003328
    1.653511    -0.003337
    1.655452    -0.003347
    1.657393    -0.003356
    1.659333    -0.003366
    1.661274    -0.003376
    1.663215    -0.003385
    1.665156    -0.003395
    1.667096    -0.003404
    1.669037    -0.003414
    1.670978    -0.003423
    1.672919    -0.003433
    1.674859    -0.003442
    1.676800    -0.003452
    1.678741    -0.003461
    1.680681    -0.003471
    1.682622    -0.003480
    1.684563    -0.003490
    1.686504    -0.003499
    1.688444    -0.003509
    1.690385    -0.003519
    1.692326    -0.003528
    1.694267    -0.003538
    1.696207    -0.003547
    1.698148    -0.003557
    1.700089    -0.003566
    1.702030    -0.003576
    1.703970    -0.003585
    1.705911    -0.003595
    1.707852    -0.003604
    1.709793    -0.003614
    1.711733    -0.003623
    1.713674    -0.003633
    1.715615    -0.003642
    1.717556    -0.003652
    1.719496    -0.003662
    1.721437    -0.003671
    1.723378    -0.003681
    1.725319    -0.003690
    1.727259    -0.003700
    1.729200    -0.003709
    1.731141    -0.003719
    1.733081    -0.003728
    1.735022    -0.003738
    1.736963    -0.003747
    1.738904    -0.003757
    1.740844    -0.003766
    1.742785    -0.003776
    1.744726    -0.003786
    1.746667    -0.003795
    1.748607    -0.003805
    1.750548    -0.003814
    1.752489    -0.003824
    1.754430    -0.003833
    1.756370    -0.003843
    1.758311    -0.003852
    1.760252    -0.003862
    1.762193    -0.003871
    1.764133    -0.003881
    1.766074    -0.003890
    1.768015    -0.003900
    1.769956    -0.003910
    1.771896    -0.003919
    1.773837    -0.003929
    1.775778    -0.003938
    1.777719    -0.003948
    1.779659    -0.003957
    1.781600    -0.003967
    1.783541    -0.003976
    1.785481    -0.003986
    1.787422    -0.003995
    1.789363    -0.004005
    1.791304    -0.004014
    1.793244    -0.004024
    1.795185    -0.004034
    1.797126    -0.004043
    1.799067    -0.004053
    1.801007    -0.004062
    1.802948    -0.004072
    1.804889    -0.004081
    1.806830    -0.004091
    1.808770    -0.004100
    1.810711    -0.004110
    1.812652    -0.004119
    1.814593    -0.004129
    1.816533    -0.004139
    1.818474    -0.004148
    1.820415    -0.004158
    1.822356    -0.004167
    1.824296    -0.004177
    1.826237    -0.004186
    1.828178    -0.004196
    1.830119    -0.004205
    1.832059    -0.004215
    1.834000    -0.004225
    1.835941    -0.004234
    1.837881    -0.004244
    1.839822    -0.004253
    1.841763    -0.004263
    1.843704    -0.004272
    1.845644    -0.004282
    1.847585    -0.004291
    1.849526    -0.004301
    1.851467    -0.004310
    1.853407    -0.004320
    1.855348    -0.004330
    1.857289    -0.004339
    1.859230    -0.004349
    1.861170    -0.004358
    1.863111    -0.004368
    1.865052    -0.004377
    1.866993    -0.004387
    1.868933    -0.004396
    1.870874    -0.004406
    1.872815    -0.004416
    1.874756    -0.004425
    1.876696    -0.004435
    1.878637    -0.004444
    1.880578    -0.004454
    1.882519    -0.004463
    1.884459    -0.004473
    1.886400    -0.004482
    1.888341    -0.004492
    1.890281    -0.004501
    1.892222    -0.004511
    1.894163    -0.004521
    1.896104    -0.004530
    1.898044    -0.004540
    1.899985    -0.004549
    1.901926    -0.004559
    1.903867    -0.004568
    1.905807    -0.004578
    1.907748    -0.004587
    1.909689    -0.004597
    1.911630    -0.004607
    1.913570    -0.004616
    1.915511    -0.004626
    1.917452    -0.004635
    1.919393    -0.004645
    1.921333    -0.004654
    1.923274    -0.004664
    1.925215    -0.004673
    1.927156    -0.004683
    1.929096    -0.004693
    1.931037    -0.004702
    1.932978    -0.004712
    1.934919    -0.004721
    1.936859    -0.004731
    1.938800    -0.004740
