    0.000000     0.003700
    0.001941     0.003699
    0.003881     0.003699
    0.005822     0.003698
    0.007763     0.003697
    0.009704     0.003697
    0.011644     0.003696
    0.013585     0.003695
    0.015526     0.003694
    0.017467     0.003694
    0.019407     0.003693
    0.021348     0.003692
    0.023289     0.003690
    0.025230     0.003689
    0.027170     0.003687
    0.029111     0.003685
    0.031052     0.003683
    0.032993     0.003681
    0.034933     0.003678
    0.036874     0.003674
    0.038815     0.003671
    0.040756     0.003667
    0.042696     0.003662
    0.044637     0.003658
    0.046578     0.003653
    0.048519     0.003648
    0.050459     0.003642
    0.052400     0.003637
    0.054341     0.003631
    0.056281     0.003625
    0.058222     0.003619
    0.060163     0.003613
    0.062104     0.003607
    0.064044     0.003601
    0.065985     0.003594
    0.067926     0.003588
    0.069867     0.003581
    0.071807     0.003575
    0.073748     0.003568
    0.075689     0.003561
    0.077630     0.003554
    0.079570     0.003548
    0.081511     0.003541
    0.083452     0.003534
    0.085393     0.003527
    0.087333     0.003520
    0.089274     0.003513
    0.091215     0.003506
    0.093156     0.003499
    0.095096     0.003492
    0.097037     0.003485
    0.098978     0.003477
    0.100919     0.003470
    0.102859     0.003463
    0.104800     0.003456
    0.106741     0.003449
    0.108681     0.003441
    0.110622     0.003434
    0.112563     0.003427
    0.114504     0.003420
    0.116444     0.003412
    0.118385     0.003405
    0.120326     0.003398
    0.122267     0.003390
    0.124207     0.003383
    0.126148     0.003375
    0.128089     0.003368
    0.130030     0.003361
    0.131970     0.003353
    0.133911     0.003346
    0.135852     0.003338
    0.137793     0.003331
    0.139733     0.003324
    0.141674     0.003316
    0.143615     0.003309
    0.145556     0.003301
    0.147496     0.003294
    0.149437     0.003286
    0.151378     0.003279
    0.153319     0.003271
    0.155259     0.003264
    0.157200     0.003256
    0.159141     0.003249
    0.161081     0.003241
    0.163022     0.003234
    0.164963     0.003226
    0.166904     0.003218
    0.168844     0.003211
    0.170785     0.003203
    0.172726     0.003196
    0.174667     0.003188
    0.176607     0.003181
    0.178548     0.003173
    0.180489     0.003166
    0.182430     0.003158
    0.184370     0.003150
    0.186311     0.003143
    0.188252     0.003135
    0.190193     0.003128
    0.192133     0.003120
    0.194074     0.003112
    0.196015     0.003105
    0.197956     0.003097
    0.199896     0.003090
    0.201837     0.003082
    0.203778     0.003074
    0.205719     0.003067
    0.207659     0.003059
    0.209600     0.003051
    0.211541     0.003044
    0.213481     0.003036
    0.215422     0.003028
    0.217363     0.003021
    0.219304     0.003013
    0.221244     0.003006
    0.223185     0.002998
    0.225126     0.002990
    0.227067     0.002983
    0.229007     0.002975
    0.230948     0.002967
    0.232889     0.002960
    0.234830     0.002952
    0.236770     0.002944
    0.238711     0.002937
    0.240652     0.002929
    0.242593     0.002921
    0.244533     0.002914
    0.246474     0.002906
    0.248415     0.002898
    0.250356     0.002891
    0.252296     0.002883
    0.254237     0.002875
    0.256178     0.002867
    0.258119     0.002860
    0.260059     0.002852
    0.262000     0.002844
    0.263941     0.002837
    0.265881     0.002829
    0.267822     0.002821
    0.269763     0.002814
    0.271704     0.002806
    0.273644     0.002798
    0.275585     0.002790
    0.277526     0.002783
    0.279467     0.002775
    0.281407     0.002767
    0.283348     0.002760
    0.285289     0.002752
    0.287230     0.002744
    0.289170     0.002736
    0.291111     0.002729
    0.293052     0.002721
    0.294993     0.002713
    0.296933     0.002706
    0.298874     0.002698
    0.300815     0.002690
    0.302756     0.002682
    0.304696     0.002675
    0.306637     0.002667
    0.308578     0.002659
    0.310519     0.002652
    0.312459     0.002644
    0.314400     0.002636
    0.316341     0.002628
    0.318281     0.002621
    0.320222     0.002613
    0.322163     0.002605
    0.324104     0.002597
    0.326044     0.002590
    0.327985     0.002582
    0.329926     0.002574
    0.331867     0.002566
    0.333807     0.002559
    0.335748     0.002551
    0.337689     0.002543
    0.339630     0.002535
    0.341570     0.002528
    0.343511     0.002520
    0.345452     0.002512
    0.347393     0.002504
    0.349333     0.002497
    0.351274     0.002489
    0.353215     0.002481
    0.355156     0.002473
    0.357096     0.002466
    0.359037     0.002458
    0.360978     0.002450
    0.362919     0.002442
    0.364859     0.002435
    0.366800     0.002427
    0.368741     0.002419
    0.370681     0.002411
    0.372622     0.002404
    0.374563     0.002396
    0.376504     0.002388
    0.378444     0.002380
    0.380385     0.002373
    0.382326     0.002365
    0.384267     0.002357
    0.386207     0.002349
    0.388148     0.002342
    0.390089     0.002334
    0.392030     0.002326
    0.393970     0.002318
    0.395911     0.002310
    0.397852     0.002303
    0.399793     0.002295
    0.401733     0.002287
    0.403674     0.002279
    0.405615     0.002272
    0.407556     0.002264
    0.409496     0.002256
    0.411437     0.002248
    0.413378     0.002240
    0.415319     0.002233
    0.417259     0.002225
    0.419200     0.002217
    0.421141     0.002209
    0.423081     0.002202
    0.425022     0.002194
    0.426963     0.002186
    0.428904     0.002178
    0.430844     0.002170
    0.432785     0.002163
    0.434726     0.002155
    0.436667     0.002147
    0.438607     0.002139
    0.440548     0.002132
    0.442489     0.002124
    0.444430     0.002116
    0.446370     0.002108
    0.448311     0.002100
    0.450252     0.002093
    0.452193     0.002085
    0.454133     0.002077
    0.456074     0.002069
    0.458015     0.002062
    0.459956     0.002054
    0.461896     0.002046
    0.463837     0.002038
    0.465778     0.002030
    0.467719     0.002023
    0.469659     0.002015
    0.471600     0.002007
    0.473541     0.001999
    0.475481     0.001991
    0.477422     0.001984
    0.479363     0.001976
    0.481304     0.001968
    0.483244     0.001960
    0.485185     0.001952
    0.487126     0.001945
    0.489067     0.001937
    0.491007     0.001929
    0.492948     0.001921
    0.494889     0.001913
    0.496830     0.001906
    0.498770     0.001898
    0.500711     0.001890
    0.502652     0.001882
    0.504593     0.001874
    0.506533     0.001867
    0.508474     0.001859
    0.510415     0.001851
    0.512356     0.001843
    0.514296     0.001835
    0.516237     0.001828
    0.518178     0.001820
    0.520119     0.001812
    0.522059     0.001804
    0.524000     0.001796
    0.525941     0.001789
    0.527881     0.001781
    0.529822     0.001773
    0.531763     0.001765
    0.533704     0.001757
    0.535644     0.001750
    0.537585     0.001742
    0.539526     0.001734
    0.541467     0.001726
    0.543407     0.001718
    0.545348     0.001711
    0.547289     0.001703
    0.549230     0.001695
    0.551170     0.001687
    0.553111     0.001679
    0.555052     0.001672
    0.556993     0.001664
    0.558933     0.001656
    0.560874     0.001648
    0.562815     0.001640
    0.564756     0.001633
    0.566696     0.001625
    0.568637     0.001617
    0.570578     0.001609
    0.572519     0.001601
    0.574459     0.001594
    0.576400     0.001586
    0.578341     0.001578
    0.580281     0.001570
    0.582222     0.001562
    0.584163     0.001554
    0.586104     0.001547
    0.588044     0.001539
    0.589985     0.001531
    0.591926     0.001523
    0.593867     0.001515
    0.595807     0.001508
    0.597748     0.001500
    0.599689     0.001492
    0.601630     0.001484
    0.603570     0.001476
    0.605511     0.001469
    0.607452     0.001461
    0.609393     0.001453
    0.611333     0.001445
    0.613274     0.001437
    0.615215     0.001429
    0.617156     0.001422
    0.619096     0.001414
    0.621037     0.001406
    0.622978     0.001398
    0.624919     0.001390
    0.626859     0.001383
    0.628800     0.001375
    0.630741     0.001367
    0.632681     0.001359
    0.634622     0.001351
    0.636563     0.001343
    0.638504     0.001336
    0.640444     0.001328
    0.642385     0.001320
    0.644326     0.001312
    0.646267     0.001304
    0.648207     0.001297
    0.650148     0.001289
    0.652089     0.001281
    0.654030     0.001273
    0.655970     0.001265
    0.657911     0.001257
    0.659852     0.001250
    0.661793     0.001242
    0.663733     0.001234
    0.665674     0.001226
    0.667615     0.001218
    0.669556     0.001210
    0.671496     0.001203
    0.673437     0.001195
    0.675378     0.001187
    0.677319     0.001179
    0.679259     0.001171
    0.681200     0.001164
    0.683141     0.001156
    0.685081     0.001148
    0.687022     0.001140
    0.688963     0.001132
    0.690904     0.001124
    0.692844     0.001117
    0.694785     0.001109
    0.696726     0.001101
    0.698667     0.001093
    0.700607     0.001085
    0.702548     0.001077
    0.704489     0.001070
    0.706430     0.001062
    0.708370     0.001054
    0.710311     0.001046
    0.712252     0.001038
    0.714193     0.001031
    0.716133     0.001023
    0.718074     0.001015
    0.720015     0.001007
    0.721956     0.000999
    0.723896     0.000991
    0.725837     0.000984
    0.727778     0.000976
    0.729719     0.000968
    0.731659     0.000960
    0.733600     0.000952
    0.735541     0.000944
    0.737481     0.000937
    0.739422     0.000929
    0.741363     0.000921
    0.743304     0.000913
    0.745244     0.000905
    0.747185     0.000897
    0.749126     0.000890
    0.751067     0.000882
    0.753007     0.000874
    0.754948     0.000866
    0.756889     0.000858
    0.758830     0.000850
    0.760770     0.000843
    0.762711     0.000835
    0.764652     0.000827
    0.766593     0.000819
    0.768533     0.000811
    0.770474     0.000803
    0.772415     0.000796
    0.774356     0.000788
    0.776296     0.000780
    0.778237     0.000772
    0.780178     0.000764
    0.782119     0.000756
    0.784059     0.000749
    0.786000     0.000741
    0.787941     0.000733
    0.789881     0.000725
    0.791822     0.000717
    0.793763     0.000709
    0.795704     0.000702
    0.797644     0.000694
    0.799585     0.000686
    0.801526     0.000678
    0.803467     0.000670
    0.805407     0.000662
    0.807348     0.000655
    0.809289     0.000647
    0.811230     0.000639
    0.813170     0.000631
    0.815111     0.000623
    0.817052     0.000615
    0.818993     0.000608
    0.820933     0.000600
    0.822874     0.000592
    0.824815     0.000584
    0.826756     0.000576
    0.828696     0.000568
    0.830637     0.000561
    0.832578     0.000553
    0.834519     0.000545
    0.836459     0.000537
    0.838400     0.000529
    0.840341     0.000521
    0.842281     0.000514
    0.844222     0.000506
    0.846163     0.000498
    0.848104     0.000490
    0.850044     0.000482
    0.851985     0.000474
    0.853926     0.000467
    0.855867     0.000459
    0.857807     0.000451
    0.859748     0.000443
    0.861689     0.000435
    0.863630     0.000427
    0.865570     0.000420
    0.867511     0.000412
    0.869452     0.000404
    0.871393     0.000396
    0.873333     0.000388
    0.875274     0.000380
    0.877215     0.000372
    0.879156     0.000365
    0.881096     0.000357
    0.883037     0.000349
    0.884978     0.000341
    0.886919     0.000333
    0.888859     0.000325
    0.890800     0.000318
    0.892741     0.000310
    0.894681     0.000302
    0.896622     0.000294
    0.898563     0.000286
    0.900504     0.000278
    0.902444     0.000271
    0.904385     0.000263
    0.906326     0.000255
    0.908267     0.000247
    0.910207     0.000239
    0.912148     0.000231
    0.914089     0.000224
    0.916030     0.000216
    0.917970     0.000208
    0.919911     0.000200
    0.921852     0.000192
    0.923793     0.000184
    0.925733     0.000176
    0.927674     0.000169
    0.929615     0.000161
    0.931556     0.000153
    0.933496     0.000145
    0.935437     0.000137
    0.937378     0.000129
    0.939319     0.000122
    0.941259     0.000114
    0.943200     0.000106
    0.945141     0.000098
    0.947081     0.000090
    0.949022     0.000082
    0.950963     0.000075
    0.952904     0.000067
    0.954844     0.000059
    0.956785     0.000051
    0.958726     0.000043
    0.960667     0.000035
    0.962607     0.000027
    0.964548     0.000020
    0.966489     0.000012
    0.968430     0.000004
    0.970370    -0.000004
    0.972311    -0.000012
    0.974252    -0.000020
    0.976193    -0.000027
    0.978133    -0.000035
    0.980074    -0.000043
    0.982015    -0.000051
    0.983956    -0.000059
    0.985896    -0.000067
    0.987837    -0.000075
    0.989778    -0.000082
    0.991719    -0.000090
    0.993659    -0.000098
    0.995600    -0.000106
    0.997541    -0.000114
    0.999481    -0.000122
    1.001422    -0.000129
    1.003363    -0.000137
    1.005304    -0.000145
    1.007244    -0.000153
    1.009185    -0.000161
    1.011126    -0.000169
    1.013067    -0.000177
    1.015007    -0.000184
    1.016948    -0.000192
    1.018889    -0.000200
    1.020830    -0.000208
    1.022770    -0.000216
    1.024711    -0.000224
    1.026652    -0.000231
    1.028593    -0.000239
    1.030533    -0.000247
    1.032474    -0.000255
    1.034415    -0.000263
    1.036356    -0.000271
    1.038296    -0.000279
    1.040237    -0.000286
    1.042178    -0.000294
    1.044119    -0.000302
    1.046059    -0.000310
    1.048000    -0.000318
    1.049941    -0.000326
    1.051881    -0.000333
    1.053822    -0.000341
    1.055763    -0.000349
    1.057704    -0.000357
    1.059644    -0.000365
    1.061585    -0.000373
    1.063526    -0.000381
    1.065467    -0.000388
    1.067407    -0.000396
    1.069348    -0.000404
    1.071289    -0.000412
    1.073230    -0.000420
    1.075170    -0.000428
    1.077111    -0.000436
    1.079052    -0.000443
    1.080993    -0.000451
    1.082933    -0.000459
    1.084874    -0.000467
    1.086815    -0.000475
    1.088756    -0.000483
    1.090696    -0.000490
    1.092637    -0.000498
    1.094578    -0.000506
    1.096519    -0.000514
    1.098459    -0.000522
    1.100400    -0.000530
    1.102341    -0.000538
    1.104281    -0.000545
    1.106222    -0.000553
    1.108163    -0.000561
    1.110104    -0.000569
    1.112044    -0.000577
    1.113985    -0.000585
    1.115926    -0.000593
    1.117867    -0.000600
    1.119807    -0.000608
    1.121748    -0.000616
    1.123689    -0.000624
    1.125630    -0.000632
    1.127570    -0.000640
    1.129511    -0.000647
    1.131452    -0.000655
    1.133393    -0.000663
    1.135333    -0.000671
    1.137274    -0.000679
    1.139215    -0.000687
    1.141156    -0.000695
    1.143096    -0.000702
    1.145037    -0.000710
    1.146978    -0.000718
    1.148919    -0.000726
    1.150859    -0.000734
    1.152800    -0.000742
    1.154741    -0.000750
    1.156681    -0.000757
    1.158622    -0.000765
    1.160563    -0.000773
    1.162504    -0.000781
    1.164444    -0.000789
    1.166385    -0.000797
    1.168326    -0.000805
    1.170267    -0.000812
    1.172207    -0.000820
    1.174148    -0.000828
    1.176089    -0.000836
    1.178030    -0.000844
    1.179970    -0.000852
    1.181911    -0.000859
    1.183852    -0.000867
    1.185793    -0.000875
    1.187733    -0.000883
    1.189674    -0.000891
    1.191615    -0.000899
    1.193556    -0.000907
    1.195496    -0.000914
    1.197437    -0.000922
    1.199378    -0.000930
    1.201319    -0.000938
    1.203259    -0.000946
    1.205200    -0.000954
    1.207141    -0.000962
    1.209081    -0.000969
    1.211022    -0.000977
    1.212963    -0.000985
    1.214904    -0.000993
    1.216844    -0.001001
    1.218785    -0.001009
    1.220726    -0.001017
    1.222667    -0.001024
    1.224607    -0.001032
    1.226548    -0.001040
    1.228489    -0.001048
    1.230430    -0.001056
    1.232370    -0.001064
    1.234311    -0.001072
    1.236252    -0.001079
    1.238193    -0.001087
    1.240133    -0.001095
    1.242074    -0.001103
    1.244015    -0.001111
    1.245956    -0.001119
    1.247896    -0.001127
    1.249837    -0.001134
    1.251778    -0.001142
    1.253719    -0.001150
    1.255659    -0.001158
    1.257600    -0.001166
    1.259541    -0.001174
    1.261481    -0.001181
    1.263422    -0.001189
    1.265363    -0.001197
    1.267304    -0.001205
    1.269244    -0.001213
    1.271185    -0.001221
    1.273126    -0.001229
    1.275067    -0.001236
    1.277007    -0.001244
    1.278948    -0.001252
    1.280889    -0.001260
    1.282830    -0.001268
    1.284770    -0.001276
    1.286711    -0.001284
    1.288652    -0.001291
    1.290593    -0.001299
    1.292533    -0.001307
    1.294474    -0.001315
    1.296415    -0.001323
    1.298356    -0.001331
    1.300296    -0.001339
    1.302237    -0.001346
    1.304178    -0.001354
    1.306119    -0.001362
    1.308059    -0.001370
    1.310000    -0.001378
    1.311941    -0.001386
    1.313881    -0.001394
    1.315822    -0.001401
    1.317763    -0.001409
    1.319704    -0.001417
    1.321644    -0.001425
    1.323585    -0.001433
    1.325526    -0.001441
    1.327467    -0.001449
    1.329407    -0.001456
    1.331348    -0.001464
    1.333289    -0.001472
    1.335230    -0.001480
    1.337170    -0.001488
    1.339111    -0.001496
    1.341052    -0.001504
    1.342993    -0.001511
    1.344933    -0.001519
    1.346874    -0.001527
    1.348815    -0.001535
    1.350756    -0.001543
    1.352696    -0.001551
    1.354637    -0.001559
    1.356578    -0.001566
    1.358519    -0.001574
    1.360459    -0.001582
    1.362400    -0.001590
    1.364341    -0.001598
    1.366281    -0.001606
    1.368222    -0.001614
    1.370163    -0.001621
    1.372104    -0.001629
    1.374044    -0.001637
    1.375985    -0.001645
    1.377926    -0.001653
    1.379867    -0.001661
    1.381807    -0.001669
    1.383748    -0.001676
    1.385689    -0.001684
    1.387630    -0.001692
    1.389570    -0.001700
    1.391511    -0.001708
    1.393452    -0.001716
    1.395393    -0.001724
    1.397333    -0.001732
    1.399274    -0.001739
    1.401215    -0.001747
    1.403156    -0.001755
    1.405096    -0.001763
    1.407037    -0.001771
    1.408978    -0.001779
    1.410919    -0.001787
    1.412859    -0.001794
    1.414800    -0.001802
    1.416741    -0.001810
    1.418681    -0.001818
    1.420622    -0.001826
    1.422563    -0.001834
    1.424504    -0.001842
    1.426444    -0.001849
    1.428385    -0.001857
    1.430326    -0.001865
    1.432267    -0.001873
    1.434207    -0.001881
    1.436148    -0.001889
    1.438089    -0.001897
    1.440030    -0.001904
    1.441970    -0.001912
    1.443911    -0.001920
    1.445852    -0.001928
    1.447793    -0.001936
    1.449733    -0.001944
    1.451674    -0.001952
    1.453615    -0.001959
    1.455556    -0.001967
    1.457496    -0.001975
    1.459437    -0.001983
    1.461378    -0.001991
    1.463319    -0.001999
    1.465259    -0.002007
    1.467200    -0.002014
    1.469141    -0.002022
    1.471081    -0.002030
    1.473022    -0.002038
    1.474963    -0.002046
    1.476904    -0.002054
    1.478844    -0.002062
    1.480785    -0.002069
    1.482726    -0.002077
    1.484667    -0.002085
    1.486607    -0.002093
    1.488548    -0.002101
    1.490489    -0.002109
    1.492430    -0.002117
    1.494370    -0.002124
    1.496311    -0.002132
    1.498252    -0.002140
    1.500193    -0.002148
    1.502133    -0.002156
    1.504074    -0.002164
    1.506015    -0.002172
    1.507956    -0.002180
    1.509896    -0.002187
    1.511837    -0.002195
    1.513778    -0.002203
    1.515719    -0.002211
    1.517659    -0.002219
    1.519600    -0.002227
    1.521541    -0.002235
    1.523481    -0.002242
    1.525422    -0.002250
    1.527363    -0.002258
    1.529304    -0.002266
    1.531244    -0.002274
    1.533185    -0.002282
    1.535126    -0.002290
    1.537067    -0.002297
    1.539007    -0.002305
    1.540948    -0.002313
    1.542889    -0.002321
    1.544830    -0.002329
    1.546770    -0.002337
    1.548711    -0.002345
    1.550652    -0.002352
    1.552593    -0.002360
    1.554533    -0.002368
    1.556474    -0.002376
    1.558415    -0.002384
    1.560356    -0.002392
    1.562296    -0.002400
    1.564237    -0.002408
    1.566178    -0.002415
    1.568119    -0.002423
    1.570059    -0.002431
    1.572000    -0.002439
    1.573941    -0.002447
    1.575881    -0.002455
    1.577822    -0.002463
    1.579763    -0.002470
    1.581704    -0.002478
    1.583644    -0.002486
    1.585585    -0.002494
    1.587526    -0.002502
    1.589467    -0.002510
    1.591407    -0.002518
    1.593348    -0.002525
    1.595289    -0.002533
    1.597230    -0.002541
    1.599170    -0.002549
    1.601111    -0.002557
    1.603052    -0.002565
    1.604993    -0.002573
    1.606933    -0.002580
    1.608874    -0.002588
    1.610815    -0.002596
    1.612756    -0.002604
    1.614696    -0.002612
    1.616637    -0.002620
    1.618578    -0.002628
    1.620519    -0.002636
    1.622459    -0.002643
    1.624400    -0.002651
    1.626341    -0.002659
    1.628281    -0.002667
    1.630222    -0.002675
    1.632163    -0.002683
    1.634104    -0.002691
    1.636044    -0.002698
    1.637985    -0.002706
    1.639926    -0.002714
    1.641867    -0.002722
    1.643807    -0.002730
    1.645748    -0.002738
    1.647689    -0.002746
    1.649630    -0.002753
    1.651570    -0.002761
    1.653511    -0.002769
    1.655452    -0.002777
    1.657393    -0.002785
    1.659333    -0.002793
    1.661274    -0.002801
    1.663215    -0.002809
    1.665156    -0.002816
    1.667096    -0.002824
    1.669037    -0.002832
    1.670978    -0.002840
    1.672919    -0.002848
    1.674859    -0.002856
    1.676800    -0.002864
    1.678741    -0.002871
    1.680681    -0.002879
    1.682622    -0.002887
    1.684563    -0.002895
    1.686504    -0.002903
    1.688444    -0.002911
    1.690385    -0.002919
    1.692326    -0.002927
    1.694267    -0.002934
    1.696207    -0.002942
    1.698148    -0.002950
    1.700089    -0.002958
    1.702030    -0.002966
    1.703970    -0.002974
    1.705911    -0.002982
    1.707852    -0.002989
    1.709793    -0.002997
    1.711733    -0.003005
    1.713674    -0.003013
    1.715615    -0.003021
    1.717556    -0.003029
    1.719496    -0.003037
    1.721437    -0.003044
    1.723378    -0.003052
    1.725319    -0.003060
    1.727259    -0.003068
    1.729200    -0.003076
    1.731141    -0.003084
    1.733081    -0.003092
    1.735022    -0.003100
    1.736963    -0.003107
    1.738904    -0.003115
    1.740844    -0.003123
    1.742785    -0.003131
    1.744726    -0.003139
    1.746667    -0.003147
    1.748607    -0.003155
    1.750548    -0.003162
    1.752489    -0.003170
    1.754430    -0.003178
    1.756370    -0.003186
    1.758311    -0.003194
    1.760252    -0.003202
    1.762193    -0.003210
    1.764133    -0.003218
    1.766074    -0.003225
    1.768015    -0.003233
    1.769956    -0.003241
    1.771896    -0.003249
    1.773837    -0.003257
    1.775778    -0.003265
    1.777719    -0.003273
    1.779659    -0.003280
    1.781600    -0.003288
    1.783541    -0.003296
    1.785481    -0.003304
    1.787422    -0.003312
    1.789363    -0.003320
    1.791304    -0.003328
    1.793244    -0.003335
    1.795185    -0.003343
    1.797126    -0.003351
    1.799067    -0.003359
    1.801007    -0.003367
    1.802948    -0.003375
    1.804889    -0.003383
    1.806830    -0.003391
    1.808770    -0.003398
    1.810711    -0.003406
    1.812652    -0.003414
    1.814593    -0.003422
    1.816533    -0.003430
    1.818474    -0.003438
    1.820415    -0.003446
    1.822356    -0.003453
    1.824296    -0.003461
    1.826237    -0.003469
    1.828178    -0.003477
    1.830119    -0.003485
    1.832059    -0.003493
    1.834000    -0.003501
    1.835941    -0.003509
    1.837881    -0.003516
    1.839822    -0.003524
    1.841763    -0.003532
    1.843704    -0.003540
    1.845644    -0.003548
    1.847585    -0.003556
    1.849526    -0.003564
    1.851467    -0.003571
    1.853407    -0.003579
    1.855348    -0.003587
    1.857289    -0.003595
    1.859230    -0.003603
    1.861170    -0.003611
    1.863111    -0.003619
    1.865052    -0.003627
    1.866993    -0.003634
    1.868933    -0.003642
    1.870874    -0.003650
    1.872815    -0.003658
    1.874756    -0.003666
    1.876696    -0.003674
    1.878637    -0.003682
    1.880578    -0.003689
    1.882519    -0.003697
    1.884459    -0.003705
    1.886400    -0.003713
    1.888341    -0.003721
    1.890281    -0.003729
    1.892222    -0.003737
    1.894163    -0.003745
    1.896104    -0.003752
    1.898044    -0.003760
    1.899985    -0.003768
    1.901926    -0.003776
    1.903867    -0.003784
    1.905807    -0.003792
    1.907748    -0.003800
    1.909689    -0.003807
    1.911630    -0.003815
    1.913570    -0.003823
    1.915511    -0.003831
    1.917452    -0.003839
    1.919393    -0.003847
    1.921333    -0.003855
    1.923274    -0.003863
    1.925215    -0.003870
    1.927156    -0.003878
    1.929096    -0.003886
    1.931037    -0.003894
    1.932978    -0.003902
    1.934919    -0.003910
    1.936859    -0.003918
    1.938800    -0.003926
