    0.000000    -0.020000
    0.001101    -0.019990
    0.002202    -0.019980
    0.003303    -0.019970
    0.004404    -0.019960
    0.005506    -0.019950
    0.006607    -0.019940
    0.007708    -0.019930
    0.008809    -0.019920
    0.009910    -0.019910
    0.011011    -0.019900
    0.012112    -0.019890
    0.013213    -0.019880
    0.014314    -0.019870
    0.015415    -0.019860
    0.016517    -0.019850
    0.017618    -0.019840
    0.018719    -0.019830
    0.019820    -0.019820
    0.020921    -0.019810
    0.022022    -0.019800
    0.023123    -0.019790
    0.024224    -0.019780
    0.025325    -0.019770
    0.026426    -0.019760
    0.027528    -0.019750
    0.028629    -0.019740
    0.029730    -0.019730
    0.030831    -0.019720
    0.031932    -0.019710
    0.033033    -0.019700
    0.034134    -0.019690
    0.035235    -0.019680
    0.036336    -0.019670
    0.037437    -0.019660
    0.038539    -0.019650
    0.039640    -0.019640
    0.040741    -0.019630
    0.041842    -0.019620
    0.042943    -0.019610
    0.044044    -0.019600
    0.045145    -0.019590
    0.046246    -0.019580
    0.047347    -0.019570
    0.048448    -0.019560
    0.049550    -0.019550
    0.050651    -0.019540
    0.051752    -0.019530
    0.052853    -0.019520
    0.053954    -0.019510
    0.055055    -0.019499
    0.056156    -0.019489
    0.057257    -0.019479
    0.058358    -0.019469
    0.059459    -0.019459
    0.060561    -0.019449
    0.061662    -0.019439
    0.062763    -0.019429
    0.063864    -0.019419
    0.064965    -0.019409
    0.066066    -0.019399
    0.067167    -0.019389
    0.068268    -0.019379
    0.069369    -0.019369
    0.070470    -0.019359
    0.071572    -0.019349
    0.072673    -0.019339
    0.073774    -0.019329
    0.074875    -0.019319
    0.075976    -0.019309
    0.077077    -0.019299
    0.078178    -0.019289
    0.079279    -0.019279
    0.080380    -0.019269
    0.081481    -0.019259
    0.082583    -0.019249
    0.083684    -0.019239
    0.084785    -0.019229
    0.085886    -0.019219
    0.086987    -0.019209
    0.088088    -0.019199
    0.089189    -0.019189
    0.090290    -0.019179
    0.091391    -0.019169
    0.092492    -0.019159
    0.093594    -0.019149
    0.094695    -0.019139
    0.095796    -0.019129
    0.096897    -0.019119
    0.097998    -0.019109
    0.099099    -0.019099
    0.100200    -0.019089
    0.101301    -0.019079
    0.102402    -0.019069
    0.103504    -0.019059
    0.104605    -0.019049
    0.105706    -0.019039
    0.106807    -0.019029
    0.107908    -0.019019
    0.109009    -0.019009
    0.110110    -0.018999
    0.111211    -0.018989
    0.112312    -0.018979
    0.113413    -0.018969
    0.114515    -0.018959
    0.115616    -0.018949
    0.116717    -0.018939
    0.117818    -0.018929
    0.118919    -0.018919
    0.120020    -0.018909
    0.121121    -0.018899
    0.122222    -0.018889
    0.123323    -0.018879
    0.124424    -0.018869
    0.125526    -0.018859
    0.126627    -0.018849
    0.127728    -0.018839
    0.128829    -0.018829
    0.129930    -0.018819
    0.131031    -0.018809
    0.132132    -0.018799
    0.133233    -0.018789
    0.134334    -0.018779
    0.135435    -0.018769
    0.136537    -0.018759
    0.137638    -0.018749
    0.138739    -0.018739
    0.139840    -0.018729
    0.140941    -0.018719
    0.142042    -0.018709
    0.143143    -0.018699
    0.144244    -0.018689
    0.145345    -0.018679
    0.146446    -0.018669
    0.147548    -0.018659
    0.148649    -0.018649
    0.149750    -0.018639
    0.150851    -0.018629
    0.151952    -0.018619
    0.153053    -0.018609
    0.154154    -0.018599
    0.155255    -0.018589
    0.156356    -0.018579
    0.157457    -0.018569
    0.158559    -0.018559
    0.159660    -0.018549
    0.160761    -0.018539
    0.161862    -0.018529
    0.162963    -0.018519
    0.164064    -0.018509
    0.165165    -0.018498
    0.166266    -0.018488
    0.167367    -0.018478
    0.168468    -0.018468
    0.169570    -0.018458
    0.170671    -0.018448
    0.171772    -0.018438
    0.172873    -0.018428
    0.173974    -0.018418
    0.175075    -0.018408
    0.176176    -0.018398
    0.177277    -0.018388
    0.178378    -0.018378
    0.179479    -0.018368
    0.180581    -0.018358
    0.181682    -0.018348
    0.182783    -0.018338
    0.183884    -0.018328
    0.184985    -0.018318
    0.186086    -0.018308
    0.187187    -0.018298
    0.188288    -0.018288
    0.189389    -0.018278
    0.190490    -0.018268
    0.191592    -0.018258
    0.192693    -0.018248
    0.193794    -0.018238
    0.194895    -0.018228
    0.195996    -0.018218
    0.197097    -0.018208
    0.198198    -0.018198
    0.199299    -0.018188
    0.200400    -0.018178
    0.201502    -0.018168
    0.202603    -0.018158
    0.203704    -0.018148
    0.204805    -0.018138
    0.205906    -0.018128
    0.207007    -0.018118
    0.208108    -0.018108
    0.209209    -0.018098
    0.210310    -0.018088
    0.211411    -0.018078
    0.212513    -0.018068
    0.213614    -0.018058
    0.214715    -0.018048
    0.215816    -0.018038
    0.216917    -0.018028
    0.218018    -0.018018
    0.219119    -0.018008
    0.220220    -0.017998
    0.221321    -0.017988
    0.222422    -0.017978
    0.223524    -0.017968
    0.224625    -0.017958
    0.225726    -0.017948
    0.226827    -0.017938
    0.227928    -0.017928
    0.229029    -0.017918
    0.230130    -0.017908
    0.231231    -0.017898
    0.232332    -0.017888
    0.233433    -0.017878
    0.234535    -0.017868
    0.235636    -0.017858
    0.236737    -0.017848
    0.237838    -0.017838
    0.238939    -0.017828
    0.240040    -0.017818
    0.241141    -0.017808
    0.242242    -0.017798
    0.243343    -0.017788
    0.244444    -0.017778
    0.245546    -0.017768
    0.246647    -0.017758
    0.247748    -0.017748
    0.248849    -0.017738
    0.249950    -0.017728
    0.251051    -0.017718
    0.252152    -0.017708
    0.253253    -0.017698
    0.254354    -0.017688
    0.255455    -0.017678
    0.256557    -0.017668
    0.257658    -0.017658
    0.258759    -0.017648
    0.259860    -0.017638
    0.260961    -0.017628
    0.262062    -0.017618
    0.263163    -0.017608
    0.264264    -0.017598
    0.265365    -0.017588
    0.266466    -0.017578
    0.267568    -0.017568
    0.268669    -0.017558
    0.269770    -0.017548
    0.270871    -0.017538
    0.271972    -0.017528
    0.273073    -0.017518
    0.274174    -0.017508
    0.275275    -0.017497
    0.276376    -0.017487
    0.277477    -0.017477
    0.278579    -0.017467
    0.279680    -0.017457
    0.280781    -0.017447
    0.281882    -0.017437
    0.282983    -0.017427
    0.284084    -0.017417
    0.285185    -0.017407
    0.286286    -0.017397
    0.287387    -0.017387
    0.288488    -0.017377
    0.289590    -0.017367
    0.290691    -0.017357
    0.291792    -0.017347
    0.292893    -0.017337
    0.293994    -0.017327
    0.295095    -0.017317
    0.296196    -0.017307
    0.297297    -0.017297
    0.298398    -0.017287
    0.299499    -0.017277
    0.300601    -0.017267
    0.301702    -0.017257
    0.302803    -0.017247
    0.303904    -0.017237
    0.305005    -0.017227
    0.306106    -0.017217
    0.307207    -0.017207
    0.308308    -0.017197
    0.309409    -0.017187
    0.310511    -0.017177
    0.311612    -0.017167
    0.312713    -0.017157
    0.313814    -0.017147
    0.314915    -0.017137
    0.316016    -0.017127
    0.317117    -0.017117
    0.318218    -0.017107
    0.319319    -0.017097
    0.320420    -0.017087
    0.321522    -0.017077
    0.322623    -0.017067
    0.323724    -0.017057
    0.324825    -0.017047
    0.325926    -0.017037
    0.327027    -0.017027
    0.328128    -0.017017
    0.329229    -0.017007
    0.330330    -0.016997
    0.331431    -0.016987
    0.332533    -0.016977
    0.333634    -0.016967
    0.334735    -0.016957
    0.335836    -0.016947
    0.336937    -0.016937
    0.338038    -0.016927
    0.339139    -0.016917
    0.340240    -0.016907
    0.341341    -0.016897
    0.342442    -0.016887
    0.343544    -0.016877
    0.344645    -0.016867
    0.345746    -0.016857
    0.346847    -0.016847
    0.347948    -0.016837
    0.349049    -0.016827
    0.350150    -0.016817
    0.351251    -0.016807
    0.352352    -0.016797
    0.353453    -0.016787
    0.354555    -0.016777
    0.355656    -0.016767
    0.356757    -0.016757
    0.357858    -0.016747
    0.358959    -0.016737
    0.360060    -0.016727
    0.361161    -0.016717
    0.362262    -0.016707
    0.363363    -0.016697
    0.364464    -0.016687
    0.365566    -0.016677
    0.366667    -0.016667
    0.367768    -0.016657
    0.368869    -0.016647
    0.369970    -0.016637
    0.371071    -0.016627
    0.372172    -0.016617
    0.373273    -0.016607
    0.374374    -0.016597
    0.375475    -0.016587
    0.376577    -0.016577
    0.377678    -0.016567
    0.378779    -0.016557
    0.379880    -0.016547
    0.380981    -0.016537
    0.382082    -0.016527
    0.383183    -0.016517
    0.384284    -0.016507
    0.385385    -0.016496
    0.386486    -0.016486
    0.387588    -0.016476
    0.388689    -0.016466
    0.389790    -0.016456
    0.390891    -0.016446
    0.391992    -0.016436
    0.393093    -0.016426
    0.394194    -0.016416
    0.395295    -0.016406
    0.396396    -0.016396
    0.397497    -0.016386
    0.398599    -0.016376
    0.399700    -0.016366
    0.400801    -0.016356
    0.401902    -0.016346
    0.403003    -0.016336
    0.404104    -0.016326
    0.405205    -0.016316
    0.406306    -0.016306
    0.407407    -0.016296
    0.408509    -0.016286
    0.409610    -0.016276
    0.410711    -0.016266
    0.411812    -0.016256
    0.412913    -0.016246
    0.414014    -0.016236
    0.415115    -0.016226
    0.416216    -0.016216
    0.417317    -0.016206
    0.418418    -0.016196
    0.419520    -0.016186
    0.420621    -0.016176
    0.421722    -0.016166
    0.422823    -0.016156
    0.423924    -0.016146
    0.425025    -0.016136
    0.426126    -0.016126
    0.427227    -0.016116
    0.428328    -0.016106
    0.429429    -0.016096
    0.430531    -0.016086
    0.431632    -0.016076
    0.432733    -0.016066
    0.433834    -0.016056
    0.434935    -0.016046
    0.436036    -0.016036
    0.437137    -0.016026
    0.438238    -0.016016
    0.439339    -0.016006
    0.440440    -0.015996
    0.441542    -0.015986
    0.442643    -0.015976
    0.443744    -0.015966
    0.444845    -0.015956
    0.445946    -0.015946
    0.447047    -0.015936
    0.448148    -0.015926
    0.449249    -0.015916
    0.450350    -0.015906
    0.451451    -0.015896
    0.452553    -0.015886
    0.453654    -0.015876
    0.454755    -0.015866
    0.455856    -0.015856
    0.456957    -0.015846
    0.458058    -0.015836
    0.459159    -0.015826
    0.460260    -0.015816
    0.461361    -0.015806
    0.462462    -0.015796
    0.463564    -0.015786
    0.464665    -0.015776
    0.465766    -0.015766
    0.466867    -0.015756
    0.467968    -0.015746
    0.469069    -0.015736
    0.470170    -0.015726
    0.471271    -0.015716
    0.472372    -0.015706
    0.473473    -0.015696
    0.474575    -0.015686
    0.475676    -0.015676
    0.476777    -0.015666
    0.477878    -0.015656
    0.478979    -0.015646
    0.480080    -0.015636
    0.481181    -0.015626
    0.482282    -0.015616
    0.483383    -0.015606
    0.484484    -0.015596
    0.485586    -0.015586
    0.486687    -0.015576
    0.487788    -0.015566
    0.488889    -0.015556
    0.489990    -0.015546
    0.491091    -0.015536
    0.492192    -0.015526
    0.493293    -0.015516
    0.494394    -0.015505
    0.495495    -0.015495
    0.496597    -0.015485
    0.497698    -0.015475
    0.498799    -0.015465
    0.499900    -0.015455
    0.501001    -0.015445
    0.502102    -0.015435
    0.503203    -0.015425
    0.504304    -0.015415
    0.505405    -0.015405
    0.506507    -0.015395
    0.507608    -0.015385
    0.508709    -0.015375
    0.509810    -0.015365
    0.510911    -0.015355
    0.512012    -0.015345
    0.513113    -0.015335
    0.514214    -0.015325
    0.515315    -0.015315
    0.516416    -0.015305
    0.517518    -0.015295
    0.518619    -0.015285
    0.519720    -0.015275
    0.520821    -0.015265
    0.521922    -0.015255
    0.523023    -0.015245
    0.524124    -0.015235
    0.525225    -0.015225
    0.526326    -0.015215
    0.527427    -0.015205
    0.528529    -0.015195
    0.529630    -0.015185
    0.530731    -0.015175
    0.531832    -0.015165
    0.532933    -0.015155
    0.534034    -0.015145
    0.535135    -0.015135
    0.536236    -0.015125
    0.537337    -0.015115
    0.538438    -0.015105
    0.539540    -0.015095
    0.540641    -0.015085
    0.541742    -0.015075
    0.542843    -0.015065
    0.543944    -0.015055
    0.545045    -0.015045
    0.546146    -0.015035
    0.547247    -0.015025
    0.548348    -0.015015
    0.549449    -0.015005
    0.550551    -0.014995
    0.551652    -0.014985
    0.552753    -0.014975
    0.553854    -0.014965
    0.554955    -0.014955
    0.556056    -0.014945
    0.557157    -0.014935
    0.558258    -0.014925
    0.559359    -0.014915
    0.560460    -0.014905
    0.561562    -0.014895
    0.562663    -0.014885
    0.563764    -0.014875
    0.564865    -0.014865
    0.565966    -0.014855
    0.567067    -0.014845
    0.568168    -0.014835
    0.569269    -0.014825
    0.570370    -0.014815
    0.571471    -0.014805
    0.572573    -0.014795
    0.573674    -0.014785
    0.574775    -0.014775
    0.575876    -0.014765
    0.576977    -0.014754
    0.578078    -0.014744
    0.579179    -0.014734
    0.580280    -0.014724
    0.581381    -0.014714
    0.582482    -0.014704
    0.583584    -0.014694
    0.584685    -0.014684
    0.585786    -0.014674
    0.586887    -0.014664
    0.587988    -0.014654
    0.589089    -0.014644
    0.590190    -0.014634
    0.591291    -0.014624
    0.592392    -0.014614
    0.593493    -0.014604
    0.594595    -0.014594
    0.595696    -0.014584
    0.596797    -0.014574
    0.597898    -0.014564
    0.598999    -0.014554
    0.600100    -0.014544
    0.601201    -0.014534
    0.602302    -0.014524
    0.603403    -0.014514
    0.604505    -0.014504
    0.605606    -0.014494
    0.606707    -0.014484
    0.607808    -0.014474
    0.608909    -0.014464
    0.610010    -0.014454
    0.611111    -0.014444
    0.612212    -0.014434
    0.613313    -0.014424
    0.614414    -0.014413
    0.615516    -0.014403
    0.616617    -0.014393
    0.617718    -0.014383
    0.618819    -0.014373
    0.619920    -0.014363
    0.621021    -0.014353
    0.622122    -0.014343
    0.623223    -0.014333
    0.624324    -0.014323
    0.625425    -0.014313
    0.626527    -0.014303
    0.627628    -0.014293
    0.628729    -0.014283
    0.629830    -0.014273
    0.630931    -0.014263
    0.632032    -0.014252
    0.633133    -0.014242
    0.634234    -0.014232
    0.635335    -0.014222
    0.636436    -0.014212
    0.637538    -0.014202
    0.638639    -0.014192
    0.639740    -0.014182
    0.640841    -0.014172
    0.641942    -0.014162
    0.643043    -0.014152
    0.644144    -0.014141
    0.645245    -0.014131
    0.646346    -0.014121
    0.647447    -0.014111
    0.648549    -0.014101
    0.649650    -0.014091
    0.650751    -0.014081
    0.651852    -0.014070
    0.652953    -0.014060
    0.654054    -0.014050
    0.655155    -0.014040
    0.656256    -0.014030
    0.657357    -0.014020
    0.658458    -0.014010
    0.659560    -0.013999
    0.660661    -0.013989
    0.661762    -0.013979
    0.662863    -0.013969
    0.663964    -0.013958
    0.665065    -0.013948
    0.666166    -0.013938
    0.667267    -0.013928
    0.668368    -0.013918
    0.669469    -0.013907
    0.670571    -0.013897
    0.671672    -0.013887
    0.672773    -0.013876
    0.673874    -0.013866
    0.674975    -0.013856
    0.676076    -0.013845
    0.677177    -0.013835
    0.678278    -0.013825
    0.679379    -0.013814
    0.680480    -0.013804
    0.681582    -0.013794
    0.682683    -0.013783
    0.683784    -0.013773
    0.684885    -0.013762
    0.685986    -0.013752
    0.687087    -0.013741
    0.688188    -0.013731
    0.689289    -0.013720
    0.690390    -0.013710
    0.691491    -0.013699
    0.692593    -0.013689
    0.693694    -0.013678
    0.694795    -0.013668
    0.695896    -0.013657
    0.696997    -0.013646
    0.698098    -0.013636
    0.699199    -0.013625
    0.700300    -0.013614
    0.701401    -0.013603
    0.702503    -0.013593
    0.703604    -0.013582
    0.704705    -0.013571
    0.705806    -0.013560
    0.706907    -0.013549
    0.708008    -0.013538
    0.709109    -0.013527
    0.710210    -0.013516
    0.711311    -0.013505
    0.712412    -0.013494
    0.713514    -0.013483
    0.714615    -0.013471
    0.715716    -0.013460
    0.716817    -0.013449
    0.717918    -0.013437
    0.719019    -0.013426
    0.720120    -0.013415
    0.721221    -0.013403
    0.722322    -0.013391
    0.723423    -0.013380
    0.724525    -0.013368
    0.725626    -0.013356
    0.726727    -0.013345
    0.727828    -0.013333
    0.728929    -0.013321
    0.730030    -0.013309
    0.731131    -0.013296
    0.732232    -0.013284
    0.733333    -0.013272
    0.734434    -0.013260
    0.735536    -0.013247
    0.736637    -0.013235
    0.737738    -0.013222
    0.738839    -0.013209
    0.739940    -0.013196
    0.741041    -0.013183
    0.742142    -0.013170
    0.743243    -0.013157
    0.744344    -0.013144
    0.745445    -0.013130
    0.746547    -0.013117
    0.747648    -0.013103
    0.748749    -0.013089
    0.749850    -0.013075
    0.750951    -0.013061
    0.752052    -0.013047
    0.753153    -0.013033
    0.754254    -0.013018
    0.755355    -0.013004
    0.756456    -0.012989
    0.757558    -0.012974
    0.758659    -0.012958
    0.759760    -0.012943
    0.760861    -0.012927
    0.761962    -0.012912
    0.763063    -0.012896
    0.764164    -0.012879
    0.765265    -0.012863
    0.766366    -0.012846
    0.767467    -0.012829
    0.768569    -0.012812
    0.769670    -0.012795
    0.770771    -0.012777
    0.771872    -0.012760
    0.772973    -0.012741
    0.774074    -0.012723
    0.775175    -0.012704
    0.776276    -0.012685
    0.777377    -0.012666
    0.778478    -0.012647
    0.779580    -0.012627
    0.780681    -0.012607
    0.781782    -0.012586
    0.782883    -0.012566
    0.783984    -0.012544
    0.785085    -0.012523
    0.786186    -0.012501
    0.787287    -0.012479
    0.788388    -0.012456
    0.789489    -0.012434
    0.790591    -0.012410
    0.791692    -0.012387
    0.792793    -0.012362
    0.793894    -0.012338
    0.794995    -0.012313
    0.796096    -0.012288
    0.797197    -0.012262
    0.798298    -0.012236
    0.799399    -0.012209
    0.800501    -0.012182
    0.801602    -0.012154
    0.802703    -0.012126
    0.803804    -0.012098
    0.804905    -0.012069
    0.806006    -0.012039
    0.807107    -0.012010
    0.808208    -0.011979
    0.809309    -0.011948
    0.810410    -0.011917
    0.811512    -0.011885
    0.812613    -0.011852
    0.813714    -0.011819
    0.814815    -0.011786
    0.815916    -0.011752
    0.817017    -0.011717
    0.818118    -0.011682
    0.819219    -0.011646
    0.820320    -0.011610
    0.821421    -0.011573
    0.822523    -0.011536
    0.823624    -0.011498
    0.824725    -0.011459
    0.825826    -0.011420
    0.826927    -0.011380
    0.828028    -0.011340
    0.829129    -0.011299
    0.830230    -0.011258
    0.831331    -0.011216
    0.832432    -0.011174
    0.833534    -0.011130
    0.834635    -0.011087
    0.835736    -0.011043
    0.836837    -0.010998
    0.837938    -0.010952
    0.839039    -0.010906
    0.840140    -0.010860
    0.841241    -0.010813
    0.842342    -0.010765
    0.843443    -0.010717
    0.844545    -0.010668
    0.845646    -0.010619
    0.846747    -0.010569
    0.847848    -0.010519
    0.848949    -0.010468
    0.850050    -0.010416
    0.851151    -0.010364
    0.852252    -0.010311
    0.853353    -0.010258
    0.854454    -0.010204
    0.855556    -0.010150
    0.856657    -0.010095
    0.857758    -0.010040
    0.858859    -0.009984
    0.859960    -0.009928
    0.861061    -0.009871
    0.862162    -0.009813
    0.863263    -0.009755
    0.864364    -0.009697
    0.865465    -0.009638
    0.866567    -0.009579
    0.867668    -0.009519
    0.868769    -0.009458
    0.869870    -0.009397
    0.870971    -0.009336
    0.872072    -0.009274
    0.873173    -0.009212
    0.874274    -0.009149
    0.875375    -0.009086
    0.876476    -0.009023
    0.877578    -0.008958
    0.878679    -0.008894
    0.879780    -0.008829
    0.880881    -0.008764
    0.881982    -0.008698
    0.883083    -0.008632
    0.884184    -0.008565
    0.885285    -0.008498
    0.886386    -0.008430
    0.887487    -0.008363
    0.888589    -0.008294
    0.889690    -0.008226
    0.890791    -0.008157
    0.891892    -0.008087
    0.892993    -0.008017
    0.894094    -0.007947
    0.895195    -0.007877
    0.896296    -0.007806
    0.897397    -0.007735
    0.898498    -0.007663
    0.899600    -0.007591
    0.900701    -0.007519
    0.901802    -0.007446
    0.902903    -0.007373
    0.904004    -0.007300
    0.905105    -0.007226
    0.906206    -0.007152
    0.907307    -0.007078
    0.908408    -0.007003
    0.909510    -0.006928
    0.910611    -0.006853
    0.911712    -0.006777
    0.912813    -0.006702
    0.913914    -0.006625
    0.915015    -0.006549
    0.916116    -0.006472
    0.917217    -0.006395
    0.918318    -0.006318
    0.919419    -0.006240
    0.920521    -0.006163
    0.921622    -0.006085
    0.922723    -0.006006
    0.923824    -0.005927
    0.924925    -0.005849
    0.926026    -0.005769
    0.927127    -0.005690
    0.928228    -0.005610
    0.929329    -0.005530
    0.930430    -0.005450
    0.931532    -0.005370
    0.932633    -0.005289
    0.933734    -0.005208
    0.934835    -0.005127
    0.935936    -0.005046
    0.937037    -0.004964
    0.938138    -0.004883
    0.939239    -0.004801
    0.940340    -0.004718
    0.941441    -0.004636
    0.942543    -0.004553
    0.943644    -0.004470
    0.944745    -0.004387
    0.945846    -0.004304
    0.946947    -0.004220
    0.948048    -0.004137
    0.949149    -0.004053
    0.950250    -0.003969
    0.951351    -0.003885
    0.952452    -0.003800
    0.953554    -0.003715
    0.954655    -0.003631
    0.955756    -0.003546
    0.956857    -0.003460
    0.957958    -0.003375
    0.959059    -0.003290
    0.960160    -0.003204
    0.961261    -0.003118
    0.962362    -0.003032
    0.963463    -0.002946
    0.964565    -0.002859
    0.965666    -0.002773
    0.966767    -0.002686
    0.967868    -0.002599
    0.968969    -0.002512
    0.970070    -0.002425
    0.971171    -0.002337
    0.972272    -0.002250
    0.973373    -0.002162
    0.974474    -0.002074
    0.975576    -0.001986
    0.976677    -0.001898
    0.977778    -0.001810
    0.978879    -0.001722
    0.979980    -0.001633
    0.981081    -0.001544
    0.982182    -0.001455
    0.983283    -0.001366
    0.984384    -0.001277
    0.985485    -0.001188
    0.986587    -0.001099
    0.987688    -0.001009
    0.988789    -0.000920
    0.989890    -0.000830
    0.990991    -0.000740
    0.992092    -0.000650
    0.993193    -0.000560
    0.994294    -0.000470
    0.995395    -0.000379
    0.996496    -0.000289
    0.997598    -0.000198
    0.998699    -0.000107
    0.999800    -0.000017
    1.000901     0.000074
    1.002002     0.000166
    1.003103     0.000257
    1.004204     0.000348
    1.005305     0.000439
    1.006406     0.000531
    1.007508     0.000623
    1.008609     0.000714
    1.009710     0.000806
    1.010811     0.000898
    1.011912     0.000990
    1.013013     0.001082
    1.014114     0.001175
    1.015215     0.001267
    1.016316     0.001359
    1.017417     0.001452
    1.018519     0.001545
    1.019620     0.001637
    1.020721     0.001730
    1.021822     0.001823
    1.022923     0.001916
    1.024024     0.002009
    1.025125     0.002103
    1.026226     0.002196
    1.027327     0.002289
    1.028428     0.002383
    1.029530     0.002476
    1.030631     0.002570
    1.031732     0.002664
    1.032833     0.002758
    1.033934     0.002852
    1.035035     0.002946
    1.036136     0.003040
    1.037237     0.003134
    1.038338     0.003228
    1.039439     0.003323
    1.040541     0.003417
    1.041642     0.003511
    1.042743     0.003606
    1.043844     0.003701
    1.044945     0.003795
    1.046046     0.003890
    1.047147     0.003985
    1.048248     0.004080
    1.049349     0.004175
    1.050450     0.004270
    1.051552     0.004365
    1.052653     0.004461
    1.053754     0.004556
    1.054855     0.004651
    1.055956     0.004747
    1.057057     0.004842
    1.058158     0.004938
    1.059259     0.005034
    1.060360     0.005130
    1.061461     0.005225
    1.062563     0.005321
    1.063664     0.005417
    1.064765     0.005513
    1.065866     0.005609
    1.066967     0.005706
    1.068068     0.005802
    1.069169     0.005898
    1.070270     0.005994
    1.071371     0.006091
    1.072472     0.006187
    1.073574     0.006284
    1.074675     0.006380
    1.075776     0.006477
    1.076877     0.006574
    1.077978     0.006671
    1.079079     0.006767
    1.080180     0.006864
    1.081281     0.006961
    1.082382     0.007058
    1.083483     0.007155
    1.084585     0.007252
    1.085686     0.007350
    1.086787     0.007447
    1.087888     0.007544
    1.088989     0.007642
    1.090090     0.007739
    1.091191     0.007836
    1.092292     0.007934
    1.093393     0.008031
    1.094494     0.008129
    1.095596     0.008227
    1.096697     0.008324
    1.097798     0.008422
    1.098899     0.008520
    1.100000     0.008618
