     V         Ical
  0.00   0.76052344
  0.01   0.75688836
  0.02   0.75325327
  0.03   0.74961817
  0.04   0.74598306
  0.05   0.74234795
  0.06   0.73871282
  0.07   0.73507769
  0.08   0.73144254
  0.09   0.72780738
  0.10   0.72417220
  0.11   0.72053700
  0.12   0.71690179
  0.13   0.71326654
  0.14   0.70963128
  0.15   0.70599598
  0.16   0.70236065
  0.17   0.69872527
  0.18   0.69508986
  0.19   0.69145439
  0.20   0.68781887
  0.21   0.68418328
  0.22   0.68054761
  0.23   0.67691187
  0.24   0.67327603
  0.25   0.66964008
  0.26   0.66600401
  0.27   0.66236780
  0.28   0.65873143
  0.29   0.65509489
  0.30   0.65145814
  0.31   0.64782116
  0.32   0.64418392
  0.33   0.64054639
  0.34   0.63690852
  0.35   0.63327027
  0.36   0.62963159
  0.37   0.62599242
  0.38   0.62235270
  0.39   0.61871234
  0.40   0.61507127
  0.41   0.61142939
  0.42   0.60778658
  0.43   0.60414274
  0.44   0.60049770
  0.45   0.59685132
  0.46   0.59320342
  0.47   0.58955378
  0.48   0.58590218
  0.49   0.58224835
  0.50   0.57859199
  0.51   0.57493276
  0.52   0.57127027
  0.53   0.56760409
  0.54   0.56393372
  0.55   0.56025860
  0.56   0.55657808
  0.57   0.55289143
  0.58   0.54919785
  0.59   0.54549638
  0.60   0.54178597
  0.61   0.53806541
  0.62   0.53433335
  0.63   0.53058822
  0.64   0.52682828
  0.65   0.52305152
  0.66   0.51925569
  0.67   0.51543822
  0.68   0.51159619
  0.69   0.50772631
  0.70   0.50382481
  0.71   0.49988745
  0.72   0.49590940
  0.73   0.49188518
  0.74   0.48780858
  0.75   0.48367254
  0.76   0.47946908
  0.77   0.47518912
  0.78   0.47082236
  0.79   0.46635712
  0.80   0.46178016
  0.81   0.45707643
  0.82   0.45222889
  0.83   0.44721818
  0.84   0.44202236
  0.85   0.43661652
  0.86   0.43097242
  0.87   0.42505801
  0.88   0.41883694
  0.89   0.41226798
  0.90   0.40530436
  0.91   0.39789304
  0.92   0.38997384
  0.93   0.38147853
  0.94   0.37232972
  0.95   0.36243966
  0.96   0.35170883
  0.97   0.34002440
  0.98   0.32725846
  0.99   0.31326600
  1.00   0.29788264
