     V         Ical
  0.00   0.76063097
  0.01   0.75840920
  0.02   0.75618742
  0.03   0.75396563
  0.04   0.75174384
  0.05   0.74952204
  0.06   0.74730023
  0.07   0.74507841
  0.08   0.74285657
  0.09   0.74063472
  0.10   0.73841286
  0.11   0.73619097
  0.12   0.73396907
  0.13   0.73174714
  0.14   0.72952519
  0.15   0.72730320
  0.16   0.72508118
  0.17   0.72285912
  0.18   0.72063702
  0.19   0.71841487
  0.20   0.71619265
  0.21   0.71397038
  0.22   0.71174803
  0.23   0.70952560
  0.24   0.70730307
  0.25   0.70508043
  0.26   0.70285767
  0.27   0.70063478
  0.28   0.69841172
  0.29   0.69618849
  0.30   0.69396505
  0.31   0.69174139
  0.32   0.68951746
  0.33   0.68729324
  0.34   0.68506868
  0.35   0.68284374
  0.36   0.68061837
  0.37   0.67839251
  0.38   0.67616610
  0.39   0.67393905
  0.40   0.67171128
  0.41   0.66948271
  0.42   0.66725321
  0.43   0.66502266
  0.44   0.66279093
  0.45   0.66055785
  0.46   0.65832325
  0.47   0.65608691
  0.48   0.65384860
  0.49   0.65160806
  0.50   0.64936499
  0.51   0.64711905
  0.52   0.64486984
  0.53   0.64261694
  0.54   0.64035984
  0.55   0.63809797
  0.56   0.63583071
  0.57   0.63355731
  0.58   0.63127696
  0.59   0.62898872
  0.60   0.62669152
  0.61   0.62438416
  0.62   0.62206527
  0.63   0.61973331
  0.64   0.61738650
  0.65   0.61502285
  0.66   0.61264010
  0.67   0.61023568
  0.68   0.60780665
  0.69   0.60534973
  0.70   0.60286114
  0.71   0.60033662
  0.72   0.59777135
  0.73   0.59515983
  0.74   0.59249583
  0.75   0.58977230
  0.76   0.58698123
  0.77   0.58411352
  0.78   0.58115885
  0.79   0.57810552
  0.80   0.57494026
  0.81   0.57164801
  0.82   0.56821167
  0.83   0.56461186
  0.84   0.56082657
  0.85   0.55683087
  0.86   0.55259644
  0.87   0.54809117
  0.88   0.54327864
  0.89   0.53811752
  0.90   0.53256095
  0.91   0.52655576
  0.92   0.52004166
  0.93   0.51295025
  0.94   0.50520399
  0.95   0.49671491
  0.96   0.48738328
  0.97   0.47709602
  0.98   0.46572491
  0.99   0.45312462
  1.00   0.43913040
