     V         Ical
  0.00   0.76067829
  0.01   0.75907850
  0.02   0.75747871
  0.03   0.75587891
  0.04   0.75427910
  0.05   0.75267928
  0.06   0.75107946
  0.07   0.74947962
  0.08   0.74787977
  0.09   0.74627990
  0.10   0.74468002
  0.11   0.74308012
  0.12   0.74148020
  0.13   0.73988026
  0.14   0.73828029
  0.15   0.73668029
  0.16   0.73508025
  0.17   0.73348018
  0.18   0.73188006
  0.19   0.73027989
  0.20   0.72867966
  0.21   0.72707937
  0.22   0.72547901
  0.23   0.72387856
  0.24   0.72227801
  0.25   0.72067736
  0.26   0.71907659
  0.27   0.71747567
  0.28   0.71587460
  0.29   0.71427335
  0.30   0.71267190
  0.31   0.71107022
  0.32   0.70946828
  0.33   0.70786604
  0.34   0.70626347
  0.35   0.70466051
  0.36   0.70305712
  0.37   0.70145325
  0.38   0.69984881
  0.39   0.69824375
  0.40   0.69663796
  0.41   0.69503137
  0.42   0.69342385
  0.43   0.69181529
  0.44   0.69020554
  0.45   0.68859444
  0.46   0.68698181
  0.47   0.68536745
  0.48   0.68375111
  0.49   0.68213255
  0.50   0.68051145
  0.51   0.67888748
  0.52   0.67726024
  0.53   0.67562931
  0.54   0.67399417
  0.55   0.67235427
  0.56   0.67070897
  0.57   0.66905753
  0.58   0.66739912
  0.59   0.66573283
  0.60   0.66405757
  0.61   0.66237214
  0.62   0.66067518
  0.63   0.65896513
  0.64   0.65724023
  0.65   0.65549848
  0.66   0.65373761
  0.67   0.65195505
  0.68   0.65014788
  0.69   0.64831278
  0.70   0.64644599
  0.71   0.64454326
  0.72   0.64259973
  0.73   0.64060992
  0.74   0.63856760
  0.75   0.63646570
  0.76   0.63429620
  0.77   0.63205000
  0.78   0.62971678
  0.79   0.62728482
  0.80   0.62474084
  0.81   0.62206976
  0.82   0.61925447
  0.83   0.61627558
  0.84   0.61311106
  0.85   0.60973594
  0.86   0.60612189
  0.87   0.60223677
  0.88   0.59804412
  0.89   0.59350258
  0.90   0.58856523
  0.91   0.58317886
  0.92   0.57728312
  0.93   0.57080955
  0.94   0.56368052
  0.95   0.55580799
  0.96   0.54709213
  0.97   0.53741973
  0.98   0.52666247
  0.99   0.51467485
  1.00   0.50129195
