    0.000000    -0.020000
    0.001101    -0.019994
    0.002202    -0.019989
    0.003303    -0.019983
    0.004404    -0.019978
    0.005506    -0.019972
    0.006607    -0.019967
    0.007708    -0.019961
    0.008809    -0.019956
    0.009910    -0.019950
    0.011011    -0.019945
    0.012112    -0.019939
    0.013213    -0.019934
    0.014314    -0.019928
    0.015415    -0.019923
    0.016517    -0.019917
    0.017618    -0.019912
    0.018719    -0.019906
    0.019820    -0.019901
    0.020921    -0.019895
    0.022022    -0.019890
    0.023123    -0.019884
    0.024224    -0.019879
    0.025325    -0.019873
    0.026426    -0.019868
    0.027528    -0.019862
    0.028629    -0.019857
    0.029730    -0.019851
    0.030831    -0.019846
    0.031932    -0.019840
    0.033033    -0.019835
    0.034134    -0.019829
    0.035235    -0.019824
    0.036336    -0.019818
    0.037437    -0.019813
    0.038539    -0.019807
    0.039640    -0.019802
    0.040741    -0.019796
    0.041842    -0.019791
    0.042943    -0.019785
    0.044044    -0.019780
    0.045145    -0.019774
    0.046246    -0.019769
    0.047347    -0.019763
    0.048448    -0.019758
    0.049550    -0.019752
    0.050651    -0.019747
    0.051752    -0.019741
    0.052853    -0.019736
    0.053954    -0.019730
    0.055055    -0.019725
    0.056156    -0.019719
    0.057257    -0.019714
    0.058358    -0.019708
    0.059459    -0.019703
    0.060561    -0.019697
    0.061662    -0.019692
    0.062763    -0.019686
    0.063864    -0.019681
    0.064965    -0.019675
    0.066066    -0.019670
    0.067167    -0.019664
    0.068268    -0.019659
    0.069369    -0.019653
    0.070470    -0.019648
    0.071572    -0.019642
    0.072673    -0.019637
    0.073774    -0.019631
    0.074875    -0.019626
    0.075976    -0.019620
    0.077077    -0.019615
    0.078178    -0.019609
    0.079279    -0.019604
    0.080380    -0.019598
    0.081481    -0.019593
    0.082583    -0.019587
    0.083684    -0.019582
    0.084785    -0.019576
    0.085886    -0.019571
    0.086987    -0.019565
    0.088088    -0.019560
    0.089189    -0.019554
    0.090290    -0.019549
    0.091391    -0.019543
    0.092492    -0.019538
    0.093594    -0.019532
    0.094695    -0.019527
    0.095796    -0.019521
    0.096897    -0.019516
    0.097998    -0.019510
    0.099099    -0.019505
    0.100200    -0.019499
    0.101301    -0.019494
    0.102402    -0.019488
    0.103504    -0.019483
    0.104605    -0.019477
    0.105706    -0.019472
    0.106807    -0.019466
    0.107908    -0.019461
    0.109009    -0.019455
    0.110110    -0.019450
    0.111211    -0.019444
    0.112312    -0.019439
    0.113413    -0.019433
    0.114515    -0.019428
    0.115616    -0.019422
    0.116717    -0.019417
    0.117818    -0.019411
    0.118919    -0.019406
    0.120020    -0.019400
    0.121121    -0.019395
    0.122222    -0.019389
    0.123323    -0.019384
    0.124424    -0.019378
    0.125526    -0.019373
    0.126627    -0.019367
    0.127728    -0.019362
    0.128829    -0.019356
    0.129930    -0.019351
    0.131031    -0.019345
    0.132132    -0.019339
    0.133233    -0.019334
    0.134334    -0.019328
    0.135435    -0.019323
    0.136537    -0.019317
    0.137638    -0.019312
    0.138739    -0.019306
    0.139840    -0.019301
    0.140941    -0.019295
    0.142042    -0.019290
    0.143143    -0.019284
    0.144244    -0.019279
    0.145345    -0.019273
    0.146446    -0.019268
    0.147548    -0.019262
    0.148649    -0.019257
    0.149750    -0.019251
    0.150851    -0.019246
    0.151952    -0.019240
    0.153053    -0.019235
    0.154154    -0.019229
    0.155255    -0.019224
    0.156356    -0.019218
    0.157457    -0.019213
    0.158559    -0.019207
    0.159660    -0.019202
    0.160761    -0.019196
    0.161862    -0.019191
    0.162963    -0.019185
    0.164064    -0.019180
    0.165165    -0.019174
    0.166266    -0.019169
    0.167367    -0.019163
    0.168468    -0.019158
    0.169570    -0.019152
    0.170671    -0.019147
    0.171772    -0.019141
    0.172873    -0.019136
    0.173974    -0.019130
    0.175075    -0.019125
    0.176176    -0.019119
    0.177277    -0.019114
    0.178378    -0.019108
    0.179479    -0.019103
    0.180581    -0.019097
    0.181682    -0.019092
    0.182783    -0.019086
    0.183884    -0.019081
    0.184985    -0.019075
    0.186086    -0.019070
    0.187187    -0.019064
    0.188288    -0.019059
    0.189389    -0.019053
    0.190490    -0.019048
    0.191592    -0.019042
    0.192693    -0.019037
    0.193794    -0.019031
    0.194895    -0.019026
    0.195996    -0.019020
    0.197097    -0.019015
    0.198198    -0.019009
    0.199299    -0.019004
    0.200400    -0.018998
    0.201502    -0.018993
    0.202603    -0.018987
    0.203704    -0.018981
    0.204805    -0.018976
    0.205906    -0.018970
    0.207007    -0.018965
    0.208108    -0.018959
    0.209209    -0.018954
    0.210310    -0.018948
    0.211411    -0.018943
    0.212513    -0.018937
    0.213614    -0.018932
    0.214715    -0.018926
    0.215816    -0.018921
    0.216917    -0.018915
    0.218018    -0.018910
    0.219119    -0.018904
    0.220220    -0.018899
    0.221321    -0.018893
    0.222422    -0.018888
    0.223524    -0.018882
    0.224625    -0.018877
    0.225726    -0.018871
    0.226827    -0.018866
    0.227928    -0.018860
    0.229029    -0.018855
    0.230130    -0.018849
    0.231231    -0.018844
    0.232332    -0.018838
    0.233433    -0.018833
    0.234535    -0.018827
    0.235636    -0.018822
    0.236737    -0.018816
    0.237838    -0.018811
    0.238939    -0.018805
    0.240040    -0.018800
    0.241141    -0.018794
    0.242242    -0.018789
    0.243343    -0.018783
    0.244444    -0.018778
    0.245546    -0.018772
    0.246647    -0.018766
    0.247748    -0.018761
    0.248849    -0.018755
    0.249950    -0.018750
    0.251051    -0.018744
    0.252152    -0.018739
    0.253253    -0.018733
    0.254354    -0.018728
    0.255455    -0.018722
    0.256557    -0.018717
    0.257658    -0.018711
    0.258759    -0.018706
    0.259860    -0.018700
    0.260961    -0.018695
    0.262062    -0.018689
    0.263163    -0.018684
    0.264264    -0.018678
    0.265365    -0.018673
    0.266466    -0.018667
    0.267568    -0.018662
    0.268669    -0.018656
    0.269770    -0.018651
    0.270871    -0.018645
    0.271972    -0.018640
    0.273073    -0.018634
    0.274174    -0.018629
    0.275275    -0.018623
    0.276376    -0.018617
    0.277477    -0.018612
    0.278579    -0.018606
    0.279680    -0.018601
    0.280781    -0.018595
    0.281882    -0.018590
    0.282983    -0.018584
    0.284084    -0.018579
    0.285185    -0.018573
    0.286286    -0.018568
    0.287387    -0.018562
    0.288488    -0.018557
    0.289590    -0.018551
    0.290691    -0.018546
    0.291792    -0.018540
    0.292893    -0.018535
    0.293994    -0.018529
    0.295095    -0.018524
    0.296196    -0.018518
    0.297297    -0.018513
    0.298398    -0.018507
    0.299499    -0.018501
    0.300601    -0.018496
    0.301702    -0.018490
    0.302803    -0.018485
    0.303904    -0.018479
    0.305005    -0.018474
    0.306106    -0.018468
    0.307207    -0.018463
    0.308308    -0.018457
    0.309409    -0.018452
    0.310511    -0.018446
    0.311612    -0.018441
    0.312713    -0.018435
    0.313814    -0.018430
    0.314915    -0.018424
    0.316016    -0.018418
    0.317117    -0.018413
    0.318218    -0.018407
    0.319319    -0.018402
    0.320420    -0.018396
    0.321522    -0.018391
    0.322623    -0.018385
    0.323724    -0.018380
    0.324825    -0.018374
    0.325926    -0.018369
    0.327027    -0.018363
    0.328128    -0.018358
    0.329229    -0.018352
    0.330330    -0.018346
    0.331431    -0.018341
    0.332533    -0.018335
    0.333634    -0.018330
    0.334735    -0.018324
    0.335836    -0.018319
    0.336937    -0.018313
    0.338038    -0.018308
    0.339139    -0.018302
    0.340240    -0.018297
    0.341341    -0.018291
    0.342442    -0.018285
    0.343544    -0.018280
    0.344645    -0.018274
    0.345746    -0.018269
    0.346847    -0.018263
    0.347948    -0.018258
    0.349049    -0.018252
    0.350150    -0.018247
    0.351251    -0.018241
    0.352352    -0.018236
    0.353453    -0.018230
    0.354555    -0.018224
    0.355656    -0.018219
    0.356757    -0.018213
    0.357858    -0.018208
    0.358959    -0.018202
    0.360060    -0.018197
    0.361161    -0.018191
    0.362262    -0.018186
    0.363363    -0.018180
    0.364464    -0.018174
    0.365566    -0.018169
    0.366667    -0.018163
    0.367768    -0.018158
    0.368869    -0.018152
    0.369970    -0.018147
    0.371071    -0.018141
    0.372172    -0.018135
    0.373273    -0.018130
    0.374374    -0.018124
    0.375475    -0.018119
    0.376577    -0.018113
    0.377678    -0.018108
    0.378779    -0.018102
    0.379880    -0.018096
    0.380981    -0.018091
    0.382082    -0.018085
    0.383183    -0.018080
    0.384284    -0.018074
    0.385385    -0.018069
    0.386486    -0.018063
    0.387588    -0.018057
    0.388689    -0.018052
    0.389790    -0.018046
    0.390891    -0.018041
    0.391992    -0.018035
    0.393093    -0.018029
    0.394194    -0.018024
    0.395295    -0.018018
    0.396396    -0.018013
    0.397497    -0.018007
    0.398599    -0.018001
    0.399700    -0.017996
    0.400801    -0.017990
    0.401902    -0.017985
    0.403003    -0.017979
    0.404104    -0.017973
    0.405205    -0.017968
    0.406306    -0.017962
    0.407407    -0.017957
    0.408509    -0.017951
    0.409610    -0.017945
    0.410711    -0.017940
    0.411812    -0.017934
    0.412913    -0.017929
    0.414014    -0.017923
    0.415115    -0.017917
    0.416216    -0.017912
    0.417317    -0.017906
    0.418418    -0.017900
    0.419520    -0.017895
    0.420621    -0.017889
    0.421722    -0.017884
    0.422823    -0.017878
    0.423924    -0.017872
    0.425025    -0.017867
    0.426126    -0.017861
    0.427227    -0.017855
    0.428328    -0.017850
    0.429429    -0.017844
    0.430531    -0.017839
    0.431632    -0.017833
    0.432733    -0.017827
    0.433834    -0.017822
    0.434935    -0.017816
    0.436036    -0.017810
    0.437137    -0.017805
    0.438238    -0.017799
    0.439339    -0.017793
    0.440440    -0.017788
    0.441542    -0.017782
    0.442643    -0.017776
    0.443744    -0.017771
    0.444845    -0.017765
    0.445946    -0.017759
    0.447047    -0.017754
    0.448148    -0.017748
    0.449249    -0.017742
    0.450350    -0.017737
    0.451451    -0.017731
    0.452553    -0.017725
    0.453654    -0.017720
    0.454755    -0.017714
    0.455856    -0.017708
    0.456957    -0.017702
    0.458058    -0.017697
    0.459159    -0.017691
    0.460260    -0.017685
    0.461361    -0.017680
    0.462462    -0.017674
    0.463564    -0.017668
    0.464665    -0.017662
    0.465766    -0.017657
    0.466867    -0.017651
    0.467968    -0.017645
    0.469069    -0.017640
    0.470170    -0.017634
    0.471271    -0.017628
    0.472372    -0.017622
    0.473473    -0.017617
    0.474575    -0.017611
    0.475676    -0.017605
    0.476777    -0.017599
    0.477878    -0.017594
    0.478979    -0.017588
    0.480080    -0.017582
    0.481181    -0.017576
    0.482282    -0.017570
    0.483383    -0.017565
    0.484484    -0.017559
    0.485586    -0.017553
    0.486687    -0.017547
    0.487788    -0.017542
    0.488889    -0.017536
    0.489990    -0.017530
    0.491091    -0.017524
    0.492192    -0.017518
    0.493293    -0.017512
    0.494394    -0.017507
    0.495495    -0.017501
    0.496597    -0.017495
    0.497698    -0.017489
    0.498799    -0.017483
    0.499900    -0.017477
    0.501001    -0.017472
    0.502102    -0.017466
    0.503203    -0.017460
    0.504304    -0.017454
    0.505405    -0.017448
    0.506507    -0.017442
    0.507608    -0.017436
    0.508709    -0.017431
    0.509810    -0.017425
    0.510911    -0.017419
    0.512012    -0.017413
    0.513113    -0.017407
    0.514214    -0.017401
    0.515315    -0.017395
    0.516416    -0.017389
    0.517518    -0.017383
    0.518619    -0.017377
    0.519720    -0.017371
    0.520821    -0.017365
    0.521922    -0.017359
    0.523023    -0.017353
    0.524124    -0.017348
    0.525225    -0.017342
    0.526326    -0.017336
    0.527427    -0.017330
    0.528529    -0.017324
    0.529630    -0.017318
    0.530731    -0.017312
    0.531832    -0.017306
    0.532933    -0.017299
    0.534034    -0.017293
    0.535135    -0.017287
    0.536236    -0.017281
    0.537337    -0.017275
    0.538438    -0.017269
    0.539540    -0.017263
    0.540641    -0.017257
    0.541742    -0.017251
    0.542843    -0.017245
    0.543944    -0.017239
    0.545045    -0.017233
    0.546146    -0.017227
    0.547247    -0.017220
    0.548348    -0.017214
    0.549449    -0.017208
    0.550551    -0.017202
    0.551652    -0.017196
    0.552753    -0.017190
    0.553854    -0.017183
    0.554955    -0.017177
    0.556056    -0.017171
    0.557157    -0.017165
    0.558258    -0.017159
    0.559359    -0.017152
    0.560460    -0.017146
    0.561562    -0.017140
    0.562663    -0.017134
    0.563764    -0.017127
    0.564865    -0.017121
    0.565966    -0.017115
    0.567067    -0.017108
    0.568168    -0.017102
    0.569269    -0.017096
    0.570370    -0.017089
    0.571471    -0.017083
    0.572573    -0.017077
    0.573674    -0.017070
    0.574775    -0.017064
    0.575876    -0.017057
    0.576977    -0.017051
    0.578078    -0.017045
    0.579179    -0.017038
    0.580280    -0.017032
    0.581381    -0.017025
    0.582482    -0.017019
    0.583584    -0.017012
    0.584685    -0.017006
    0.585786    -0.016999
    0.586887    -0.016992
    0.587988    -0.016986
    0.589089    -0.016979
    0.590190    -0.016973
    0.591291    -0.016966
    0.592392    -0.016959
    0.593493    -0.016953
    0.594595    -0.016946
    0.595696    -0.016939
    0.596797    -0.016933
    0.597898    -0.016926
    0.598999    -0.016919
    0.600100    -0.016913
    0.601201    -0.016906
    0.602302    -0.016899
    0.603403    -0.016892
    0.604505    -0.016885
    0.605606    -0.016879
    0.606707    -0.016872
    0.607808    -0.016865
    0.608909    -0.016858
    0.610010    -0.016851
    0.611111    -0.016844
    0.612212    -0.016837
    0.613313    -0.016830
    0.614414    -0.016823
    0.615516    -0.016816
    0.616617    -0.016809
    0.617718    -0.016802
    0.618819    -0.016795
    0.619920    -0.016788
    0.621021    -0.016781
    0.622122    -0.016774
    0.623223    -0.016766
    0.624324    -0.016759
    0.625425    -0.016752
    0.626527    -0.016745
    0.627628    -0.016737
    0.628729    -0.016730
    0.629830    -0.016723
    0.630931    -0.016715
    0.632032    -0.016708
    0.633133    -0.016701
    0.634234    -0.016693
    0.635335    -0.016686
    0.636436    -0.016678
    0.637538    -0.016671
    0.638639    -0.016663
    0.639740    -0.016656
    0.640841    -0.016648
    0.641942    -0.016640
    0.643043    -0.016633
    0.644144    -0.016625
    0.645245    -0.016617
    0.646346    -0.016609
    0.647447    -0.016602
    0.648549    -0.016594
    0.649650    -0.016586
    0.650751    -0.016578
    0.651852    -0.016570
    0.652953    -0.016562
    0.654054    -0.016554
    0.655155    -0.016546
    0.656256    -0.016538
    0.657357    -0.016530
    0.658458    -0.016522
    0.659560    -0.016514
    0.660661    -0.016505
    0.661762    -0.016497
    0.662863    -0.016489
    0.663964    -0.016481
    0.665065    -0.016472
    0.666166    -0.016464
    0.667267    -0.016455
    0.668368    -0.016447
    0.669469    -0.016438
    0.670571    -0.016430
    0.671672    -0.016421
    0.672773    -0.016412
    0.673874    -0.016404
    0.674975    -0.016395
    0.676076    -0.016386
    0.677177    -0.016377
    0.678278    -0.016368
    0.679379    -0.016359
    0.680480    -0.016350
    0.681582    -0.016341
    0.682683    -0.016332
    0.683784    -0.016323
    0.684885    -0.016314
    0.685986    -0.016304
    0.687087    -0.016295
    0.688188    -0.016286
    0.689289    -0.016276
    0.690390    -0.016267
    0.691491    -0.016257
    0.692593    -0.016248
    0.693694    -0.016238
    0.694795    -0.016228
    0.695896    -0.016219
    0.696997    -0.016209
    0.698098    -0.016199
    0.699199    -0.016189
    0.700300    -0.016179
    0.701401    -0.016169
    0.702503    -0.016159
    0.703604    -0.016148
    0.704705    -0.016138
    0.705806    -0.016128
    0.706907    -0.016117
    0.708008    -0.016107
    0.709109    -0.016096
    0.710210    -0.016085
    0.711311    -0.016075
    0.712412    -0.016064
    0.713514    -0.016053
    0.714615    -0.016042
    0.715716    -0.016031
    0.716817    -0.016020
    0.717918    -0.016009
    0.719019    -0.015998
    0.720120    -0.015986
    0.721221    -0.015975
    0.722322    -0.015963
    0.723423    -0.015952
    0.724525    -0.015940
    0.725626    -0.015928
    0.726727    -0.015916
    0.727828    -0.015904
    0.728929    -0.015892
    0.730030    -0.015880
    0.731131    -0.015868
    0.732232    -0.015856
    0.733333    -0.015843
    0.734434    -0.015831
    0.735536    -0.015818
    0.736637    -0.015805
    0.737738    -0.015792
    0.738839    -0.015780
    0.739940    -0.015766
    0.741041    -0.015753
    0.742142    -0.015740
    0.743243    -0.015727
    0.744344    -0.015713
    0.745445    -0.015700
    0.746547    -0.015686
    0.747648    -0.015672
    0.748749    -0.015658
    0.749850    -0.015644
    0.750951    -0.015630
    0.752052    -0.015616
    0.753153    -0.015601
    0.754254    -0.015587
    0.755355    -0.015572
    0.756456    -0.015557
    0.757558    -0.015542
    0.758659    -0.015527
    0.759760    -0.015512
    0.760861    -0.015496
    0.761962    -0.015481
    0.763063    -0.015465
    0.764164    -0.015449
    0.765265    -0.015433
    0.766366    -0.015417
    0.767467    -0.015401
    0.768569    -0.015385
    0.769670    -0.015368
    0.770771    -0.015351
    0.771872    -0.015335
    0.772973    -0.015317
    0.774074    -0.015300
    0.775175    -0.015283
    0.776276    -0.015265
    0.777377    -0.015248
    0.778478    -0.015230
    0.779580    -0.015212
    0.780681    -0.015193
    0.781782    -0.015175
    0.782883    -0.015156
    0.783984    -0.015138
    0.785085    -0.015119
    0.786186    -0.015099
    0.787287    -0.015080
    0.788388    -0.015061
    0.789489    -0.015041
    0.790591    -0.015021
    0.791692    -0.015001
    0.792793    -0.014980
    0.793894    -0.014960
    0.794995    -0.014939
    0.796096    -0.014918
    0.797197    -0.014897
    0.798298    -0.014875
    0.799399    -0.014853
    0.800501    -0.014831
    0.801602    -0.014809
    0.802703    -0.014787
    0.803804    -0.014764
    0.804905    -0.014741
    0.806006    -0.014718
    0.807107    -0.014695
    0.808208    -0.014671
    0.809309    -0.014647
    0.810410    -0.014623
    0.811512    -0.014599
    0.812613    -0.014574
    0.813714    -0.014549
    0.814815    -0.014524
    0.815916    -0.014498
    0.817017    -0.014472
    0.818118    -0.014446
    0.819219    -0.014420
    0.820320    -0.014393
    0.821421    -0.014366
    0.822523    -0.014339
    0.823624    -0.014311
    0.824725    -0.014283
    0.825826    -0.014255
    0.826927    -0.014227
    0.828028    -0.014198
    0.829129    -0.014168
    0.830230    -0.014139
    0.831331    -0.014109
    0.832432    -0.014079
    0.833534    -0.014048
    0.834635    -0.014017
    0.835736    -0.013986
    0.836837    -0.013954
    0.837938    -0.013922
    0.839039    -0.013889
    0.840140    -0.013857
    0.841241    -0.013823
    0.842342    -0.013790
    0.843443    -0.013756
    0.844545    -0.013721
    0.845646    -0.013687
    0.846747    -0.013651
    0.847848    -0.013616
    0.848949    -0.013580
    0.850050    -0.013543
    0.851151    -0.013506
    0.852252    -0.013469
    0.853353    -0.013431
    0.854454    -0.013392
    0.855556    -0.013354
    0.856657    -0.013314
    0.857758    -0.013275
    0.858859    -0.013234
    0.859960    -0.013194
    0.861061    -0.013152
    0.862162    -0.013111
    0.863263    -0.013068
    0.864364    -0.013026
    0.865465    -0.012982
    0.866567    -0.012938
    0.867668    -0.012894
    0.868769    -0.012849
    0.869870    -0.012804
    0.870971    -0.012757
    0.872072    -0.012711
    0.873173    -0.012664
    0.874274    -0.012616
    0.875375    -0.012567
    0.876476    -0.012518
    0.877578    -0.012469
    0.878679    -0.012418
    0.879780    -0.012368
    0.880881    -0.012316
    0.881982    -0.012264
    0.883083    -0.012211
    0.884184    -0.012157
    0.885285    -0.012103
    0.886386    -0.012048
    0.887487    -0.011993
    0.888589    -0.011936
    0.889690    -0.011879
    0.890791    -0.011822
    0.891892    -0.011763
    0.892993    -0.011704
    0.894094    -0.011644
    0.895195    -0.011583
    0.896296    -0.011522
    0.897397    -0.011459
    0.898498    -0.011396
    0.899600    -0.011332
    0.900701    -0.011267
    0.901802    -0.011202
    0.902903    -0.011135
    0.904004    -0.011068
    0.905105    -0.011000
    0.906206    -0.010930
    0.907307    -0.010860
    0.908408    -0.010790
    0.909510    -0.010718
    0.910611    -0.010645
    0.911712    -0.010571
    0.912813    -0.010496
    0.913914    -0.010421
    0.915015    -0.010344
    0.916116    -0.010267
    0.917217    -0.010188
    0.918318    -0.010108
    0.919419    -0.010027
    0.920521    -0.009946
    0.921622    -0.009863
    0.922723    -0.009779
    0.923824    -0.009694
    0.924925    -0.009607
    0.926026    -0.009520
    0.927127    -0.009432
    0.928228    -0.009342
    0.929329    -0.009251
    0.930430    -0.009159
    0.931532    -0.009066
    0.932633    -0.008971
    0.933734    -0.008876
    0.934835    -0.008778
    0.935936    -0.008680
    0.937037    -0.008581
    0.938138    -0.008480
    0.939239    -0.008377
    0.940340    -0.008274
    0.941441    -0.008169
    0.942543    -0.008062
    0.943644    -0.007955
    0.944745    -0.007845
    0.945846    -0.007735
    0.946947    -0.007622
    0.948048    -0.007509
    0.949149    -0.007394
    0.950250    -0.007277
    0.951351    -0.007159
    0.952452    -0.007039
    0.953554    -0.006917
    0.954655    -0.006794
    0.955756    -0.006670
    0.956857    -0.006543
    0.957958    -0.006415
    0.959059    -0.006285
    0.960160    -0.006154
    0.961261    -0.006020
    0.962362    -0.005885
    0.963463    -0.005749
    0.964565    -0.005610
    0.965666    -0.005469
    0.966767    -0.005327
    0.967868    -0.005182
    0.968969    -0.005036
    0.970070    -0.004888
    0.971171    -0.004738
    0.972272    -0.004585
    0.973373    -0.004431
    0.974474    -0.004275
    0.975576    -0.004116
    0.976677    -0.003956
    0.977778    -0.003793
    0.978879    -0.003628
    0.979980    -0.003461
    0.981081    -0.003292
    0.982182    -0.003120
    0.983283    -0.002946
    0.984384    -0.002770
    0.985485    -0.002591
    0.986587    -0.002410
    0.987688    -0.002227
    0.988789    -0.002041
    0.989890    -0.001852
    0.990991    -0.001661
    0.992092    -0.001468
    0.993193    -0.001272
    0.994294    -0.001073
    0.995395    -0.000872
    0.996496    -0.000668
    0.997598    -0.000461
    0.998699    -0.000251
    0.999800    -0.000039
    1.000901     0.000176
    1.002002     0.000394
    1.003103     0.000615
    1.004204     0.000839
    1.005305     0.001066
    1.006406     0.001297
    1.007508     0.001530
    1.008609     0.001766
    1.009710     0.002005
    1.010811     0.002248
    1.011912     0.002494
    1.013013     0.002743
    1.014114     0.002995
    1.015215     0.003251
    1.016316     0.003510
    1.017417     0.003773
    1.018519     0.004039
    1.019620     0.004309
    1.020721     0.004582
    1.021822     0.004859
    1.022923     0.005140
    1.024024     0.005424
    1.025125     0.005712
    1.026226     0.006004
    1.027327     0.006300
    1.028428     0.006600
    1.029530     0.006904
    1.030631     0.007212
    1.031732     0.007524
    1.032833     0.007840
    1.033934     0.008160
    1.035035     0.008484
    1.036136     0.008813
    1.037237     0.009146
    1.038338     0.009484
    1.039439     0.009826
    1.040541     0.010172
    1.041642     0.010523
    1.042743     0.010879
    1.043844     0.011239
    1.044945     0.011604
    1.046046     0.011974
    1.047147     0.012349
    1.048248     0.012729
    1.049349     0.013114
    1.050450     0.013503
    1.051552     0.013898
    1.052653     0.014298
    1.053754     0.014703
    1.054855     0.015114
    1.055956     0.015530
    1.057057     0.015951
    1.058158     0.016378
    1.059259     0.016811
    1.060360     0.017249
    1.061461     0.017692
    1.062563     0.018142
    1.063664     0.018597
    1.064765     0.019058
    1.065866     0.019526
    1.066967     0.019999
    1.068068     0.020478
    1.069169     0.020964
    1.070270     0.021456
    1.071371     0.021954
    1.072472     0.022459
    1.073574     0.022970
    1.074675     0.023487
    1.075776     0.024012
    1.076877     0.024543
    1.077978     0.025081
    1.079079     0.025625
    1.080180     0.026177
    1.081281     0.026736
    1.082382     0.027302
    1.083483     0.027875
    1.084585     0.028455
    1.085686     0.029043
    1.086787     0.029638
    1.087888     0.030240
    1.088989     0.030851
    1.090090     0.031469
    1.091191     0.032095
    1.092292     0.032728
    1.093393     0.033370
    1.094494     0.034020
    1.095596     0.034678
    1.096697     0.035344
    1.097798     0.036018
    1.098899     0.036701
    1.100000     0.037392
