     V         Ical
  0.00   0.76080000
  0.01   0.75919985
  0.02   0.75759963
  0.03   0.75599932
  0.04   0.75439885
  0.05   0.75279818
  0.06   0.75119719
  0.07   0.74959575
  0.08   0.74799364
  0.09   0.74639056
  0.10   0.74478606
  0.11   0.74317949
  0.12   0.74156988
  0.13   0.73995586
  0.14   0.73833537
  0.15   0.73670544
  0.16   0.73506172
  0.17   0.73339784
  0.18   0.73170454
  0.19   0.72996824
  0.20   0.72816913
  0.21   0.72627827
  0.22   0.72425338
  0.23   0.72203269
  0.24   0.71952597
  0.25   0.71660143
  0.26   0.71306652
  0.27   0.70863998
  0.28   0.70291093
  0.29   0.69527916
  0.30   0.68486785
  0.31   0.67039618
  0.32   0.64999305
  0.33   0.62092518
  0.34   0.57919972
  0.35   0.51898389
  0.36   0.43175706
  0.37   0.30507218
  0.38   0.12074645
  0.39  -0.14778184
  0.40  -0.53931436
  0.41  -1.11053310
  0.42  -1.94423975
  0.43  -3.16139198
  0.44  -4.93868584
  0.45  -7.53424024
  0.46 -11.32511634
  0.47 -16.86212488
  0.48 -24.94988620
  0.49 -36.76377588
  0.50 -54.02074557
  0.51 -79.22882793
  0.52 -116.05154815
  0.53 -169.84011412
  0.54 -248.41053332
  0.55 -363.17816611
  0.56 -530.81366818
  0.57 -775.65896768
  0.58 -1133.25006397
  0.59 -1655.44934578
  0.60 -2417.91350188
  0.61 -3530.94012864
  0.62 -5155.17968272
  0.63 -7524.30626015
  0.64 -10977.54152817
  0.65 -16005.91966517
  0.66 -23317.27538105
  0.67 -33925.83044246
  0.68 -49272.22025904
  0.69 -71377.36162479
  0.70 -103026.14424848
  0.71 -147960.97963544
  0.72 -211037.95976531
  0.73 -298262.84580986
  0.74 -416597.86575421
  0.75 -573449.52318376
  0.76 -775847.82371964
  0.77 -1029492.11711706
  0.78 -1337965.44160343
  0.79 -1702386.18297707
  0.80 -2121570.46308262
  0.81 -2592563.39074336
  0.82 -3111303.42998660
  0.83 -3673226.24889670
  0.84 -4273713.76837179
  0.85 -4908377.47449353
  0.86 -5573207.65674329
  0.87 -6264630.56809625
  0.88 -6979509.75983683
  0.89 -7715117.55609291
  0.90 -8469093.24080913
  0.91 -9239397.62883963
  0.92 -10024269.17662282
  0.93 -10822184.05270640
  0.94 -11631821.03435377
  0.95 -12452031.27121067
  0.96 -13281812.55845953
  0.97 -14120287.60181702
  0.98 -14966685.72317094
  0.99 -15820327.48438233
  1.00 -16680611.76222911
