     V         Ical
  0.00   0.76052344
  0.01   0.75688824
  0.02   0.75325298
  0.03   0.74961761
  0.04   0.74598209
  0.05   0.74234635
  0.06   0.73871030
  0.07   0.73507377
  0.08   0.73143656
  0.09   0.72779836
  0.10   0.72415870
  0.11   0.72051690
  0.12   0.71687200
  0.13   0.71322256
  0.14   0.70956649
  0.15   0.70590072
  0.16   0.70222081
  0.17   0.69852022
  0.18   0.69478945
  0.19   0.69101459
  0.20   0.68717532
  0.21   0.68324200
  0.22   0.67917129
  0.23   0.67489993
  0.24   0.67033553
  0.25   0.66534317
  0.26   0.65972587
  0.27   0.65319605
  0.28   0.64533400
  0.29   0.63552737
  0.30   0.62288320
  0.31   0.60610036
  0.32   0.58328497
  0.33   0.55168481
  0.34   0.50730960
  0.35   0.44439353
  0.36   0.35464599
  0.37   0.22623007
  0.38   0.04241728
  0.39  -0.22009112
  0.40  -0.59307887
  0.41  -1.11866121
  0.42  -1.85044054
  0.43  -2.85300190
  0.44  -4.19866319
  0.45  -5.96091321
  0.46  -8.20532243
  0.47 -10.98035571
  0.48 -14.31119250
  0.49 -18.19852353
  0.50 -22.62204089
  0.51 -27.54660814
  0.52 -32.92881162
  0.53 -38.72237489
  0.54 -44.88190228
  0.55 -51.36507610
  0.56 -58.13369789
  0.57 -65.15397914
  0.58 -72.39639982
  0.59 -79.83535070
  0.60 -87.44869161
  0.61 -95.21730026
  0.62 -103.12464933
  0.63 -111.15642818
  0.64 -119.30021364
  0.65 -127.54518810
  0.66 -135.88190050
  0.67 -144.30206481
  0.68 -152.79839051
  0.69 -161.36444008
  0.70 -169.99450929
  0.71 -178.68352619
  0.72 -187.42696598
  0.73 -196.22077891
  0.74 -205.06132906
  0.75 -213.94534229
  0.76 -222.86986169
  0.77 -231.83220950
  0.78 -240.82995428
  0.79 -249.86088265
  0.80 -258.92297486
  0.81 -268.01438353
  0.82 -277.13341515
  0.83 -286.27851400
  0.84 -295.44824796
  0.85 -304.64129612
  0.86 -313.85643787
  0.87 -323.09254322
  0.88 -332.34856426
  0.89 -341.62352760
  0.90 -350.91652761
  0.91 -360.22672044
  0.92 -369.55331858
  0.93 -378.89558612
  0.94 -388.25283441
  0.95 -397.62441814
  0.96 -407.00973189
  0.97 -416.40820696
  0.98 -425.81930849
  0.99 -435.24253288
  1.00 -444.67740548
