     V         Ical
  0.00   0.76076957
  0.01   0.75916948
  0.02   0.75756933
  0.03   0.75596907
  0.04   0.75436867
  0.05   0.75276805
  0.06   0.75116712
  0.07   0.74956573
  0.08   0.74796367
  0.09   0.74636063
  0.10   0.74475617
  0.11   0.74314961
  0.12   0.74154001
  0.13   0.73992595
  0.14   0.73830538
  0.15   0.73667531
  0.16   0.73503135
  0.17   0.73336710
  0.18   0.73167322
  0.19   0.72993604
  0.20   0.72813564
  0.21   0.72624285
  0.22   0.72421513
  0.23   0.72199030
  0.24   0.71947753
  0.25   0.71654417
  0.26   0.71299643
  0.27   0.70855128
  0.28   0.70279537
  0.29   0.69512500
  0.30   0.68465868
  0.31   0.67010948
  0.32   0.64959906
  0.33   0.62038702
  0.34   0.57847749
  0.35   0.51804887
  0.36   0.43063005
  0.37   0.30391656
  0.38   0.12008222
  0.39  -0.14660144
  0.40  -0.53306558
  0.41  -1.09190447
  0.42  -1.89717173
  0.43  -3.05145668
  0.44  -4.69365114
  0.45  -7.00584856
  0.46 -10.21644495
  0.47 -14.59525211
  0.48 -20.43655698
  0.49 -28.02915221
  0.50 -37.61853585
  0.51 -49.37248186
  0.52 -63.36182972
  0.53 -79.56185587
  0.54 -97.87050854
  0.55 -118.13446563
  0.56 -140.17445404
  0.57 -163.80498895
  0.58 -188.84736843
  0.59 -215.13689202
  0.60 -242.52596098
  0.61 -270.88460210
  0.62 -300.09956369
  0.63 -330.07273652
  0.64 -360.71934932
  0.65 -391.96618451
  0.66 -423.74993433
  0.67 -456.01574499
  0.68 -488.71595711
  0.69 -521.80903114
  0.70 -555.25863816
  0.71 -589.03289409
  0.72 -623.10371588
  0.73 -657.44628040
  0.74 -692.03856924
  0.75 -726.86098510
  0.76 -761.89602773
  0.77 -797.12801943
  0.78 -832.54287189
  0.79 -868.12788744
  0.80 -903.87158917
  0.81 -939.76357524
  0.82 -975.79439341
  0.83 -1011.95543289
  0.84 -1048.23883050
  0.85 -1084.63738931
  0.86 -1121.14450761
  0.87 -1157.75411695
  0.88 -1194.46062777
  0.89 -1231.25888161
  0.90 -1268.14410902
  0.91 -1305.11189238
  0.92 -1342.15813290
  0.93 -1379.27902141
  0.94 -1416.47101227
  0.95 -1453.73080012
  0.96 -1491.05529914
  0.97 -1528.44162438
  0.98 -1565.88707506
  0.99 -1603.38911951
  1.00 -1640.94538161
