     V         Ical
  0.00   0.76077622
  0.01   0.75952611
  0.02   0.75827593
  0.03   0.75702565
  0.04   0.75577523
  0.05   0.75452458
  0.06   0.75327363
  0.07   0.75202221
  0.08   0.75077013
  0.09   0.74951707
  0.10   0.74826257
  0.11   0.74700599
  0.12   0.74574636
  0.13   0.74448228
  0.14   0.74321169
  0.15   0.74193158
  0.16   0.74063760
  0.17   0.73932332
  0.18   0.73797940
  0.19   0.73659220
  0.20   0.73514175
  0.21   0.73359892
  0.22   0.73192113
  0.23   0.73004622
  0.24   0.72788333
  0.25   0.72529981
  0.26   0.72210185
  0.27   0.71800638
  0.28   0.71259999
  0.29   0.70527891
  0.30   0.69516154
  0.31   0.68096078
  0.32   0.66079803
  0.33   0.63193251
  0.34   0.59036777
  0.35   0.53028137
  0.36   0.44320096
  0.37   0.31682020
  0.38   0.13331017
  0.39  -0.13306156
  0.40  -0.51923190
  0.41  -1.07780327
  0.42  -1.88284062
  0.43  -3.03694848
  0.44  -4.67903822
  0.45  -6.99122649
  0.46 -10.20193413
  0.47 -14.58099478
  0.48 -20.42270799
  0.49 -28.01586342
  0.50 -37.60593764
  0.51 -49.36066764
  0.52 -63.35084839
  0.53 -79.55171374
  0.54 -97.86117806
  0.55 -118.12589663
  0.56 -140.16658421
  0.57 -163.79775182
  0.58 -188.84069869
  0.59 -215.13072851
  0.60 -242.52024813
  0.61 -270.87929035
  0.62 -300.09460934
  0.63 -330.06810131
  0.64 -360.71499984
  0.65 -391.96209160
  0.66 -423.74607257
  0.67 -456.01209215
  0.68 -488.71249371
  0.69 -521.80574008
  0.70 -555.25550437
  0.71 -589.02990427
  0.72 -623.10085823
  0.73 -657.44354442
  0.74 -692.03594557
  0.75 -726.85846536
  0.76 -761.89360440
  0.77 -797.12568574
  0.78 -832.54062172
  0.79 -868.12571527
  0.80 -903.86948998
  0.81 -939.76154445
  0.82 -975.79242686
  0.83 -1011.95352677
  0.84 -1048.23698131
  0.85 -1084.63559385
  0.86 -1121.14276293
  0.87 -1157.75242033
  0.88 -1194.45897669
  0.89 -1231.25727374
  0.90 -1268.14254221
  0.91 -1305.11036463
  0.92 -1342.15664235
  0.93 -1379.27756632
  0.94 -1416.46959101
  0.95 -1453.72941119
  0.96 -1491.05394112
  0.97 -1528.44029594
  0.98 -1565.88577496
  0.99 -1603.38784658
  1.00 -1640.94413475
