     V         Ical
  0.00   0.76075773
  0.01   0.75853559
  0.02   0.75631344
  0.03   0.75409129
  0.04   0.75186913
  0.05   0.74964696
  0.06   0.74742477
  0.07   0.74520258
  0.08   0.74298038
  0.09   0.74075816
  0.10   0.73853593
  0.11   0.73631367
  0.12   0.73409140
  0.13   0.73186910
  0.14   0.72964678
  0.15   0.72742443
  0.16   0.72520204
  0.17   0.72297961
  0.18   0.72075714
  0.19   0.71853462
  0.20   0.71631204
  0.21   0.71408940
  0.22   0.71186668
  0.23   0.70964388
  0.24   0.70742099
  0.25   0.70519799
  0.26   0.70297487
  0.27   0.70075161
  0.28   0.69852819
  0.29   0.69630460
  0.30   0.69408080
  0.31   0.69185678
  0.32   0.68963249
  0.33   0.68740792
  0.34   0.68518301
  0.35   0.68295772
  0.36   0.68073200
  0.37   0.67850579
  0.38   0.67627904
  0.39   0.67405165
  0.40   0.67182355
  0.41   0.66959465
  0.42   0.66736482
  0.43   0.66513396
  0.44   0.66290192
  0.45   0.66066854
  0.46   0.65843364
  0.47   0.65619701
  0.48   0.65395843
  0.49   0.65171763
  0.50   0.64947431
  0.51   0.64722814
  0.52   0.64497872
  0.53   0.64272563
  0.54   0.64046836
  0.55   0.63820636
  0.56   0.63593898
  0.57   0.63366550
  0.58   0.63138511
  0.59   0.62909687
  0.60   0.62679973
  0.61   0.62449247
  0.62   0.62217376
  0.63   0.61984203
  0.64   0.61749554
  0.65   0.61513230
  0.66   0.61275006
  0.67   0.61034625
  0.68   0.60791798
  0.69   0.60546195
  0.70   0.60297442
  0.71   0.60045115
  0.72   0.59788732
  0.73   0.59527749
  0.74   0.59261544
  0.75   0.58989416
  0.76   0.58710567
  0.77   0.58424091
  0.78   0.58128963
  0.79   0.57824016
  0.80   0.57507929
  0.81   0.57179202
  0.82   0.56836134
  0.83   0.56476793
  0.84   0.56098989
  0.85   0.55700236
  0.86   0.55277714
  0.87   0.54828223
  0.88   0.54348132
  0.89   0.53833323
  0.90   0.53279122
  0.91   0.52680226
  0.92   0.52030621
  0.93   0.51323481
  0.94   0.50551063
  0.95   0.49704583
  0.96   0.48774074
  0.97   0.47748231
  0.98   0.46614229
  0.99   0.45357517
  1.00   0.43961591
