     V         Ical
  0.00   0.76075773
  0.01   0.75853548
  0.02   0.75631317
  0.03   0.75409075
  0.04   0.75186818
  0.05   0.74964540
  0.06   0.74742231
  0.07   0.74519876
  0.08   0.74297454
  0.09   0.74074934
  0.10   0.73852271
  0.11   0.73629399
  0.12   0.73406222
  0.13   0.73182600
  0.14   0.72958328
  0.15   0.72733104
  0.16   0.72506492
  0.17   0.72277852
  0.18   0.72046249
  0.19   0.71810317
  0.20   0.71568063
  0.21   0.71316573
  0.22   0.71051592
  0.23   0.70766902
  0.24   0.70453425
  0.25   0.70097895
  0.26   0.69680940
  0.27   0.69174263
  0.28   0.68536536
  0.29   0.67707404
  0.30   0.66598737
  0.31   0.65081874
  0.32   0.62969027
  0.33   0.59986221
  0.34   0.55733972
  0.35   0.49630271
  0.36   0.40828230
  0.37   0.28097731
  0.38   0.09656642
  0.39  -0.17067179
  0.40  -0.55765826
  0.41  -1.11697276
  0.42  -1.92264879
  0.43  -3.07724858
  0.44  -4.71962931
  0.45  -7.03184309
  0.46 -10.24224187
  0.47 -14.62059854
  0.48 -20.46117766
  0.49 -28.05277716
  0.50 -37.64093324
  0.51 -49.39348563
  0.52 -63.38135287
  0.53 -79.57988710
  0.54 -97.88709682
  0.55 -118.14970014
  0.56 -140.18844555
  0.57 -163.81785558
  0.58 -188.85922630
  0.59 -215.14784988
  0.60 -242.53611762
  0.61 -270.89404563
  0.62 -300.10837179
  0.63 -330.08097722
  0.64 -360.72708205
  0.65 -391.97346107
  0.66 -423.75679993
  0.67 -456.02223917
  0.68 -488.72211448
  0.69 -521.81488209
  0.70 -555.26420949
  0.71 -589.03820948
  0.72 -623.10879630
  0.73 -657.45114451
  0.74 -692.04323368
  0.75 -726.86546477
  0.76 -761.90033599
  0.77 -797.13216833
  0.78 -832.54687228
  0.79 -868.13174916
  0.80 -903.87532116
  0.81 -939.76718560
  0.82 -975.79788958
  0.83 -1011.95882162
  0.84 -1048.24211802
  0.85 -1084.64058130
  0.86 -1121.14760933
  0.87 -1157.75713323
  0.88 -1194.46356308
  0.89 -1231.26174009
  0.90 -1268.14689450
  0.91 -1305.11460842
  0.92 -1342.16078283
  0.93 -1379.28160830
  0.94 -1416.47353899
  0.95 -1453.73326938
  0.96 -1491.05771344
  0.97 -1528.44398609
  0.98 -1565.88938639
  0.99 -1603.39138253
  1.00 -1640.94759828
