     V         Ical
  0.00   0.76073084
  0.01   0.75709476
  0.02   0.75345868
  0.03   0.74982259
  0.04   0.74618650
  0.05   0.74255039
  0.06   0.73891428
  0.07   0.73527815
  0.08   0.73164201
  0.09   0.72800586
  0.10   0.72436969
  0.11   0.72073350
  0.12   0.71709730
  0.13   0.71346106
  0.14   0.70982481
  0.15   0.70618852
  0.16   0.70255220
  0.17   0.69891583
  0.18   0.69527943
  0.19   0.69164297
  0.20   0.68800646
  0.21   0.68436988
  0.22   0.68073323
  0.23   0.67709650
  0.24   0.67345967
  0.25   0.66982274
  0.26   0.66618568
  0.27   0.66254849
  0.28   0.65891114
  0.29   0.65527361
  0.30   0.65163588
  0.31   0.64799792
  0.32   0.64435971
  0.33   0.64072120
  0.34   0.63708235
  0.35   0.63344313
  0.36   0.62980348
  0.37   0.62616334
  0.38   0.62252265
  0.39   0.61888133
  0.40   0.61523930
  0.41   0.61159646
  0.42   0.60795270
  0.43   0.60430791
  0.44   0.60066193
  0.45   0.59701462
  0.46   0.59336579
  0.47   0.58971524
  0.48   0.58606273
  0.49   0.58240800
  0.50   0.57875075
  0.51   0.57509065
  0.52   0.57142731
  0.53   0.56776029
  0.54   0.56408910
  0.55   0.56041317
  0.56   0.55673187
  0.57   0.55304448
  0.58   0.54935017
  0.59   0.54564802
  0.60   0.54193697
  0.61   0.53821581
  0.62   0.53448319
  0.63   0.53073757
  0.64   0.52697719
  0.65   0.52320007
  0.66   0.51940395
  0.67   0.51558627
  0.68   0.51174414
  0.69   0.50787427
  0.70   0.50397290
  0.71   0.50003581
  0.72   0.49605819
  0.73   0.49203457
  0.74   0.48795877
  0.75   0.48382375
  0.76   0.47962156
  0.77   0.47534313
  0.78   0.47097821
  0.79   0.46651516
  0.80   0.46194076
  0.81   0.45724001
  0.82   0.45239592
  0.83   0.44738918
  0.84   0.44219790
  0.85   0.43679722
  0.86   0.43115897
  0.87   0.42525117
  0.88   0.41903752
  0.89   0.41247685
  0.90   0.40552247
  0.91   0.39812137
  0.92   0.39021343
  0.93   0.38173044
  0.94   0.37259501
  0.95   0.36271935
  0.96   0.35200385
  0.97   0.34033552
  0.98   0.32758617
  0.99   0.31361040
  1.00   0.29824324
