     V         Ical
  0.00   0.76073084
  0.01   0.75709466
  0.02   0.75345840
  0.03   0.74982205
  0.04   0.74618555
  0.05   0.74254884
  0.06   0.73891181
  0.07   0.73527432
  0.08   0.73163617
  0.09   0.72799703
  0.10   0.72435647
  0.11   0.72071382
  0.12   0.71706812
  0.13   0.71341797
  0.14   0.70976132
  0.15   0.70609516
  0.16   0.70241512
  0.17   0.69871480
  0.18   0.69498486
  0.19   0.69121165
  0.20   0.68737525
  0.21   0.68344651
  0.22   0.67938292
  0.23   0.67512232
  0.24   0.67057396
  0.25   0.66560527
  0.26   0.66002259
  0.27   0.65354309
  0.28   0.64575371
  0.29   0.63605121
  0.30   0.62355474
  0.31   0.60697838
  0.32   0.58444529
  0.33   0.55321727
  0.34   0.50930177
  0.35   0.44688211
  0.36   0.35749449
  0.37   0.22884523
  0.38   0.04312400
  0.39  -0.22537453
  0.40  -0.61354814
  0.41  -1.17394367
  0.42  -1.98054885
  0.43  -3.13586446
  0.44  -4.77866890
  0.45  -7.09092039
  0.46 -10.30087072
  0.47 -14.67820437
  0.48 -20.51713494
  0.49 -28.10647230
  0.50 -37.69183922
  0.51 -49.44122481
  0.52 -63.42572732
  0.53 -79.62087094
  0.54 -97.92480117
  0.55 -118.18432754
  0.56 -140.22024767
  0.57 -163.84710089
  0.58 -188.88617871
  0.59 -215.17275652
  0.60 -242.55920307
  0.61 -270.91551015
  0.62 -300.12839194
  0.63 -330.09970768
  0.64 -360.74465784
  0.65 -391.98999998
  0.66 -423.77240475
  0.67 -456.03699972
  0.68 -488.73610946
  0.69 -521.82818062
  0.70 -555.27687245
  0.71 -589.05029066
  0.72 -623.12034340
  0.73 -657.46219993
  0.74 -692.05383526
  0.75 -726.87564637
  0.76 -761.91012801
  0.77 -797.14159811
  0.78 -832.55596453
  0.79 -868.14052623
  0.80 -903.88380334
  0.81 -939.77539136
  0.82 -975.80583576
  0.83 -1011.96652362
  0.84 -1048.24958995
  0.85 -1084.64783612
  0.86 -1121.15465896
  0.87 -1157.76398868
  0.88 -1194.47023450
  0.89 -1231.26823688
  0.90 -1268.15322538
  0.91 -1305.12078148
  0.92 -1342.16680558
  0.93 -1379.28748778
  0.94 -1416.47928174
  0.95 -1453.73888150
  0.96 -1491.06320067
  0.97 -1528.44935378
  0.98 -1565.89463956
  0.99 -1603.39652592
  1.00 -1640.95263632
