     V         Ical
  0.00   0.76077622
  0.01   0.75952622
  0.02   0.75827621
  0.03   0.75702619
  0.04   0.75577617
  0.05   0.75452614
  0.06   0.75327609
  0.07   0.75202604
  0.08   0.75077597
  0.09   0.74952589
  0.10   0.74827580
  0.11   0.74702568
  0.12   0.74577554
  0.13   0.74452539
  0.14   0.74327520
  0.15   0.74202498
  0.16   0.74077473
  0.17   0.73952444
  0.18   0.73827411
  0.19   0.73702373
  0.20   0.73577329
  0.21   0.73452278
  0.22   0.73327220
  0.23   0.73202154
  0.24   0.73077079
  0.25   0.72951992
  0.26   0.72826894
  0.27   0.72701782
  0.28   0.72576654
  0.29   0.72451508
  0.30   0.72326342
  0.31   0.72201154
  0.32   0.72075939
  0.33   0.71950695
  0.34   0.71825418
  0.35   0.71700103
  0.36   0.71574745
  0.37   0.71449338
  0.38   0.71323876
  0.39   0.71198351
  0.40   0.71072755
  0.41   0.70947078
  0.42   0.70821309
  0.43   0.70695437
  0.44   0.70569446
  0.45   0.70443321
  0.46   0.70317045
  0.47   0.70190596
  0.48   0.70063951
  0.49   0.69937085
  0.50   0.69809966
  0.51   0.69682562
  0.52   0.69554834
  0.53   0.69426738
  0.54   0.69298224
  0.55   0.69169236
  0.56   0.69039711
  0.57   0.68909577
  0.58   0.68778750
  0.59   0.68647138
  0.60   0.68514635
  0.61   0.68381122
  0.62   0.68246462
  0.63   0.68110500
  0.64   0.67973062
  0.65   0.67833949
  0.66   0.67692934
  0.67   0.67549763
  0.68   0.67404144
  0.69   0.67255749
  0.70   0.67104202
  0.71   0.66949081
  0.72   0.66789903
  0.73   0.66626123
  0.74   0.66457120
  0.75   0.66282192
  0.76   0.66100541
  0.77   0.65911260
  0.78   0.65713325
  0.79   0.65505568
  0.80   0.65286667
  0.81   0.65055123
  0.82   0.64809232
  0.83   0.64547063
  0.84   0.64266426
  0.85   0.63964832
  0.86   0.63639461
  0.87   0.63287113
  0.88   0.62904154
  0.89   0.62486465
  0.90   0.62029370
  0.91   0.61527565
  0.92   0.60975033
  0.93   0.60364945
  0.94   0.59689556
  0.95   0.58940078
  0.96   0.58106541
  0.97   0.57177635
  0.98   0.56140529
  0.99   0.54980668
  1.00   0.53681540
