     V         Ical
  0.00   0.76060984
  0.01   0.75061219
  0.02   0.74061447
  0.03   0.73061665
  0.04   0.72061868
  0.05   0.71062050
  0.06   0.70062201
  0.07   0.69062306
  0.08   0.68062343
  0.09   0.67062284
  0.10   0.66062081
  0.11   0.65061670
  0.12   0.64060954
  0.13   0.63059794
  0.14   0.62057984
  0.15   0.61055225
  0.16   0.60051079
  0.17   0.59044909
  0.18   0.58035782
  0.19   0.57022334
  0.20   0.56002576
  0.21   0.54973602
  0.22   0.53931165
  0.23   0.52869063
  0.24   0.51778239
  0.25   0.50645462
  0.26   0.49451409
  0.27   0.48167857
  0.28   0.46753593
  0.29   0.45148431
  0.30   0.43264496
  0.31   0.40973503
  0.32   0.38088233
  0.33   0.34335561
  0.34   0.29317262
  0.35   0.22453205
  0.36   0.12899288
  0.37  -0.00570491
  0.38  -0.19732220
  0.39  -0.47149217
  0.40  -0.86500848
  0.41  -1.43027004
  0.42  -2.24105912
  0.43  -3.39960019
  0.44  -5.04431772
  0.45  -7.35674781
  0.46 -10.56469173
  0.47 -14.93743570
  0.48 -20.76896303
  0.49 -28.34813569
  0.50 -37.92096426
  0.51 -49.65610872
  0.52 -63.62547533
  0.53 -79.80536288
  0.54 -98.09453413
  0.55 -118.34021103
  0.56 -140.36341311
  0.57 -163.97875587
  0.58 -189.00751084
  0.59 -215.28487813
  0.60 -242.66312506
  0.61 -271.01213414
  0.62 -300.21851289
  0.63 -330.18402197
  0.64 -360.82377348
  0.65 -392.06444731
  0.66 -423.84264657
  0.67 -456.10344053
  0.68 -488.79910359
  0.69 -521.88803927
  0.70 -555.33386976
  0.71 -589.10466887
  0.72 -623.17231724
  0.73 -657.51196035
  0.74 -692.10155262
  0.75 -726.92147309
  0.76 -761.95420091
  0.77 -797.18404037
  0.78 -832.59688734
  0.79 -868.18003024
  0.80 -903.92197992
  0.81 -939.81232364
  0.82 -975.84159956
  0.83 -1012.00118828
  0.84 -1048.28321899
  0.85 -1084.68048788
  0.86 -1121.18638713
  0.87 -1157.79484275
  0.88 -1194.50026020
  0.89 -1231.29747653
  0.90 -1268.18171822
  0.91 -1305.14856394
  0.92 -1342.19391156
  0.93 -1379.31394884
  0.94 -1416.50512735
  0.95 -1453.76413918
  0.96 -1491.08789617
  0.97 -1528.47351122
  0.98 -1565.91828159
  0.99 -1603.41967379
  1.00 -1640.97531002
