     V         Ical
  0.00   0.76075245
  0.01   0.75950238
  0.02   0.75825223
  0.03   0.75700199
  0.04   0.75575160
  0.05   0.75450099
  0.06   0.75325007
  0.07   0.75199868
  0.08   0.75074662
  0.09   0.74949358
  0.10   0.74823909
  0.11   0.74698250
  0.12   0.74572284
  0.13   0.74445870
  0.14   0.74318800
  0.15   0.74190773
  0.16   0.74061347
  0.17   0.73929878
  0.18   0.73795425
  0.19   0.73656613
  0.20   0.73511433
  0.21   0.73356952
  0.22   0.73188882
  0.23   0.73000965
  0.24   0.72784056
  0.25   0.72524800
  0.26   0.72203690
  0.27   0.71792238
  0.28   0.71248848
  0.29   0.70512788
  0.30   0.69495414
  0.31   0.68067392
  0.32   0.66040114
  0.33   0.63138765
  0.34   0.58963365
  0.35   0.52932759
  0.36   0.44204612
  0.37   0.31562375
  0.38   0.13258104
  0.39  -0.13200950
  0.40  -0.51331677
  0.41  -1.06020115
  0.42  -1.83908045
  0.43  -2.93752191
  0.44  -4.46620714
  0.45  -6.55724714
  0.46  -9.35672612
  0.47 -13.01063543
  0.48 -17.64626756
  0.49 -23.35432437
  0.50 -30.17786016
  0.51 -38.11140710
  0.52 -47.10906232
  0.53 -57.09722804
  0.54 -67.98753648
  0.55 -79.68722219
  0.56 -92.10612125
  0.57 -105.16067148
  0.58 -118.77572407
  0.59 -132.88496047
  0.60 -147.43052092
  0.61 -162.36224902
  0.62 -177.63679686
  0.63 -193.21672632
  0.64 -209.06967416
  0.65 -225.16760919
  0.66 -241.48618762
  0.67 -258.00420224
  0.68 -274.70311584
  0.69 -291.56666807
  0.70 -308.58054485
  0.71 -325.73210053
  0.72 -343.01012419
  0.73 -360.40464281
  0.74 -377.90675498
  0.75 -395.50849018
  0.76 -413.20268923
  0.77 -430.98290253
  0.78 -448.84330303
  0.79 -466.77861167
  0.80 -484.78403322
  0.81 -502.85520098
  0.82 -520.98812879
  0.83 -539.17916952
  0.84 -557.42497877
  0.85 -575.72248327
  0.86 -594.06885313
  0.87 -612.46147748
  0.88 -630.89794302
  0.89 -649.37601505
  0.90 -667.89362072
  0.91 -686.44883410
  0.92 -705.03986294
  0.93 -723.66503682
  0.94 -742.32279661
  0.95 -761.01168498
  0.96 -779.73033793
  0.97 -798.47747709
  0.98 -817.25190287
  0.99 -836.05248823
  1.00 -854.87817304
