     V         Ical
  0.00   0.76075245
  0.01   0.75950249
  0.02   0.75825251
  0.03   0.75700254
  0.04   0.75575255
  0.05   0.75450256
  0.06   0.75325255
  0.07   0.75200254
  0.08   0.75075251
  0.09   0.74950247
  0.10   0.74825241
  0.11   0.74700233
  0.12   0.74575224
  0.13   0.74450212
  0.14   0.74325197
  0.15   0.74200179
  0.16   0.74075158
  0.17   0.73950133
  0.18   0.73825103
  0.19   0.73700069
  0.20   0.73575029
  0.21   0.73449982
  0.22   0.73324928
  0.23   0.73199865
  0.24   0.73074794
  0.25   0.72949711
  0.26   0.72824616
  0.27   0.72699508
  0.28   0.72574383
  0.29   0.72449241
  0.30   0.72324079
  0.31   0.72198894
  0.32   0.72073683
  0.33   0.71948442
  0.34   0.71823168
  0.35   0.71697856
  0.36   0.71572501
  0.37   0.71447098
  0.38   0.71321638
  0.39   0.71196116
  0.40   0.71070523
  0.41   0.70944848
  0.42   0.70819082
  0.43   0.70693211
  0.44   0.70567222
  0.45   0.70441099
  0.46   0.70314824
  0.47   0.70188376
  0.48   0.70061731
  0.49   0.69934865
  0.50   0.69807746
  0.51   0.69680340
  0.52   0.69552610
  0.53   0.69424511
  0.54   0.69295993
  0.55   0.69167001
  0.56   0.69037471
  0.57   0.68907329
  0.58   0.68776494
  0.59   0.68644872
  0.60   0.68512357
  0.61   0.68378830
  0.62   0.68244153
  0.63   0.68108173
  0.64   0.67970713
  0.65   0.67831574
  0.66   0.67690530
  0.67   0.67547325
  0.68   0.67401668
  0.69   0.67253228
  0.70   0.67101631
  0.71   0.66946452
  0.72   0.66787208
  0.73   0.66623353
  0.74   0.66454264
  0.75   0.66279239
  0.76   0.66097477
  0.77   0.65908072
  0.78   0.65709994
  0.79   0.65502077
  0.80   0.65282994
  0.81   0.65051243
  0.82   0.64805120
  0.83   0.64542688
  0.84   0.64261753
  0.85   0.63959824
  0.86   0.63634076
  0.87   0.63281303
  0.88   0.62897866
  0.89   0.62479641
  0.90   0.62021945
  0.91   0.61519468
  0.92   0.60966185
  0.93   0.60355261
  0.94   0.59678942
  0.95   0.58928435
  0.96   0.58093762
  0.97   0.57163609
  0.98   0.56125140
  0.99   0.54963801
  1.00   0.53663082
