     V         Ical
  0.00   0.76071547
  0.01   0.75849345
  0.02   0.75627143
  0.03   0.75404940
  0.04   0.75182736
  0.05   0.74960531
  0.06   0.74738325
  0.07   0.74516119
  0.08   0.74293911
  0.09   0.74071701
  0.10   0.73849490
  0.11   0.73627277
  0.12   0.73405062
  0.13   0.73182845
  0.14   0.72960624
  0.15   0.72738401
  0.16   0.72516175
  0.17   0.72293944
  0.18   0.72071710
  0.19   0.71849470
  0.20   0.71627224
  0.21   0.71404972
  0.22   0.71182713
  0.23   0.70960445
  0.24   0.70738168
  0.25   0.70515880
  0.26   0.70293580
  0.27   0.70071266
  0.28   0.69848936
  0.29   0.69626589
  0.30   0.69404221
  0.31   0.69181831
  0.32   0.68959415
  0.33   0.68736969
  0.34   0.68514490
  0.35   0.68291972
  0.36   0.68069412
  0.37   0.67846803
  0.38   0.67624139
  0.39   0.67401411
  0.40   0.67178613
  0.41   0.66955733
  0.42   0.66732761
  0.43   0.66509686
  0.44   0.66286492
  0.45   0.66063164
  0.46   0.65839684
  0.47   0.65616031
  0.48   0.65392182
  0.49   0.65168111
  0.50   0.64943787
  0.51   0.64719177
  0.52   0.64494243
  0.53   0.64268940
  0.54   0.64043218
  0.55   0.63817023
  0.56   0.63590289
  0.57   0.63362944
  0.58   0.63134906
  0.59   0.62906082
  0.60   0.62676365
  0.61   0.62445637
  0.62   0.62213759
  0.63   0.61980579
  0.64   0.61745919
  0.65   0.61509582
  0.66   0.61271341
  0.67   0.61030940
  0.68   0.60788088
  0.69   0.60542455
  0.70   0.60293666
  0.71   0.60041298
  0.72   0.59784867
  0.73   0.59523827
  0.74   0.59257558
  0.75   0.58985355
  0.76   0.58706420
  0.77   0.58419846
  0.78   0.58124605
  0.79   0.57819530
  0.80   0.57503297
  0.81   0.57174404
  0.82   0.56831147
  0.83   0.56471593
  0.84   0.56093548
  0.85   0.55694523
  0.86   0.55271694
  0.87   0.54821859
  0.88   0.54341381
  0.89   0.53826138
  0.90   0.53271452
  0.91   0.52672016
  0.92   0.52021809
  0.93   0.51314003
  0.94   0.50540849
  0.95   0.49693560
  0.96   0.48762167
  0.97   0.47735363
  0.98   0.46600325
  0.99   0.45342506
  1.00   0.43945414
