     V         Ical
  0.00   0.76066169
  0.01   0.75702584
  0.02   0.75338992
  0.03   0.74975389
  0.04   0.74611772
  0.05   0.74248133
  0.06   0.73884463
  0.07   0.73520746
  0.08   0.73156962
  0.09   0.72793080
  0.10   0.72429054
  0.11   0.72064817
  0.12   0.71700274
  0.13   0.71335283
  0.14   0.70969636
  0.15   0.70603034
  0.16   0.70235034
  0.17   0.69864994
  0.18   0.69491973
  0.19   0.69114597
  0.20   0.68730862
  0.21   0.68337837
  0.22   0.67931241
  0.23   0.67504825
  0.24   0.67049458
  0.25   0.66551805
  0.26   0.65992390
  0.27   0.65342772
  0.28   0.64561425
  0.29   0.63587720
  0.30   0.62333172
  0.31   0.60668679
  0.32   0.58405984
  0.33   0.55270791
  0.34   0.50863893
  0.35   0.44605280
  0.36   0.35654298
  0.37   0.22796862
  0.38   0.04288592
  0.39  -0.22358186
  0.40  -0.60653265
  0.41  -1.15473088
  0.42  -1.93447018
  0.43  -3.03316760
  0.44  -4.56134088
  0.45  -6.65095026
  0.46  -9.44798296
  0.47 -13.09843000
  0.48 -17.72970454
  0.49 -23.43273754
  0.50 -30.25087200
  0.51 -38.17892611
  0.52 -47.17123163
  0.53 -57.15435245
  0.54 -68.04001178
  0.55 -79.73547961
  0.56 -92.15058989
  0.57 -105.20175620
  0.58 -118.81379458
  0.59 -132.92034749
  0.60 -147.46351664
  0.61 -162.39310971
  0.62 -177.66574646
  0.63 -193.24396022
  0.64 -209.09536291
  0.65 -225.19190184
  0.66 -241.50921474
  0.67 -258.02607846
  0.68 -274.72394213
  0.69 -291.58653363
  0.70 -308.59952871
  0.71 -325.75027295
  0.72 -343.02754784
  0.73 -360.42137375
  0.74 -377.92284350
  0.75 -395.52398154
  0.76 -413.21762429
  0.77 -430.99731825
  0.78 -448.85723295
  0.79 -466.79208631
  0.80 -484.79708042
  0.81 -502.86784615
  0.82 -521.00039525
  0.83 -539.19107866
  0.84 -557.43655027
  0.85 -575.73373527
  0.86 -594.07980239
  0.87 -612.47213950
  0.88 -630.90833217
  0.89 -649.38614468
  0.90 -667.90350325
  0.91 -686.45848108
  0.92 -705.04928515
  0.93 -723.67424433
  0.94 -742.33179885
  0.95 -761.02049079
  0.96 -779.73895557
  0.97 -798.48591435
  0.98 -817.26016706
  0.99 -836.06058623
  1.00 -854.88611133
