     V         Ical
  0.00   0.76072868
  0.01   0.75947875
  0.02   0.75822882
  0.03   0.75697888
  0.04   0.75572893
  0.05   0.75447898
  0.06   0.75322901
  0.07   0.75197904
  0.08   0.75072905
  0.09   0.74947905
  0.10   0.74822903
  0.11   0.74697899
  0.12   0.74572893
  0.13   0.74447885
  0.14   0.74322874
  0.15   0.74197860
  0.16   0.74072843
  0.17   0.73947822
  0.18   0.73822796
  0.19   0.73697765
  0.20   0.73572729
  0.21   0.73447686
  0.22   0.73322635
  0.23   0.73197577
  0.24   0.73072509
  0.25   0.72947430
  0.26   0.72822339
  0.27   0.72697234
  0.28   0.72572113
  0.29   0.72446975
  0.30   0.72321816
  0.31   0.72196634
  0.32   0.72071427
  0.33   0.71946189
  0.34   0.71820919
  0.35   0.71695610
  0.36   0.71570258
  0.37   0.71444857
  0.38   0.71319401
  0.39   0.71193881
  0.40   0.71068290
  0.41   0.70942618
  0.42   0.70816854
  0.43   0.70690986
  0.44   0.70564998
  0.45   0.70438877
  0.46   0.70312603
  0.47   0.70186155
  0.48   0.70059511
  0.49   0.69932645
  0.50   0.69805525
  0.51   0.69678118
  0.52   0.69550386
  0.53   0.69422284
  0.54   0.69293763
  0.55   0.69164766
  0.56   0.69035230
  0.57   0.68905081
  0.58   0.68774238
  0.59   0.68642606
  0.60   0.68510079
  0.61   0.68376538
  0.62   0.68241845
  0.63   0.68105845
  0.64   0.67968363
  0.65   0.67829199
  0.66   0.67688125
  0.67   0.67544887
  0.68   0.67399190
  0.69   0.67250706
  0.70   0.67099059
  0.71   0.66943821
  0.72   0.66784512
  0.73   0.66620581
  0.74   0.66451407
  0.75   0.66276285
  0.76   0.66094413
  0.77   0.65904882
  0.78   0.65706662
  0.79   0.65498583
  0.80   0.65279318
  0.81   0.65047361
  0.82   0.64801004
  0.83   0.64538308
  0.84   0.64257076
  0.85   0.63954812
  0.86   0.63628685
  0.87   0.63275486
  0.88   0.62891571
  0.89   0.62472809
  0.90   0.62014511
  0.91   0.61511361
  0.92   0.60957326
  0.93   0.60345564
  0.94   0.59668315
  0.95   0.58916778
  0.96   0.58080968
  0.97   0.57149567
  0.98   0.56109736
  0.99   0.54946918
  1.00   0.53644608
