     V         Ical
  0.00   0.76067321
  0.01   0.75845121
  0.02   0.75622914
  0.03   0.75400696
  0.04   0.75178464
  0.05   0.74956209
  0.06   0.74733923
  0.07   0.74511591
  0.08   0.74289190
  0.09   0.74066691
  0.10   0.73844046
  0.11   0.73621190
  0.12   0.73398025
  0.13   0.73174408
  0.14   0.72950131
  0.15   0.72724892
  0.16   0.72498244
  0.17   0.72269542
  0.18   0.72037836
  0.19   0.71801744
  0.20   0.71559245
  0.21   0.71307388
  0.22   0.71041861
  0.23   0.70756367
  0.24   0.70441710
  0.25   0.70084458
  0.26   0.69664997
  0.27   0.69154685
  0.28   0.68511712
  0.29   0.67675054
  0.30   0.66555680
  0.31   0.65023774
  0.32   0.62890200
  0.33   0.59879731
  0.34   0.55592555
  0.35   0.49449349
  0.36   0.40613763
  0.37   0.27884810
  0.38   0.09551137
  0.39  -0.16798963
  0.40  -0.54510732
  0.41  -1.08121308
  0.42  -1.83594097
  0.43  -2.88434872
  0.44  -4.31552107
  0.45  -6.22723174
  0.46  -8.71623055
  0.47 -11.86572780
  0.48 -15.73370769
  0.49 -20.34608408
  0.50 -25.69668904
  0.51 -31.75304497
  0.52 -38.46496692
  0.53 -45.77308330
  0.54 -53.61556618
  0.55 -61.93261237
  0.56 -70.66896594
  0.57 -79.77502955
  0.58 -89.20708516
  0.59 -98.92701689
  0.60 -108.90179500
  0.61 -119.10287669
  0.62 -129.50560956
  0.63 -140.08867997
  0.64 -150.83362328
  0.65 -161.72439975
  0.66 -172.74703232
  0.67 -183.88930002
  0.68 -195.14047966
  0.69 -206.49112869
  0.70 -217.93290266
  0.71 -229.45840168
  0.72 -241.06104103
  0.73 -252.73494193
  0.74 -264.47483895
  0.75 -276.27600146
  0.76 -288.13416663
  0.77 -300.04548218
  0.78 -312.00645733
  0.79 -324.01392056
  0.80 -336.06498312
  0.81 -348.15700754
  0.82 -360.28758017
  0.83 -372.45448733
  0.84 -384.65569441
  0.85 -396.88932764
  0.86 -409.15365799
  0.87 -421.44708701
  0.88 -433.76813436
  0.89 -446.11542667
  0.90 -458.48768778
  0.91 -470.88372993
  0.92 -483.30244597
  0.93 -495.74280240
  0.94 -508.20383306
  0.95 -520.68463357
  0.96 -533.18435626
  0.97 -545.70220559
  0.98 -558.23743406
  0.99 -570.78933849
  1.00 -583.35725662
