     V         Ical
  0.00   0.76059256
  0.01   0.75695715
  0.02   0.75332173
  0.03   0.74968630
  0.04   0.74605086
  0.05   0.74241542
  0.06   0.73877996
  0.07   0.73514450
  0.08   0.73150902
  0.09   0.72787353
  0.10   0.72423802
  0.11   0.72060249
  0.12   0.71696694
  0.13   0.71333137
  0.14   0.70969578
  0.15   0.70606015
  0.16   0.70242448
  0.17   0.69878878
  0.18   0.69515304
  0.19   0.69151724
  0.20   0.68788139
  0.21   0.68424547
  0.22   0.68060948
  0.23   0.67697340
  0.24   0.67333723
  0.25   0.66970095
  0.26   0.66606455
  0.27   0.66242802
  0.28   0.65879132
  0.29   0.65515445
  0.30   0.65151737
  0.31   0.64788007
  0.32   0.64424251
  0.33   0.64060465
  0.34   0.63696646
  0.35   0.63332788
  0.36   0.62968888
  0.37   0.62604939
  0.38   0.62240934
  0.39   0.61876866
  0.40   0.61512727
  0.41   0.61148507
  0.42   0.60784195
  0.43   0.60419778
  0.44   0.60055244
  0.45   0.59690575
  0.46   0.59325753
  0.47   0.58960759
  0.48   0.58595568
  0.49   0.58230155
  0.50   0.57864490
  0.51   0.57498538
  0.52   0.57132261
  0.53   0.56765615
  0.54   0.56398551
  0.55   0.56031011
  0.56   0.55662933
  0.57   0.55294244
  0.58   0.54924861
  0.59   0.54554692
  0.60   0.54183629
  0.61   0.53811554
  0.62   0.53438329
  0.63   0.53063800
  0.64   0.52687791
  0.65   0.52310103
  0.66   0.51930511
  0.67   0.51548757
  0.68   0.51164551
  0.69   0.50777562
  0.70   0.50387417
  0.71   0.49993690
  0.72   0.49595899
  0.73   0.49193497
  0.74   0.48785864
  0.75   0.48372295
  0.76   0.47951991
  0.77   0.47524046
  0.78   0.47087431
  0.79   0.46640981
  0.80   0.46183370
  0.81   0.45713096
  0.82   0.45228457
  0.83   0.44727519
  0.84   0.44208088
  0.85   0.43667677
  0.86   0.43103462
  0.87   0.42512241
  0.88   0.41890381
  0.89   0.41233762
  0.90   0.40537708
  0.91   0.39796917
  0.92   0.39005372
  0.93   0.38156252
  0.94   0.37241817
  0.95   0.36253291
  0.96   0.35180719
  0.97   0.34012812
  0.98   0.32736771
  0.99   0.31338080
  1.00   0.29800283
