    0.000000    -0.019964
    0.001101    -0.020057
    0.002202    -0.019698
    0.003303    -0.019955
    0.004404    -0.019770
    0.005506    -0.019939
    0.006607    -0.019402
    0.007708    -0.019958
    0.008809    -0.020109
    0.009910    -0.019691
    0.011011    -0.019611
    0.012112    -0.019651
    0.013213    -0.020038
    0.014314    -0.020001
    0.015415    -0.020030
    0.016517    -0.020013
    0.017618    -0.020033
    0.018719    -0.019636
    0.019820    -0.020011
    0.020921    -0.019253
    0.022022    -0.019967
    0.023123    -0.020199
    0.024224    -0.019969
    0.025325    -0.019795
    0.026426    -0.020132
    0.027528    -0.020161
    0.028629    -0.020052
    0.029730    -0.019747
    0.030831    -0.020103
    0.031932    -0.019788
    0.033033    -0.019933
    0.034134    -0.020018
    0.035235    -0.019558
    0.036336    -0.019862
    0.037437    -0.019754
    0.038539    -0.020031
    0.039640    -0.019871
    0.040741    -0.019617
    0.041842    -0.019377
    0.042943    -0.019779
    0.044044    -0.019468
    0.045145    -0.019646
    0.046246    -0.019963
    0.047347    -0.019888
    0.048448    -0.019842
    0.049550    -0.019466
    0.050651    -0.019906
    0.051752    -0.019763
    0.052853    -0.019659
    0.053954    -0.019760
    0.055055    -0.019805
    0.056156    -0.019333
    0.057257    -0.019912
    0.058358    -0.019158
    0.059459    -0.019563
    0.060561    -0.019888
    0.061662    -0.020133
    0.062763    -0.019433
    0.063864    -0.019732
    0.064965    -0.019568
    0.066066    -0.019854
    0.067167    -0.019738
    0.068268    -0.019388
    0.069369    -0.019718
    0.070470    -0.019750
    0.071572    -0.019538
    0.072673    -0.019466
    0.073774    -0.019355
    0.074875    -0.019761
    0.075976    -0.019751
    0.077077    -0.019480
    0.078178    -0.019654
    0.079279    -0.019208
    0.080380    -0.019293
    0.081481    -0.019614
    0.082583    -0.019573
    0.083684    -0.019456
    0.084785    -0.019490
    0.085886    -0.019491
    0.086987    -0.019670
    0.088088    -0.019677
    0.089189    -0.019851
    0.090290    -0.019780
    0.091391    -0.019454
    0.092492    -0.019449
    0.093594    -0.019746
    0.094695    -0.019185
    0.095796    -0.019331
    0.096897    -0.019726
    0.097998    -0.019521
    0.099099    -0.019593
    0.100200    -0.019452
    0.101301    -0.019020
    0.102402    -0.019465
    0.103504    -0.019418
    0.104605    -0.019487
    0.105706    -0.020181
    0.106807    -0.019258
    0.107908    -0.019522
    0.109009    -0.019620
    0.110110    -0.019535
    0.111211    -0.019396
    0.112312    -0.019397
    0.113413    -0.019780
    0.114515    -0.019579
    0.115616    -0.019830
    0.116717    -0.019596
    0.117818    -0.019569
    0.118919    -0.019563
    0.120020    -0.019650
    0.121121    -0.018966
    0.122222    -0.019691
    0.123323    -0.019416
    0.124424    -0.019350
    0.125526    -0.018925
    0.126627    -0.019495
    0.127728    -0.019497
    0.128829    -0.019518
    0.129930    -0.019028
    0.131031    -0.019324
    0.132132    -0.018982
    0.133233    -0.019497
    0.134334    -0.019242
    0.135435    -0.019156
    0.136537    -0.019080
    0.137638    -0.019352
    0.138739    -0.018909
    0.139840    -0.019536
    0.140941    -0.019526
    0.142042    -0.019501
    0.143143    -0.019103
    0.144244    -0.019264
    0.145345    -0.019465
    0.146446    -0.018755
    0.147548    -0.019693
    0.148649    -0.019400
    0.149750    -0.019315
    0.150851    -0.019179
    0.151952    -0.019049
    0.153053    -0.018976
    0.154154    -0.019531
    0.155255    -0.019192
    0.156356    -0.018985
    0.157457    -0.019228
    0.158559    -0.019076
    0.159660    -0.019050
    0.160761    -0.019379
    0.161862    -0.019299
    0.162963    -0.018737
    0.164064    -0.018931
    0.165165    -0.019131
    0.166266    -0.019095
    0.167367    -0.019046
    0.168468    -0.019323
    0.169570    -0.019328
    0.170671    -0.018853
    0.171772    -0.019396
    0.172873    -0.019656
    0.173974    -0.018956
    0.175075    -0.019052
    0.176176    -0.019273
    0.177277    -0.019208
    0.178378    -0.019191
    0.179479    -0.018831
    0.180581    -0.019191
    0.181682    -0.019008
    0.182783    -0.018839
    0.183884    -0.018940
    0.184985    -0.018957
    0.186086    -0.018961
    0.187187    -0.019042
    0.188288    -0.019026
    0.189389    -0.019284
    0.190490    -0.019112
    0.191592    -0.018868
    0.192693    -0.019119
    0.193794    -0.018978
    0.194895    -0.019202
    0.195996    -0.018987
    0.197097    -0.019262
    0.198198    -0.018903
    0.199299    -0.018551
    0.200400    -0.019245
    0.201502    -0.018775
    0.202603    -0.018954
    0.203704    -0.019049
    0.204805    -0.019068
    0.205906    -0.019237
    0.207007    -0.019422
    0.208108    -0.019088
    0.209209    -0.018783
    0.210310    -0.019144
    0.211411    -0.019018
    0.212513    -0.018808
    0.213614    -0.018740
    0.214715    -0.018927
    0.215816    -0.019311
    0.216917    -0.018960
    0.218018    -0.019040
    0.219119    -0.018968
    0.220220    -0.019014
    0.221321    -0.018625
    0.222422    -0.018776
    0.223524    -0.018504
    0.224625    -0.019030
    0.225726    -0.018991
    0.226827    -0.018990
    0.227928    -0.018855
    0.229029    -0.019149
    0.230130    -0.018873
    0.231231    -0.018560
    0.232332    -0.019325
    0.233433    -0.018710
    0.234535    -0.018683
    0.235636    -0.019109
    0.236737    -0.018511
    0.237838    -0.018607
    0.238939    -0.018341
    0.240040    -0.018534
    0.241141    -0.018540
    0.242242    -0.018901
    0.243343    -0.019156
    0.244444    -0.018840
    0.245546    -0.018552
    0.246647    -0.018632
    0.247748    -0.018713
    0.248849    -0.018696
    0.249950    -0.018901
    0.251051    -0.018862
    0.252152    -0.018719
    0.253253    -0.018407
    0.254354    -0.018812
    0.255455    -0.018874
    0.256557    -0.018676
    0.257658    -0.018605
    0.258759    -0.018341
    0.259860    -0.018651
    0.260961    -0.018420
    0.262062    -0.018569
    0.263163    -0.018959
    0.264264    -0.018537
    0.265365    -0.018586
    0.266466    -0.018533
    0.267568    -0.018832
    0.268669    -0.018661
    0.269770    -0.018525
    0.270871    -0.018585
    0.271972    -0.018604
    0.273073    -0.018560
    0.274174    -0.018529
    0.275275    -0.018579
    0.276376    -0.019007
    0.277477    -0.018410
    0.278579    -0.018753
    0.279680    -0.018420
    0.280781    -0.018312
    0.281882    -0.018803
    0.282983    -0.018716
    0.284084    -0.018647
    0.285185    -0.018854
    0.286286    -0.018314
    0.287387    -0.018791
    0.288488    -0.018724
    0.289590    -0.018437
    0.290691    -0.018673
    0.291792    -0.018962
    0.292893    -0.018469
    0.293994    -0.018834
    0.295095    -0.018235
    0.296196    -0.018316
    0.297297    -0.018230
    0.298398    -0.018326
    0.299499    -0.018218
    0.300601    -0.018078
    0.301702    -0.018848
    0.302803    -0.018457
    0.303904    -0.018352
    0.305005    -0.018581
    0.306106    -0.018526
    0.307207    -0.018639
    0.308308    -0.018286
    0.309409    -0.018429
    0.310511    -0.018715
    0.311612    -0.018364
    0.312713    -0.018907
    0.313814    -0.018260
    0.314915    -0.018455
    0.316016    -0.018550
    0.317117    -0.018697
    0.318218    -0.018434
    0.319319    -0.018251
    0.320420    -0.018094
    0.321522    -0.018073
    0.322623    -0.018574
    0.323724    -0.018427
    0.324825    -0.018310
    0.325926    -0.018493
    0.327027    -0.018475
    0.328128    -0.018489
    0.329229    -0.018781
    0.330330    -0.018421
    0.331431    -0.018656
    0.332533    -0.018280
    0.333634    -0.018587
    0.334735    -0.018594
    0.335836    -0.018299
    0.336937    -0.018438
    0.338038    -0.018255
    0.339139    -0.018417
    0.340240    -0.018201
    0.341341    -0.018317
    0.342442    -0.018391
    0.343544    -0.018214
    0.344645    -0.017500
    0.345746    -0.018301
    0.346847    -0.018514
    0.347948    -0.018741
    0.349049    -0.017920
    0.350150    -0.017804
    0.351251    -0.017996
    0.352352    -0.018352
    0.353453    -0.018383
    0.354555    -0.017832
    0.355656    -0.018584
    0.356757    -0.017817
    0.357858    -0.018133
    0.358959    -0.018366
    0.360060    -0.018536
    0.361161    -0.018189
    0.362262    -0.018170
    0.363363    -0.017940
    0.364464    -0.018326
    0.365566    -0.018277
    0.366667    -0.018684
    0.367768    -0.018219
    0.368869    -0.018310
    0.369970    -0.018243
    0.371071    -0.018316
    0.372172    -0.018307
    0.373273    -0.018109
    0.374374    -0.018075
    0.375475    -0.018144
    0.376577    -0.018108
    0.377678    -0.018284
    0.378779    -0.018101
    0.379880    -0.018245
    0.380981    -0.017666
    0.382082    -0.017889
    0.383183    -0.017983
    0.384284    -0.018232
    0.385385    -0.017908
    0.386486    -0.017876
    0.387588    -0.018141
    0.388689    -0.018096
    0.389790    -0.017765
    0.390891    -0.018198
    0.391992    -0.018198
    0.393093    -0.018061
    0.394194    -0.018026
    0.395295    -0.017988
    0.396396    -0.017917
    0.397497    -0.017696
    0.398599    -0.017707
    0.399700    -0.018024
    0.400801    -0.017954
    0.401902    -0.018332
    0.403003    -0.018054
    0.404104    -0.018222
    0.405205    -0.017940
    0.406306    -0.017827
    0.407407    -0.017903
    0.408509    -0.017993
    0.409610    -0.018036
    0.410711    -0.018047
    0.411812    -0.017984
    0.412913    -0.018304
    0.414014    -0.017460
    0.415115    -0.017931
    0.416216    -0.018403
    0.417317    -0.017894
    0.418418    -0.018180
    0.419520    -0.018171
    0.420621    -0.017909
    0.421722    -0.018182
    0.422823    -0.017954
    0.423924    -0.017860
    0.425025    -0.017832
    0.426126    -0.017899
    0.427227    -0.017957
    0.428328    -0.017476
    0.429429    -0.018020
    0.430531    -0.017494
    0.431632    -0.018064
    0.432733    -0.018205
    0.433834    -0.017916
    0.434935    -0.017633
    0.436036    -0.017931
    0.437137    -0.018275
    0.438238    -0.017946
    0.439339    -0.017754
    0.440440    -0.017732
    0.441542    -0.018019
    0.442643    -0.018067
    0.443744    -0.017586
    0.444845    -0.017867
    0.445946    -0.017968
    0.447047    -0.017758
    0.448148    -0.017618
    0.449249    -0.017511
    0.450350    -0.017676
    0.451451    -0.017599
    0.452553    -0.017742
    0.453654    -0.017465
    0.454755    -0.017505
    0.455856    -0.017710
    0.456957    -0.017942
    0.458058    -0.017708
    0.459159    -0.017934
    0.460260    -0.017572
    0.461361    -0.017595
    0.462462    -0.017920
    0.463564    -0.017824
    0.464665    -0.017761
    0.465766    -0.017616
    0.466867    -0.017681
    0.467968    -0.017986
    0.469069    -0.017980
    0.470170    -0.017665
    0.471271    -0.017578
    0.472372    -0.017562
    0.473473    -0.017895
    0.474575    -0.017799
    0.475676    -0.017731
    0.476777    -0.017661
    0.477878    -0.017418
    0.478979    -0.017212
    0.480080    -0.017296
    0.481181    -0.017343
    0.482282    -0.017511
    0.483383    -0.017856
    0.484484    -0.017524
    0.485586    -0.017381
    0.486687    -0.017495
    0.487788    -0.017706
    0.488889    -0.017940
    0.489990    -0.017427
    0.491091    -0.017498
    0.492192    -0.017531
    0.493293    -0.017461
    0.494394    -0.017404
    0.495495    -0.016942
    0.496597    -0.017434
    0.497698    -0.017710
    0.498799    -0.017497
    0.499900    -0.017298
    0.501001    -0.017635
    0.502102    -0.017808
    0.503203    -0.017643
    0.504304    -0.017573
    0.505405    -0.017350
    0.506507    -0.017319
    0.507608    -0.017630
    0.508709    -0.017568
    0.509810    -0.017406
    0.510911    -0.017515
    0.512012    -0.017638
    0.513113    -0.017592
    0.514214    -0.017782
    0.515315    -0.017161
    0.516416    -0.017527
    0.517518    -0.017638
    0.518619    -0.017096
    0.519720    -0.017429
    0.520821    -0.017526
    0.521922    -0.017418
    0.523023    -0.017407
    0.524124    -0.017219
    0.525225    -0.017118
    0.526326    -0.017716
    0.527427    -0.017521
    0.528529    -0.017851
    0.529630    -0.017824
    0.530731    -0.017617
    0.531832    -0.017321
    0.532933    -0.017047
    0.534034    -0.017302
    0.535135    -0.017184
    0.536236    -0.017490
    0.537337    -0.017623
    0.538438    -0.017168
    0.539540    -0.017112
    0.540641    -0.017376
    0.541742    -0.016954
    0.542843    -0.017463
    0.543944    -0.016851
    0.545045    -0.017093
    0.546146    -0.017482
    0.547247    -0.017550
    0.548348    -0.016918
    0.549449    -0.017000
    0.550551    -0.017083
    0.551652    -0.017389
    0.552753    -0.017134
    0.553854    -0.016944
    0.554955    -0.017385
    0.556056    -0.016830
    0.557157    -0.017333
    0.558258    -0.017429
    0.559359    -0.017316
    0.560460    -0.017118
    0.561562    -0.017332
    0.562663    -0.017193
    0.563764    -0.017311
    0.564865    -0.017463
    0.565966    -0.016935
    0.567067    -0.017104
    0.568168    -0.017345
    0.569269    -0.017098
    0.570370    -0.017297
    0.571471    -0.017142
    0.572573    -0.016973
    0.573674    -0.016910
    0.574775    -0.017060
    0.575876    -0.017097
    0.576977    -0.017215
    0.578078    -0.017283
    0.579179    -0.016902
    0.580280    -0.016672
    0.581381    -0.017027
    0.582482    -0.017192
    0.583584    -0.016724
    0.584685    -0.016881
    0.585786    -0.016752
    0.586887    -0.017020
    0.587988    -0.016757
    0.589089    -0.017084
    0.590190    -0.017173
    0.591291    -0.017283
    0.592392    -0.016823
    0.593493    -0.017209
    0.594595    -0.017087
    0.595696    -0.016985
    0.596797    -0.016837
    0.597898    -0.016938
    0.598999    -0.017205
    0.600100    -0.016766
    0.601201    -0.017295
    0.602302    -0.017056
    0.603403    -0.017228
    0.604505    -0.016904
    0.605606    -0.017082
    0.606707    -0.017096
    0.607808    -0.017015
    0.608909    -0.016921
    0.610010    -0.017063
    0.611111    -0.017017
    0.612212    -0.016970
    0.613313    -0.017190
    0.614414    -0.016803
    0.615516    -0.017310
    0.616617    -0.016937
    0.617718    -0.017059
    0.618819    -0.016732
    0.619920    -0.016817
    0.621021    -0.016963
    0.622122    -0.016773
    0.623223    -0.016601
    0.624324    -0.016525
    0.625425    -0.016536
    0.626527    -0.016920
    0.627628    -0.017056
    0.628729    -0.016731
    0.629830    -0.016663
    0.630931    -0.016507
    0.632032    -0.016951
    0.633133    -0.016663
    0.634234    -0.016696
    0.635335    -0.016666
    0.636436    -0.016899
    0.637538    -0.016620
    0.638639    -0.016842
    0.639740    -0.016872
    0.640841    -0.016886
    0.641942    -0.016689
    0.643043    -0.016390
    0.644144    -0.016855
    0.645245    -0.016815
    0.646346    -0.017147
    0.647447    -0.016673
    0.648549    -0.016620
    0.649650    -0.016551
    0.650751    -0.016880
    0.651852    -0.016816
    0.652953    -0.016921
    0.654054    -0.016505
    0.655155    -0.016633
    0.656256    -0.016691
    0.657357    -0.017102
    0.658458    -0.016899
    0.659560    -0.016704
    0.660661    -0.016684
    0.661762    -0.017125
    0.662863    -0.016476
    0.663964    -0.016641
    0.665065    -0.016892
    0.666166    -0.016797
    0.667267    -0.016521
    0.668368    -0.016853
    0.669469    -0.016264
    0.670571    -0.016727
    0.671672    -0.016576
    0.672773    -0.016508
    0.673874    -0.016879
    0.674975    -0.016587
    0.676076    -0.016749
    0.677177    -0.016930
    0.678278    -0.016687
    0.679379    -0.016303
    0.680480    -0.016435
    0.681582    -0.016671
    0.682683    -0.016714
    0.683784    -0.016552
    0.684885    -0.016747
    0.685986    -0.016603
    0.687087    -0.016598
    0.688188    -0.016606
    0.689289    -0.016643
    0.690390    -0.016517
    0.691491    -0.016441
    0.692593    -0.016159
    0.693694    -0.016621
    0.694795    -0.016311
    0.695896    -0.016400
    0.696997    -0.016641
    0.698098    -0.016183
    0.699199    -0.016618
    0.700300    -0.016120
    0.701401    -0.016257
    0.702503    -0.016493
    0.703604    -0.016544
    0.704705    -0.016190
    0.705806    -0.016373
    0.706907    -0.016775
    0.708008    -0.016377
    0.709109    -0.016423
    0.710210    -0.016221
    0.711311    -0.016222
    0.712412    -0.016525
    0.713514    -0.016686
    0.714615    -0.016817
    0.715716    -0.016460
    0.716817    -0.016227
    0.717918    -0.016349
    0.719019    -0.016240
    0.720120    -0.016841
    0.721221    -0.016387
    0.722322    -0.016419
    0.723423    -0.016297
    0.724525    -0.016061
    0.725626    -0.016395
    0.726727    -0.016526
    0.727828    -0.016032
    0.728929    -0.016454
    0.730030    -0.016795
    0.731131    -0.016571
    0.732232    -0.016716
    0.733333    -0.016202
    0.734434    -0.016228
    0.735536    -0.016376
    0.736637    -0.016252
    0.737738    -0.016426
    0.738839    -0.016381
    0.739940    -0.016356
    0.741041    -0.015985
    0.742142    -0.016066
    0.743243    -0.016331
    0.744344    -0.016483
    0.745445    -0.016263
    0.746547    -0.015876
    0.747648    -0.016247
    0.748749    -0.016237
    0.749850    -0.016396
    0.750951    -0.016013
    0.752052    -0.016185
    0.753153    -0.015986
    0.754254    -0.015939
    0.755355    -0.015864
    0.756456    -0.015916
    0.757558    -0.016050
    0.758659    -0.016242
    0.759760    -0.016291
    0.760861    -0.016503
    0.761962    -0.016208
    0.763063    -0.016231
    0.764164    -0.016123
    0.765265    -0.016124
    0.766366    -0.016112
    0.767467    -0.016251
    0.768569    -0.016196
    0.769670    -0.016230
    0.770771    -0.016255
    0.771872    -0.015925
    0.772973    -0.015812
    0.774074    -0.016329
    0.775175    -0.016087
    0.776276    -0.016006
    0.777377    -0.015994
    0.778478    -0.016166
    0.779580    -0.016005
    0.780681    -0.015636
    0.781782    -0.015964
    0.782883    -0.016050
    0.783984    -0.015927
    0.785085    -0.016235
    0.786186    -0.016151
    0.787287    -0.016465
    0.788388    -0.016440
    0.789489    -0.016118
    0.790591    -0.015952
    0.791692    -0.015986
    0.792793    -0.015902
    0.793894    -0.015859
    0.794995    -0.015883
    0.796096    -0.015654
    0.797197    -0.016302
    0.798298    -0.016544
    0.799399    -0.015750
    0.800501    -0.015968
    0.801602    -0.016332
    0.802703    -0.015821
    0.803804    -0.016307
    0.804905    -0.015779
    0.806006    -0.015939
    0.807107    -0.015736
    0.808208    -0.015710
    0.809309    -0.015916
    0.810410    -0.015447
    0.811512    -0.016210
    0.812613    -0.015550
    0.813714    -0.016146
    0.814815    -0.015596
    0.815916    -0.015885
    0.817017    -0.015989
    0.818118    -0.015601
    0.819219    -0.015758
    0.820320    -0.015494
    0.821421    -0.015914
    0.822523    -0.015642
    0.823624    -0.015900
    0.824725    -0.015543
    0.825826    -0.015754
    0.826927    -0.015543
    0.828028    -0.015479
    0.829129    -0.015935
    0.830230    -0.015552
    0.831331    -0.015982
    0.832432    -0.015505
    0.833534    -0.015813
    0.834635    -0.015385
    0.835736    -0.015427
    0.836837    -0.015668
    0.837938    -0.015782
    0.839039    -0.015686
    0.840140    -0.015894
    0.841241    -0.015778
    0.842342    -0.015750
    0.843443    -0.015329
    0.844545    -0.015736
    0.845646    -0.015757
    0.846747    -0.015719
    0.847848    -0.016208
    0.848949    -0.015694
    0.850050    -0.015497
    0.851151    -0.015635
    0.852252    -0.015654
    0.853353    -0.015919
    0.854454    -0.015779
    0.855556    -0.015553
    0.856657    -0.015347
    0.857758    -0.015974
    0.858859    -0.015631
    0.859960    -0.015967
    0.861061    -0.015926
    0.862162    -0.015781
    0.863263    -0.015559
    0.864364    -0.015928
    0.865465    -0.016014
    0.866567    -0.015229
    0.867668    -0.015657
    0.868769    -0.015798
    0.869870    -0.015222
    0.870971    -0.015226
    0.872072    -0.015792
    0.873173    -0.015628
    0.874274    -0.015328
    0.875375    -0.015774
    0.876476    -0.015621
    0.877578    -0.015438
    0.878679    -0.015214
    0.879780    -0.015066
    0.880881    -0.015699
    0.881982    -0.015238
    0.883083    -0.015361
    0.884184    -0.015270
    0.885285    -0.015634
    0.886386    -0.015392
    0.887487    -0.015325
    0.888589    -0.015501
    0.889690    -0.015263
    0.890791    -0.015381
    0.891892    -0.014998
    0.892993    -0.015508
    0.894094    -0.015230
    0.895195    -0.015224
    0.896296    -0.015054
    0.897397    -0.015759
    0.898498    -0.015092
    0.899600    -0.015077
    0.900701    -0.014815
    0.901802    -0.015083
    0.902903    -0.015192
    0.904004    -0.014981
    0.905105    -0.014763
    0.906206    -0.015201
    0.907307    -0.014783
    0.908408    -0.014869
    0.909510    -0.014898
    0.910611    -0.014980
    0.911712    -0.014550
    0.912813    -0.014951
    0.913914    -0.015119
    0.915015    -0.014772
    0.916116    -0.014933
    0.917217    -0.014866
    0.918318    -0.014552
    0.919419    -0.014727
    0.920521    -0.014812
    0.921622    -0.014702
    0.922723    -0.014519
    0.923824    -0.014650
    0.924925    -0.014258
    0.926026    -0.013839
    0.927127    -0.014379
    0.928228    -0.014201
    0.929329    -0.014487
    0.930430    -0.014008
    0.931532    -0.014525
    0.932633    -0.014214
    0.933734    -0.014261
    0.934835    -0.014332
    0.935936    -0.013817
    0.937037    -0.013865
    0.938138    -0.013873
    0.939239    -0.013611
    0.940340    -0.013660
    0.941441    -0.013819
    0.942543    -0.013636
    0.943644    -0.013899
    0.944745    -0.013386
    0.945846    -0.013427
    0.946947    -0.013050
    0.948048    -0.013308
    0.949149    -0.013265
    0.950250    -0.012724
    0.951351    -0.012836
    0.952452    -0.013013
    0.953554    -0.012714
    0.954655    -0.012201
    0.955756    -0.012653
    0.956857    -0.012077
    0.957958    -0.012131
    0.959059    -0.011901
    0.960160    -0.011853
    0.961261    -0.011583
    0.962362    -0.011703
    0.963463    -0.011877
    0.964565    -0.011287
    0.965666    -0.011062
    0.966767    -0.010767
    0.967868    -0.010727
    0.968969    -0.010719
    0.970070    -0.010119
    0.971171    -0.010259
    0.972272    -0.009737
    0.973373    -0.009524
    0.974474    -0.009051
    0.975576    -0.009424
    0.976677    -0.008570
    0.977778    -0.008515
    0.978879    -0.008318
    0.979980    -0.008006
    0.981081    -0.007957
    0.982182    -0.007134
    0.983283    -0.007045
    0.984384    -0.006880
    0.985485    -0.006540
    0.986587    -0.005729
    0.987688    -0.005534
    0.988789    -0.005155
    0.989890    -0.004312
    0.990991    -0.004068
    0.992092    -0.003723
    0.993193    -0.003549
    0.994294    -0.002834
    0.995395    -0.002394
    0.996496    -0.001797
    0.997598    -0.001209
    0.998699    -0.000556
    0.999800    -0.000415
    1.000901     0.000411
    1.002002     0.000865
    1.003103     0.001703
    1.004204     0.002262
    1.005305     0.003343
    1.006406     0.003814
    1.007508     0.004386
    1.008609     0.005582
    1.009710     0.006108
    1.010811     0.007043
    1.011912     0.007971
    1.013013     0.008998
    1.014114     0.010366
    1.015215     0.010968
    1.016316     0.012022
    1.017417     0.013361
    1.018519     0.014554
    1.019620     0.015579
    1.020721     0.016282
    1.021822     0.017574
    1.022923     0.019021
    1.024024     0.019897
    1.025125     0.021529
    1.026226     0.023299
    1.027327     0.024578
    1.028428     0.025560
    1.029530     0.027244
    1.030631     0.028956
    1.031732     0.030954
    1.032833     0.032493
    1.033934     0.033957
    1.035035     0.035801
    1.036136     0.037501
    1.037237     0.039438
    1.038338     0.041330
    1.039439     0.043573
    1.040541     0.045946
    1.041642     0.047488
    1.042743     0.049935
    1.043844     0.051967
    1.044945     0.054332
    1.046046     0.057082
    1.047147     0.059128
    1.048248     0.061650
    1.049349     0.063801
    1.050450     0.066901
    1.051552     0.069412
    1.052653     0.072146
    1.053754     0.075063
    1.054855     0.077672
    1.055956     0.081098
    1.057057     0.083683
    1.058158     0.086925
    1.059259     0.089955
    1.060360     0.093294
    1.061461     0.096792
    1.062563     0.099939
    1.063664     0.103461
    1.064765     0.106588
    1.065866     0.110660
    1.066967     0.114117
    1.068068     0.117914
    1.069169     0.121947
    1.070270     0.125262
    1.071371     0.129129
    1.072472     0.133122
    1.073574     0.137126
    1.074675     0.141536
    1.075776     0.145329
    1.076877     0.149662
    1.077978     0.153888
    1.079079     0.158174
    1.080180     0.163393
    1.081281     0.167125
    1.082382     0.171952
    1.083483     0.176725
    1.084585     0.181586
    1.085686     0.186183
    1.086787     0.191014
    1.087888     0.195493
    1.088989     0.200882
    1.090090     0.205703
    1.091191     0.211214
    1.092292     0.216251
    1.093393     0.221540
    1.094494     0.226533
    1.095596     0.232049
    1.096697     0.237251
    1.097798     0.242932
    1.098899     0.248429
    1.100000     0.254169
