    0.000000    -0.020075
    0.001101    -0.019751
    0.002202    -0.019946
    0.003303    -0.020111
    0.004404    -0.020054
    0.005506    -0.020023
    0.006607    -0.019846
    0.007708    -0.019918
    0.008809    -0.020192
    0.009910    -0.020062
    0.011011    -0.020046
    0.012112    -0.019864
    0.013213    -0.020127
    0.014314    -0.019992
    0.015415    -0.019938
    0.016517    -0.020016
    0.017618    -0.020096
    0.018719    -0.020092
    0.019820    -0.019927
    0.020921    -0.019921
    0.022022    -0.019961
    0.023123    -0.020081
    0.024224    -0.020013
    0.025325    -0.019973
    0.026426    -0.020077
    0.027528    -0.019988
    0.028629    -0.020131
    0.029730    -0.020061
    0.030831    -0.020003
    0.031932    -0.019902
    0.033033    -0.020145
    0.034134    -0.019945
    0.035235    -0.020105
    0.036336    -0.019910
    0.037437    -0.019877
    0.038539    -0.020093
    0.039640    -0.019940
    0.040741    -0.020007
    0.041842    -0.020069
    0.042943    -0.020016
    0.044044    -0.020040
    0.045145    -0.019959
    0.046246    -0.020081
    0.047347    -0.019987
    0.048448    -0.020108
    0.049550    -0.019966
    0.050651    -0.019921
    0.051752    -0.020005
    0.052853    -0.020042
    0.053954    -0.019850
    0.055055    -0.020150
    0.056156    -0.020102
    0.057257    -0.020002
    0.058358    -0.020214
    0.059459    -0.020155
    0.060561    -0.020079
    0.061662    -0.020015
    0.062763    -0.020042
    0.063864    -0.020095
    0.064965    -0.020020
    0.066066    -0.020025
    0.067167    -0.019947
    0.068268    -0.020025
    0.069369    -0.019926
    0.070470    -0.020021
    0.071572    -0.019949
    0.072673    -0.019865
    0.073774    -0.019983
    0.074875    -0.019912
    0.075976    -0.019809
    0.077077    -0.019845
    0.078178    -0.020012
    0.079279    -0.019976
    0.080380    -0.020093
    0.081481    -0.020016
    0.082583    -0.020112
    0.083684    -0.020006
    0.084785    -0.019992
    0.085886    -0.020009
    0.086987    -0.020071
    0.088088    -0.020150
    0.089189    -0.020024
    0.090290    -0.019899
    0.091391    -0.019953
    0.092492    -0.020134
    0.093594    -0.019791
    0.094695    -0.019912
    0.095796    -0.020036
    0.096897    -0.020039
    0.097998    -0.019982
    0.099099    -0.020075
    0.100200    -0.020068
    0.101301    -0.019992
    0.102402    -0.020044
    0.103504    -0.020121
    0.104605    -0.020055
    0.105706    -0.020160
    0.106807    -0.020034
    0.107908    -0.019982
    0.109009    -0.020141
    0.110110    -0.019925
    0.111211    -0.019924
    0.112312    -0.019971
    0.113413    -0.019976
    0.114515    -0.019952
    0.115616    -0.019890
    0.116717    -0.019996
    0.117818    -0.020019
    0.118919    -0.019878
    0.120020    -0.019971
    0.121121    -0.020079
    0.122222    -0.019952
    0.123323    -0.020132
    0.124424    -0.020020
    0.125526    -0.019944
    0.126627    -0.019976
    0.127728    -0.019987
    0.128829    -0.019976
    0.129930    -0.019927
    0.131031    -0.019827
    0.132132    -0.019831
    0.133233    -0.020152
    0.134334    -0.019933
    0.135435    -0.020044
    0.136537    -0.019908
    0.137638    -0.020116
    0.138739    -0.019997
    0.139840    -0.019962
    0.140941    -0.020034
    0.142042    -0.019901
    0.143143    -0.019903
    0.144244    -0.019973
    0.145345    -0.019971
    0.146446    -0.019904
    0.147548    -0.019874
    0.148649    -0.019903
    0.149750    -0.019821
    0.150851    -0.019994
    0.151952    -0.020071
    0.153053    -0.020035
    0.154154    -0.019878
    0.155255    -0.019895
    0.156356    -0.019882
    0.157457    -0.019889
    0.158559    -0.019903
    0.159660    -0.019973
    0.160761    -0.019980
    0.161862    -0.019945
    0.162963    -0.020210
    0.164064    -0.020045
    0.165165    -0.020114
    0.166266    -0.019949
    0.167367    -0.019979
    0.168468    -0.019982
    0.169570    -0.020089
    0.170671    -0.020090
    0.171772    -0.019956
    0.172873    -0.019864
    0.173974    -0.019893
    0.175075    -0.019875
    0.176176    -0.020029
    0.177277    -0.020085
    0.178378    -0.019923
    0.179479    -0.019965
    0.180581    -0.019904
    0.181682    -0.020060
    0.182783    -0.019927
    0.183884    -0.020155
    0.184985    -0.019986
    0.186086    -0.020002
    0.187187    -0.019955
    0.188288    -0.020113
    0.189389    -0.020018
    0.190490    -0.019919
    0.191592    -0.020051
    0.192693    -0.019845
    0.193794    -0.019949
    0.194895    -0.020027
    0.195996    -0.020106
    0.197097    -0.019971
    0.198198    -0.020040
    0.199299    -0.019892
    0.200400    -0.019830
    0.201502    -0.019934
    0.202603    -0.020003
    0.203704    -0.020105
    0.204805    -0.019945
    0.205906    -0.020079
    0.207007    -0.019963
    0.208108    -0.019879
    0.209209    -0.019803
    0.210310    -0.019932
    0.211411    -0.019910
    0.212513    -0.020176
    0.213614    -0.020134
    0.214715    -0.020013
    0.215816    -0.020014
    0.216917    -0.020000
    0.218018    -0.020060
    0.219119    -0.020047
    0.220220    -0.020134
    0.221321    -0.019975
    0.222422    -0.019891
    0.223524    -0.020019
    0.224625    -0.019894
    0.225726    -0.019928
    0.226827    -0.019845
    0.227928    -0.020012
    0.229029    -0.019957
    0.230130    -0.019824
    0.231231    -0.020036
    0.232332    -0.019968
    0.233433    -0.019934
    0.234535    -0.020027
    0.235636    -0.020034
    0.236737    -0.020086
    0.237838    -0.019949
    0.238939    -0.020090
    0.240040    -0.020121
    0.241141    -0.020087
    0.242242    -0.020117
    0.243343    -0.019932
    0.244444    -0.020077
    0.245546    -0.020044
    0.246647    -0.020004
    0.247748    -0.020154
    0.248849    -0.019965
    0.249950    -0.020025
    0.251051    -0.019945
    0.252152    -0.019912
    0.253253    -0.020007
    0.254354    -0.020092
    0.255455    -0.020061
    0.256557    -0.020164
    0.257658    -0.020045
    0.258759    -0.019942
    0.259860    -0.019899
    0.260961    -0.019933
    0.262062    -0.020036
    0.263163    -0.020118
    0.264264    -0.020074
    0.265365    -0.019868
    0.266466    -0.020047
    0.267568    -0.020137
    0.268669    -0.019992
    0.269770    -0.019966
    0.270871    -0.019952
    0.271972    -0.020026
    0.273073    -0.019930
    0.274174    -0.020008
    0.275275    -0.019990
    0.276376    -0.019947
    0.277477    -0.020130
    0.278579    -0.020089
    0.279680    -0.020127
    0.280781    -0.019871
    0.281882    -0.020036
    0.282983    -0.019836
    0.284084    -0.020039
    0.285185    -0.020158
    0.286286    -0.020007
    0.287387    -0.020050
    0.288488    -0.019922
    0.289590    -0.019875
    0.290691    -0.019936
    0.291792    -0.019885
    0.292893    -0.019906
    0.293994    -0.020006
    0.295095    -0.019879
    0.296196    -0.020011
    0.297297    -0.020131
    0.298398    -0.019922
    0.299499    -0.019986
    0.300601    -0.019966
    0.301702    -0.020003
    0.302803    -0.019961
    0.303904    -0.020114
    0.305005    -0.020061
    0.306106    -0.019883
    0.307207    -0.019995
    0.308308    -0.019904
    0.309409    -0.020037
    0.310511    -0.019960
    0.311612    -0.019949
    0.312713    -0.019954
    0.313814    -0.020066
    0.314915    -0.020076
    0.316016    -0.019946
    0.317117    -0.019982
    0.318218    -0.020178
    0.319319    -0.020040
    0.320420    -0.020001
    0.321522    -0.020023
    0.322623    -0.019952
    0.323724    -0.019890
    0.324825    -0.019994
    0.325926    -0.019894
    0.327027    -0.020054
    0.328128    -0.019921
    0.329229    -0.019779
    0.330330    -0.019915
    0.331431    -0.019958
    0.332533    -0.019969
    0.333634    -0.019882
    0.334735    -0.020034
    0.335836    -0.019956
    0.336937    -0.019909
    0.338038    -0.020124
    0.339139    -0.019979
    0.340240    -0.020042
    0.341341    -0.019970
    0.342442    -0.019888
    0.343544    -0.019969
    0.344645    -0.020061
    0.345746    -0.020004
    0.346847    -0.020043
    0.347948    -0.020041
    0.349049    -0.019856
    0.350150    -0.019919
    0.351251    -0.019996
    0.352352    -0.019944
    0.353453    -0.019761
    0.354555    -0.019764
    0.355656    -0.019926
    0.356757    -0.019955
    0.357858    -0.019956
    0.358959    -0.019834
    0.360060    -0.020069
    0.361161    -0.020038
    0.362262    -0.019978
    0.363363    -0.019915
    0.364464    -0.019985
    0.365566    -0.019809
    0.366667    -0.020004
    0.367768    -0.019700
    0.368869    -0.020060
    0.369970    -0.019900
    0.371071    -0.019822
    0.372172    -0.019982
    0.373273    -0.019925
    0.374374    -0.019901
    0.375475    -0.019703
    0.376577    -0.019917
    0.377678    -0.019829
    0.378779    -0.019805
    0.379880    -0.019699
    0.380981    -0.019968
    0.382082    -0.019934
    0.383183    -0.019654
    0.384284    -0.019751
    0.385385    -0.019745
    0.386486    -0.019930
    0.387588    -0.019689
    0.388689    -0.019777
    0.389790    -0.019668
    0.390891    -0.019773
    0.391992    -0.019739
    0.393093    -0.019762
    0.394194    -0.019720
    0.395295    -0.019913
    0.396396    -0.019911
    0.397497    -0.019703
    0.398599    -0.019719
    0.399700    -0.019665
    0.400801    -0.019799
    0.401902    -0.019754
    0.403003    -0.019740
    0.404104    -0.019526
    0.405205    -0.019650
    0.406306    -0.019643
    0.407407    -0.019648
    0.408509    -0.019488
    0.409610    -0.019599
    0.410711    -0.019655
    0.411812    -0.019604
    0.412913    -0.019528
    0.414014    -0.019499
    0.415115    -0.019547
    0.416216    -0.019333
    0.417317    -0.019406
    0.418418    -0.019445
    0.419520    -0.019385
    0.420621    -0.019422
    0.421722    -0.019403
    0.422823    -0.019300
    0.423924    -0.019403
    0.425025    -0.019331
    0.426126    -0.019351
    0.427227    -0.019465
    0.428328    -0.019556
    0.429429    -0.019366
    0.430531    -0.019222
    0.431632    -0.019308
    0.432733    -0.019151
    0.433834    -0.019286
    0.434935    -0.019217
    0.436036    -0.019325
    0.437137    -0.019192
    0.438238    -0.019282
    0.439339    -0.019148
    0.440440    -0.019129
    0.441542    -0.019034
    0.442643    -0.019053
    0.443744    -0.019245
    0.444845    -0.019034
    0.445946    -0.018999
    0.447047    -0.018932
    0.448148    -0.018888
    0.449249    -0.018836
    0.450350    -0.018999
    0.451451    -0.019002
    0.452553    -0.018979
    0.453654    -0.019050
    0.454755    -0.018928
    0.455856    -0.018993
    0.456957    -0.018751
    0.458058    -0.018898
    0.459159    -0.018762
    0.460260    -0.018765
    0.461361    -0.018647
    0.462462    -0.018723
    0.463564    -0.018671
    0.464665    -0.018597
    0.465766    -0.018578
    0.466867    -0.018593
    0.467968    -0.018586
    0.469069    -0.018520
    0.470170    -0.018541
    0.471271    -0.018326
    0.472372    -0.018483
    0.473473    -0.018506
    0.474575    -0.018356
    0.475676    -0.018310
    0.476777    -0.018324
    0.477878    -0.018231
    0.478979    -0.018257
    0.480080    -0.018265
    0.481181    -0.018363
    0.482282    -0.018393
    0.483383    -0.018116
    0.484484    -0.018171
    0.485586    -0.018042
    0.486687    -0.018146
    0.487788    -0.018056
    0.488889    -0.018106
    0.489990    -0.017913
    0.491091    -0.018058
    0.492192    -0.017880
    0.493293    -0.017978
    0.494394    -0.018047
    0.495495    -0.017707
    0.496597    -0.017883
    0.497698    -0.017879
    0.498799    -0.017729
    0.499900    -0.017872
    0.501001    -0.017806
    0.502102    -0.017611
    0.503203    -0.017598
    0.504304    -0.017696
    0.505405    -0.017608
    0.506507    -0.017747
    0.507608    -0.017563
    0.508709    -0.017522
    0.509810    -0.017492
    0.510911    -0.017496
    0.512012    -0.017388
    0.513113    -0.017420
    0.514214    -0.017447
    0.515315    -0.017361
    0.516416    -0.017341
    0.517518    -0.017359
    0.518619    -0.017171
    0.519720    -0.017090
    0.520821    -0.016945
    0.521922    -0.017273
    0.523023    -0.017036
    0.524124    -0.017233
    0.525225    -0.016936
    0.526326    -0.016934
    0.527427    -0.016935
    0.528529    -0.016758
    0.529630    -0.016817
    0.530731    -0.016733
    0.531832    -0.016847
    0.532933    -0.016613
    0.534034    -0.016785
    0.535135    -0.016798
    0.536236    -0.016827
    0.537337    -0.016825
    0.538438    -0.016743
    0.539540    -0.016570
    0.540641    -0.016432
    0.541742    -0.016549
    0.542843    -0.016608
    0.543944    -0.016351
    0.545045    -0.016480
    0.546146    -0.016456
    0.547247    -0.016230
    0.548348    -0.016178
    0.549449    -0.016379
    0.550551    -0.016319
    0.551652    -0.016141
    0.552753    -0.016127
    0.553854    -0.016104
    0.554955    -0.016065
    0.556056    -0.016088
    0.557157    -0.016035
    0.558258    -0.016073
    0.559359    -0.016067
    0.560460    -0.015907
    0.561562    -0.015855
    0.562663    -0.015827
    0.563764    -0.015849
    0.564865    -0.015698
    0.565966    -0.015818
    0.567067    -0.015769
    0.568168    -0.015849
    0.569269    -0.015686
    0.570370    -0.015580
    0.571471    -0.015751
    0.572573    -0.015433
    0.573674    -0.015576
    0.574775    -0.015536
    0.575876    -0.015357
    0.576977    -0.015329
    0.578078    -0.015393
    0.579179    -0.015221
    0.580280    -0.015186
    0.581381    -0.015272
    0.582482    -0.015288
    0.583584    -0.015133
    0.584685    -0.015188
    0.585786    -0.015043
    0.586887    -0.015179
    0.587988    -0.015037
    0.589089    -0.015030
    0.590190    -0.014971
    0.591291    -0.014949
    0.592392    -0.014862
    0.593493    -0.014779
    0.594595    -0.014769
    0.595696    -0.014897
    0.596797    -0.014717
    0.597898    -0.014707
    0.598999    -0.014706
    0.600100    -0.014590
    0.601201    -0.014587
    0.602302    -0.014597
    0.603403    -0.014535
    0.604505    -0.014550
    0.605606    -0.014329
    0.606707    -0.014541
    0.607808    -0.014476
    0.608909    -0.014239
    0.610010    -0.014299
    0.611111    -0.014176
    0.612212    -0.014231
    0.613313    -0.014137
    0.614414    -0.014220
    0.615516    -0.014128
    0.616617    -0.014150
    0.617718    -0.014252
    0.618819    -0.013963
    0.619920    -0.013939
    0.621021    -0.013752
    0.622122    -0.013829
    0.623223    -0.013862
    0.624324    -0.013922
    0.625425    -0.013761
    0.626527    -0.013766
    0.627628    -0.013495
    0.628729    -0.013539
    0.629830    -0.013635
    0.630931    -0.013598
    0.632032    -0.013696
    0.633133    -0.013524
    0.634234    -0.013505
    0.635335    -0.013433
    0.636436    -0.013360
    0.637538    -0.013550
    0.638639    -0.013174
    0.639740    -0.013402
    0.640841    -0.013289
    0.641942    -0.013281
    0.643043    -0.013129
    0.644144    -0.013253
    0.645245    -0.013102
    0.646346    -0.013009
    0.647447    -0.012962
    0.648549    -0.013168
    0.649650    -0.012951
    0.650751    -0.012823
    0.651852    -0.012945
    0.652953    -0.012900
    0.654054    -0.012766
    0.655155    -0.012814
    0.656256    -0.012826
    0.657357    -0.012512
    0.658458    -0.012743
    0.659560    -0.012536
    0.660661    -0.012664
    0.661762    -0.012365
    0.662863    -0.012442
    0.663964    -0.012349
    0.665065    -0.012301
    0.666166    -0.012399
    0.667267    -0.012305
    0.668368    -0.012369
    0.669469    -0.012180
    0.670571    -0.012181
    0.671672    -0.012267
    0.672773    -0.012146
    0.673874    -0.012009
    0.674975    -0.012131
    0.676076    -0.011905
    0.677177    -0.011868
    0.678278    -0.011967
    0.679379    -0.011887
    0.680480    -0.011802
    0.681582    -0.011792
    0.682683    -0.011791
    0.683784    -0.011656
    0.684885    -0.011831
    0.685986    -0.011642
    0.687087    -0.011390
    0.688188    -0.011594
    0.689289    -0.011525
    0.690390    -0.011428
    0.691491    -0.011463
    0.692593    -0.011232
    0.693694    -0.011273
    0.694795    -0.011439
    0.695896    -0.011271
    0.696997    -0.011204
    0.698098    -0.011105
    0.699199    -0.011067
    0.700300    -0.011196
    0.701401    -0.011098
    0.702503    -0.011163
    0.703604    -0.011099
    0.704705    -0.010865
    0.705806    -0.010930
    0.706907    -0.010926
    0.708008    -0.010772
    0.709109    -0.010879
    0.710210    -0.010747
    0.711311    -0.010757
    0.712412    -0.010765
    0.713514    -0.010772
    0.714615    -0.010683
    0.715716    -0.010592
    0.716817    -0.010619
    0.717918    -0.010412
    0.719019    -0.010469
    0.720120    -0.010538
    0.721221    -0.010277
    0.722322    -0.010327
    0.723423    -0.010404
    0.724525    -0.010240
    0.725626    -0.010434
    0.726727    -0.010148
    0.727828    -0.010039
    0.728929    -0.010071
    0.730030    -0.010078
    0.731131    -0.010017
    0.732232    -0.010030
    0.733333    -0.009854
    0.734434    -0.010109
    0.735536    -0.009958
    0.736637    -0.009845
    0.737738    -0.009720
    0.738839    -0.009675
    0.739940    -0.009716
    0.741041    -0.009561
    0.742142    -0.009743
    0.743243    -0.009554
    0.744344    -0.009439
    0.745445    -0.009457
    0.746547    -0.009399
    0.747648    -0.009373
    0.748749    -0.009386
    0.749850    -0.009243
    0.750951    -0.009120
    0.752052    -0.009338
    0.753153    -0.009305
    0.754254    -0.009181
    0.755355    -0.009112
    0.756456    -0.009225
    0.757558    -0.009073
    0.758659    -0.009029
    0.759760    -0.008927
    0.760861    -0.009002
    0.761962    -0.009086
    0.763063    -0.008827
    0.764164    -0.008783
    0.765265    -0.008774
    0.766366    -0.008832
    0.767467    -0.008866
    0.768569    -0.008616
    0.769670    -0.008679
    0.770771    -0.008567
    0.771872    -0.008546
    0.772973    -0.008639
    0.774074    -0.008532
    0.775175    -0.008395
    0.776276    -0.008424
    0.777377    -0.008345
    0.778478    -0.008311
    0.779580    -0.008295
    0.780681    -0.008367
    0.781782    -0.008136
    0.782883    -0.008199
    0.783984    -0.008171
    0.785085    -0.008344
    0.786186    -0.007927
    0.787287    -0.007839
    0.788388    -0.008099
    0.789489    -0.007855
    0.790591    -0.007932
    0.791692    -0.007703
    0.792793    -0.007656
    0.793894    -0.007812
    0.794995    -0.007755
    0.796096    -0.007453
    0.797197    -0.007732
    0.798298    -0.007650
    0.799399    -0.007489
    0.800501    -0.007541
    0.801602    -0.007487
    0.802703    -0.007335
    0.803804    -0.007256
    0.804905    -0.007482
    0.806006    -0.007284
    0.807107    -0.007385
    0.808208    -0.007163
    0.809309    -0.007131
    0.810410    -0.007209
    0.811512    -0.007012
    0.812613    -0.006963
    0.813714    -0.006976
    0.814815    -0.006975
    0.815916    -0.006937
    0.817017    -0.006871
    0.818118    -0.006936
    0.819219    -0.006924
    0.820320    -0.006828
    0.821421    -0.006698
    0.822523    -0.006877
    0.823624    -0.006620
    0.824725    -0.006577
    0.825826    -0.006560
    0.826927    -0.006455
    0.828028    -0.006531
    0.829129    -0.006434
    0.830230    -0.006426
    0.831331    -0.006478
    0.832432    -0.006264
    0.833534    -0.006153
    0.834635    -0.006229
    0.835736    -0.006113
    0.836837    -0.006157
    0.837938    -0.006039
    0.839039    -0.006225
    0.840140    -0.006057
    0.841241    -0.006078
    0.842342    -0.005928
    0.843443    -0.005918
    0.844545    -0.005965
    0.845646    -0.005779
    0.846747    -0.005801
    0.847848    -0.005873
    0.848949    -0.005714
    0.850050    -0.005724
    0.851151    -0.005665
    0.852252    -0.005627
    0.853353    -0.005550
    0.854454    -0.005477
    0.855556    -0.005538
    0.856657    -0.005497
    0.857758    -0.005363
    0.858859    -0.005298
    0.859960    -0.005326
    0.861061    -0.005127
    0.862162    -0.005039
    0.863263    -0.005148
    0.864364    -0.005089
    0.865465    -0.004949
    0.866567    -0.005173
    0.867668    -0.004941
    0.868769    -0.004877
    0.869870    -0.004741
    0.870971    -0.004864
    0.872072    -0.004910
    0.873173    -0.004834
    0.874274    -0.004736
    0.875375    -0.004837
    0.876476    -0.004623
    0.877578    -0.004494
    0.878679    -0.004573
    0.879780    -0.004492
    0.880881    -0.004597
    0.881982    -0.004502
    0.883083    -0.004396
    0.884184    -0.004308
    0.885285    -0.004419
    0.886386    -0.004303
    0.887487    -0.004302
    0.888589    -0.004188
    0.889690    -0.004118
    0.890791    -0.004189
    0.891892    -0.004060
    0.892993    -0.003878
    0.894094    -0.004101
    0.895195    -0.003809
    0.896296    -0.003934
    0.897397    -0.003897
    0.898498    -0.003705
    0.899600    -0.003748
    0.900701    -0.003556
    0.901802    -0.003674
    0.902903    -0.003622
    0.904004    -0.003644
    0.905105    -0.003585
    0.906206    -0.003502
    0.907307    -0.003410
    0.908408    -0.003554
    0.909510    -0.003488
    0.910611    -0.003354
    0.911712    -0.003127
    0.912813    -0.003410
    0.913914    -0.003320
    0.915015    -0.003140
    0.916116    -0.003033
    0.917217    -0.003109
    0.918318    -0.003010
    0.919419    -0.003126
    0.920521    -0.002999
    0.921622    -0.003042
    0.922723    -0.002947
    0.923824    -0.002903
    0.924925    -0.002743
    0.926026    -0.002675
    0.927127    -0.002804
    0.928228    -0.002720
    0.929329    -0.002605
    0.930430    -0.002670
    0.931532    -0.002572
    0.932633    -0.002670
    0.933734    -0.002617
    0.934835    -0.002463
    0.935936    -0.002362
    0.937037    -0.002277
    0.938138    -0.002205
    0.939239    -0.002329
    0.940340    -0.002260
    0.941441    -0.002120
    0.942543    -0.002178
    0.943644    -0.001914
    0.944745    -0.001965
    0.945846    -0.001980
    0.946947    -0.001903
    0.948048    -0.002024
    0.949149    -0.001937
    0.950250    -0.001974
    0.951351    -0.001806
    0.952452    -0.001855
    0.953554    -0.001739
    0.954655    -0.001739
    0.955756    -0.001499
    0.956857    -0.001683
    0.957958    -0.001620
    0.959059    -0.001538
    0.960160    -0.001609
    0.961261    -0.001462
    0.962362    -0.001401
    0.963463    -0.001470
    0.964565    -0.001236
    0.965666    -0.001298
    0.966767    -0.001258
    0.967868    -0.001187
    0.968969    -0.001293
    0.970070    -0.001337
    0.971171    -0.001101
    0.972272    -0.000845
    0.973373    -0.000955
    0.974474    -0.000868
    0.975576    -0.000900
    0.976677    -0.000967
    0.977778    -0.000708
    0.978879    -0.000764
    0.979980    -0.000719
    0.981081    -0.000719
    0.982182    -0.000756
    0.983283    -0.000503
    0.984384    -0.000609
    0.985485    -0.000535
    0.986587    -0.000501
    0.987688    -0.000494
    0.988789    -0.000390
    0.989890    -0.000538
    0.990991    -0.000388
    0.992092    -0.000326
    0.993193    -0.000295
    0.994294    -0.000286
    0.995395    -0.000136
    0.996496    -0.000062
    0.997598    -0.000145
    0.998699    -0.000119
    0.999800    -0.000104
    1.000901    -0.000067
    1.002002    -0.000023
    1.003103     0.000217
    1.004204     0.000107
    1.005305     0.000254
    1.006406     0.000391
    1.007508     0.000109
    1.008609     0.000281
    1.009710     0.000386
    1.010811     0.000451
    1.011912     0.000558
    1.013013     0.000522
    1.014114     0.000542
    1.015215     0.000478
    1.016316     0.000756
    1.017417     0.000568
    1.018519     0.000756
    1.019620     0.000681
    1.020721     0.000737
    1.021822     0.000800
    1.022923     0.000732
    1.024024     0.000976
    1.025125     0.000860
    1.026226     0.000908
    1.027327     0.000993
    1.028428     0.001230
    1.029530     0.001255
    1.030631     0.001177
    1.031732     0.001280
    1.032833     0.001347
    1.033934     0.001348
    1.035035     0.001358
    1.036136     0.001188
    1.037237     0.001383
    1.038338     0.001415
    1.039439     0.001339
    1.040541     0.001511
    1.041642     0.001481
    1.042743     0.001619
    1.043844     0.001811
    1.044945     0.001618
    1.046046     0.001748
    1.047147     0.001823
    1.048248     0.001800
    1.049349     0.001915
    1.050450     0.001949
    1.051552     0.001733
    1.052653     0.002064
    1.053754     0.002241
    1.054855     0.002110
    1.055956     0.002109
    1.057057     0.002209
    1.058158     0.002231
    1.059259     0.002191
    1.060360     0.002407
    1.061461     0.002317
    1.062563     0.002325
    1.063664     0.002442
    1.064765     0.002395
    1.065866     0.002496
    1.066967     0.002677
    1.068068     0.002714
    1.069169     0.002671
    1.070270     0.002617
    1.071371     0.002688
    1.072472     0.002794
    1.073574     0.002872
    1.074675     0.002831
    1.075776     0.002973
    1.076877     0.002863
    1.077978     0.003135
    1.079079     0.003036
    1.080180     0.002996
    1.081281     0.003061
    1.082382     0.003194
    1.083483     0.003283
    1.084585     0.003358
    1.085686     0.003222
    1.086787     0.003409
    1.087888     0.003447
    1.088989     0.003390
    1.090090     0.003359
    1.091191     0.003500
    1.092292     0.003563
    1.093393     0.003625
    1.094494     0.003714
    1.095596     0.003597
    1.096697     0.003624
    1.097798     0.003654
    1.098899     0.003752
    1.100000     0.003777
