    0.000000    -0.020000
    0.001101    -0.020000
    0.002202    -0.019999
    0.003303    -0.019999
    0.004404    -0.019998
    0.005506    -0.019998
    0.006607    -0.019997
    0.007708    -0.019997
    0.008809    -0.019997
    0.009910    -0.019996
    0.011011    -0.019995
    0.012112    -0.019995
    0.013213    -0.019994
    0.014314    -0.019994
    0.015415    -0.019993
    0.016517    -0.019992
    0.017618    -0.019992
    0.018719    -0.019991
    0.019820    -0.019990
    0.020921    -0.019989
    0.022022    -0.019989
    0.023123    -0.019988
    0.024224    -0.019987
    0.025325    -0.019986
    0.026426    -0.019985
    0.027528    -0.019984
    0.028629    -0.019983
    0.029730    -0.019982
    0.030831    -0.019981
    0.031932    -0.019980
    0.033033    -0.019978
    0.034134    -0.019977
    0.035235    -0.019976
    0.036336    -0.019974
    0.037437    -0.019973
    0.038539    -0.019972
    0.039640    -0.019970
    0.040741    -0.019968
    0.041842    -0.019967
    0.042943    -0.019965
    0.044044    -0.019963
    0.045145    -0.019961
    0.046246    -0.019960
    0.047347    -0.019958
    0.048448    -0.019956
    0.049550    -0.019953
    0.050651    -0.019951
    0.051752    -0.019949
    0.052853    -0.019947
    0.053954    -0.019944
    0.055055    -0.019942
    0.056156    -0.019939
    0.057257    -0.019936
    0.058358    -0.019933
    0.059459    -0.019930
    0.060561    -0.019927
    0.061662    -0.019924
    0.062763    -0.019921
    0.063864    -0.019918
    0.064965    -0.019914
    0.066066    -0.019911
    0.067167    -0.019907
    0.068268    -0.019903
    0.069369    -0.019899
    0.070470    -0.019895
    0.071572    -0.019891
    0.072673    -0.019887
    0.073774    -0.019882
    0.074875    -0.019878
    0.075976    -0.019873
    0.077077    -0.019868
    0.078178    -0.019863
    0.079279    -0.019858
    0.080380    -0.019853
    0.081481    -0.019847
    0.082583    -0.019842
    0.083684    -0.019836
    0.084785    -0.019830
    0.085886    -0.019824
    0.086987    -0.019818
    0.088088    -0.019812
    0.089189    -0.019805
    0.090290    -0.019798
    0.091391    -0.019791
    0.092492    -0.019784
    0.093594    -0.019777
    0.094695    -0.019770
    0.095796    -0.019762
    0.096897    -0.019755
    0.097998    -0.019747
    0.099099    -0.019739
    0.100200    -0.019731
    0.101301    -0.019722
    0.102402    -0.019714
    0.103504    -0.019705
    0.104605    -0.019696
    0.105706    -0.019687
    0.106807    -0.019678
    0.107908    -0.019669
    0.109009    -0.019659
    0.110110    -0.019649
    0.111211    -0.019639
    0.112312    -0.019629
    0.113413    -0.019619
    0.114515    -0.019608
    0.115616    -0.019598
    0.116717    -0.019587
    0.117818    -0.019576
    0.118919    -0.019565
    0.120020    -0.019554
    0.121121    -0.019542
    0.122222    -0.019531
    0.123323    -0.019519
    0.124424    -0.019507
    0.125526    -0.019495
    0.126627    -0.019483
    0.127728    -0.019470
    0.128829    -0.019457
    0.129930    -0.019445
    0.131031    -0.019432
    0.132132    -0.019419
    0.133233    -0.019406
    0.134334    -0.019392
    0.135435    -0.019379
    0.136537    -0.019365
    0.137638    -0.019351
    0.138739    -0.019337
    0.139840    -0.019323
    0.140941    -0.019309
    0.142042    -0.019295
    0.143143    -0.019280
    0.144244    -0.019265
    0.145345    -0.019251
    0.146446    -0.019236
    0.147548    -0.019221
    0.148649    -0.019205
    0.149750    -0.019190
    0.150851    -0.019175
    0.151952    -0.019159
    0.153053    -0.019143
    0.154154    -0.019128
    0.155255    -0.019112
    0.156356    -0.019096
    0.157457    -0.019079
    0.158559    -0.019063
    0.159660    -0.019047
    0.160761    -0.019030
    0.161862    -0.019014
    0.162963    -0.018997
    0.164064    -0.018980
    0.165165    -0.018963
    0.166266    -0.018946
    0.167367    -0.018929
    0.168468    -0.018912
    0.169570    -0.018894
    0.170671    -0.018877
    0.171772    -0.018859
    0.172873    -0.018841
    0.173974    -0.018824
    0.175075    -0.018806
    0.176176    -0.018788
    0.177277    -0.018770
    0.178378    -0.018752
    0.179479    -0.018733
    0.180581    -0.018715
    0.181682    -0.018697
    0.182783    -0.018678
    0.183884    -0.018660
    0.184985    -0.018641
    0.186086    -0.018622
    0.187187    -0.018603
    0.188288    -0.018585
    0.189389    -0.018566
    0.190490    -0.018547
    0.191592    -0.018527
    0.192693    -0.018508
    0.193794    -0.018489
    0.194895    -0.018470
    0.195996    -0.018450
    0.197097    -0.018431
    0.198198    -0.018411
    0.199299    -0.018392
    0.200400    -0.018372
    0.201502    -0.018352
    0.202603    -0.018332
    0.203704    -0.018312
    0.204805    -0.018292
    0.205906    -0.018272
    0.207007    -0.018252
    0.208108    -0.018232
    0.209209    -0.018212
    0.210310    -0.018192
    0.211411    -0.018171
    0.212513    -0.018151
    0.213614    -0.018130
    0.214715    -0.018110
    0.215816    -0.018089
    0.216917    -0.018069
    0.218018    -0.018048
    0.219119    -0.018027
    0.220220    -0.018007
    0.221321    -0.017986
    0.222422    -0.017965
    0.223524    -0.017944
    0.224625    -0.017923
    0.225726    -0.017902
    0.226827    -0.017881
    0.227928    -0.017860
    0.229029    -0.017838
    0.230130    -0.017817
    0.231231    -0.017796
    0.232332    -0.017775
    0.233433    -0.017753
    0.234535    -0.017732
    0.235636    -0.017710
    0.236737    -0.017689
    0.237838    -0.017667
    0.238939    -0.017646
    0.240040    -0.017624
    0.241141    -0.017602
    0.242242    -0.017581
    0.243343    -0.017559
    0.244444    -0.017537
    0.245546    -0.017515
    0.246647    -0.017493
    0.247748    -0.017471
    0.248849    -0.017449
    0.249950    -0.017427
    0.251051    -0.017405
    0.252152    -0.017383
    0.253253    -0.017361
    0.254354    -0.017339
    0.255455    -0.017317
    0.256557    -0.017295
    0.257658    -0.017272
    0.258759    -0.017250
    0.259860    -0.017228
    0.260961    -0.017206
    0.262062    -0.017183
    0.263163    -0.017161
    0.264264    -0.017138
    0.265365    -0.017116
    0.266466    -0.017093
    0.267568    -0.017071
    0.268669    -0.017048
    0.269770    -0.017026
    0.270871    -0.017003
    0.271972    -0.016980
    0.273073    -0.016958
    0.274174    -0.016935
    0.275275    -0.016912
    0.276376    -0.016889
    0.277477    -0.016866
    0.278579    -0.016844
    0.279680    -0.016821
    0.280781    -0.016798
    0.281882    -0.016775
    0.282983    -0.016752
    0.284084    -0.016729
    0.285185    -0.016706
    0.286286    -0.016683
    0.287387    -0.016660
    0.288488    -0.016637
    0.289590    -0.016614
    0.290691    -0.016591
    0.291792    -0.016567
    0.292893    -0.016544
    0.293994    -0.016521
    0.295095    -0.016498
    0.296196    -0.016474
    0.297297    -0.016451
    0.298398    -0.016428
    0.299499    -0.016405
    0.300601    -0.016381
    0.301702    -0.016358
    0.302803    -0.016334
    0.303904    -0.016311
    0.305005    -0.016288
    0.306106    -0.016264
    0.307207    -0.016241
    0.308308    -0.016217
    0.309409    -0.016194
    0.310511    -0.016170
    0.311612    -0.016146
    0.312713    -0.016123
    0.313814    -0.016099
    0.314915    -0.016076
    0.316016    -0.016052
    0.317117    -0.016028
    0.318218    -0.016005
    0.319319    -0.015981
    0.320420    -0.015957
    0.321522    -0.015933
    0.322623    -0.015910
    0.323724    -0.015886
    0.324825    -0.015862
    0.325926    -0.015838
    0.327027    -0.015814
    0.328128    -0.015791
    0.329229    -0.015767
    0.330330    -0.015743
    0.331431    -0.015719
    0.332533    -0.015695
    0.333634    -0.015671
    0.334735    -0.015647
    0.335836    -0.015623
    0.336937    -0.015599
    0.338038    -0.015575
    0.339139    -0.015551
    0.340240    -0.015527
    0.341341    -0.015503
    0.342442    -0.015479
    0.343544    -0.015455
    0.344645    -0.015431
    0.345746    -0.015406
    0.346847    -0.015382
    0.347948    -0.015358
    0.349049    -0.015334
    0.350150    -0.015310
    0.351251    -0.015286
    0.352352    -0.015261
    0.353453    -0.015237
    0.354555    -0.015213
    0.355656    -0.015189
    0.356757    -0.015164
    0.357858    -0.015140
    0.358959    -0.015116
    0.360060    -0.015091
    0.361161    -0.015067
    0.362262    -0.015043
    0.363363    -0.015018
    0.364464    -0.014994
    0.365566    -0.014970
    0.366667    -0.014945
    0.367768    -0.014921
    0.368869    -0.014896
    0.369970    -0.014872
    0.371071    -0.014847
    0.372172    -0.014823
    0.373273    -0.014798
    0.374374    -0.014774
    0.375475    -0.014749
    0.376577    -0.014725
    0.377678    -0.014700
    0.378779    -0.014676
    0.379880    -0.014651
    0.380981    -0.014627
    0.382082    -0.014602
    0.383183    -0.014578
    0.384284    -0.014553
    0.385385    -0.014528
    0.386486    -0.014504
    0.387588    -0.014479
    0.388689    -0.014454
    0.389790    -0.014430
    0.390891    -0.014405
    0.391992    -0.014380
    0.393093    -0.014356
    0.394194    -0.014331
    0.395295    -0.014306
    0.396396    -0.014281
    0.397497    -0.014257
    0.398599    -0.014232
    0.399700    -0.014207
    0.400801    -0.014182
    0.401902    -0.014158
    0.403003    -0.014133
    0.404104    -0.014108
    0.405205    -0.014083
    0.406306    -0.014058
    0.407407    -0.014034
    0.408509    -0.014009
    0.409610    -0.013984
    0.410711    -0.013959
    0.411812    -0.013934
    0.412913    -0.013909
    0.414014    -0.013884
    0.415115    -0.013859
    0.416216    -0.013835
    0.417317    -0.013810
    0.418418    -0.013785
    0.419520    -0.013760
    0.420621    -0.013735
    0.421722    -0.013710
    0.422823    -0.013685
    0.423924    -0.013660
    0.425025    -0.013635
    0.426126    -0.013610
    0.427227    -0.013585
    0.428328    -0.013560
    0.429429    -0.013535
    0.430531    -0.013510
    0.431632    -0.013485
    0.432733    -0.013460
    0.433834    -0.013435
    0.434935    -0.013410
    0.436036    -0.013385
    0.437137    -0.013359
    0.438238    -0.013334
    0.439339    -0.013309
    0.440440    -0.013284
    0.441542    -0.013259
    0.442643    -0.013234
    0.443744    -0.013209
    0.444845    -0.013184
    0.445946    -0.013158
    0.447047    -0.013133
    0.448148    -0.013108
    0.449249    -0.013083
    0.450350    -0.013058
    0.451451    -0.013033
    0.452553    -0.013007
    0.453654    -0.012982
    0.454755    -0.012957
    0.455856    -0.012932
    0.456957    -0.012907
    0.458058    -0.012881
    0.459159    -0.012856
    0.460260    -0.012831
    0.461361    -0.012806
    0.462462    -0.012780
    0.463564    -0.012755
    0.464665    -0.012730
    0.465766    -0.012704
    0.466867    -0.012679
    0.467968    -0.012654
    0.469069    -0.012629
    0.470170    -0.012603
    0.471271    -0.012578
    0.472372    -0.012553
    0.473473    -0.012527
    0.474575    -0.012502
    0.475676    -0.012477
    0.476777    -0.012451
    0.477878    -0.012426
    0.478979    -0.012400
    0.480080    -0.012375
    0.481181    -0.012350
    0.482282    -0.012324
    0.483383    -0.012299
    0.484484    -0.012274
    0.485586    -0.012248
    0.486687    -0.012223
    0.487788    -0.012197
    0.488889    -0.012172
    0.489990    -0.012146
    0.491091    -0.012121
    0.492192    -0.012096
    0.493293    -0.012070
    0.494394    -0.012045
    0.495495    -0.012019
    0.496597    -0.011994
    0.497698    -0.011968
    0.498799    -0.011943
    0.499900    -0.011917
    0.501001    -0.011892
    0.502102    -0.011866
    0.503203    -0.011841
    0.504304    -0.011815
    0.505405    -0.011790
    0.506507    -0.011764
    0.507608    -0.011739
    0.508709    -0.011713
    0.509810    -0.011688
    0.510911    -0.011662
    0.512012    -0.011637
    0.513113    -0.011611
    0.514214    -0.011585
    0.515315    -0.011560
    0.516416    -0.011534
    0.517518    -0.011509
    0.518619    -0.011483
    0.519720    -0.011458
    0.520821    -0.011432
    0.521922    -0.011406
    0.523023    -0.011381
    0.524124    -0.011355
    0.525225    -0.011329
    0.526326    -0.011304
    0.527427    -0.011278
    0.528529    -0.011253
    0.529630    -0.011227
    0.530731    -0.011201
    0.531832    -0.011176
    0.532933    -0.011150
    0.534034    -0.011124
    0.535135    -0.011099
    0.536236    -0.011073
    0.537337    -0.011047
    0.538438    -0.011022
    0.539540    -0.010996
    0.540641    -0.010970
    0.541742    -0.010945
    0.542843    -0.010919
    0.543944    -0.010893
    0.545045    -0.010868
    0.546146    -0.010842
    0.547247    -0.010816
    0.548348    -0.010790
    0.549449    -0.010765
    0.550551    -0.010739
    0.551652    -0.010713
    0.552753    -0.010687
    0.553854    -0.010662
    0.554955    -0.010636
    0.556056    -0.010610
    0.557157    -0.010584
    0.558258    -0.010559
    0.559359    -0.010533
    0.560460    -0.010507
    0.561562    -0.010481
    0.562663    -0.010456
    0.563764    -0.010430
    0.564865    -0.010404
    0.565966    -0.010378
    0.567067    -0.010352
    0.568168    -0.010327
    0.569269    -0.010301
    0.570370    -0.010275
    0.571471    -0.010249
    0.572573    -0.010223
    0.573674    -0.010198
    0.574775    -0.010172
    0.575876    -0.010146
    0.576977    -0.010120
    0.578078    -0.010094
    0.579179    -0.010068
    0.580280    -0.010042
    0.581381    -0.010017
    0.582482    -0.009991
    0.583584    -0.009965
    0.584685    -0.009939
    0.585786    -0.009913
    0.586887    -0.009887
    0.587988    -0.009861
    0.589089    -0.009836
    0.590190    -0.009810
    0.591291    -0.009784
    0.592392    -0.009758
    0.593493    -0.009732
    0.594595    -0.009706
    0.595696    -0.009680
    0.596797    -0.009654
    0.597898    -0.009628
    0.598999    -0.009602
    0.600100    -0.009577
    0.601201    -0.009551
    0.602302    -0.009525
    0.603403    -0.009499
    0.604505    -0.009473
    0.605606    -0.009447
    0.606707    -0.009421
    0.607808    -0.009395
    0.608909    -0.009369
    0.610010    -0.009343
    0.611111    -0.009317
    0.612212    -0.009291
    0.613313    -0.009265
    0.614414    -0.009239
    0.615516    -0.009213
    0.616617    -0.009187
    0.617718    -0.009161
    0.618819    -0.009135
    0.619920    -0.009109
    0.621021    -0.009083
    0.622122    -0.009057
    0.623223    -0.009031
    0.624324    -0.009005
    0.625425    -0.008979
    0.626527    -0.008953
    0.627628    -0.008927
    0.628729    -0.008901
    0.629830    -0.008875
    0.630931    -0.008849
    0.632032    -0.008823
    0.633133    -0.008797
    0.634234    -0.008771
    0.635335    -0.008745
    0.636436    -0.008719
    0.637538    -0.008693
    0.638639    -0.008667
    0.639740    -0.008641
    0.640841    -0.008615
    0.641942    -0.008589
    0.643043    -0.008563
    0.644144    -0.008537
    0.645245    -0.008511
    0.646346    -0.008485
    0.647447    -0.008459
    0.648549    -0.008433
    0.649650    -0.008406
    0.650751    -0.008380
    0.651852    -0.008354
    0.652953    -0.008328
    0.654054    -0.008302
    0.655155    -0.008276
    0.656256    -0.008250
    0.657357    -0.008224
    0.658458    -0.008198
    0.659560    -0.008172
    0.660661    -0.008146
    0.661762    -0.008119
    0.662863    -0.008093
    0.663964    -0.008067
    0.665065    -0.008041
    0.666166    -0.008015
    0.667267    -0.007989
    0.668368    -0.007963
    0.669469    -0.007937
    0.670571    -0.007911
    0.671672    -0.007884
    0.672773    -0.007858
    0.673874    -0.007832
    0.674975    -0.007806
    0.676076    -0.007780
    0.677177    -0.007754
    0.678278    -0.007728
    0.679379    -0.007701
    0.680480    -0.007675
    0.681582    -0.007649
    0.682683    -0.007623
    0.683784    -0.007597
    0.684885    -0.007571
    0.685986    -0.007544
    0.687087    -0.007518
    0.688188    -0.007492
    0.689289    -0.007466
    0.690390    -0.007440
    0.691491    -0.007414
    0.692593    -0.007387
    0.693694    -0.007361
    0.694795    -0.007335
    0.695896    -0.007309
    0.696997    -0.007283
    0.698098    -0.007256
    0.699199    -0.007230
    0.700300    -0.007204
    0.701401    -0.007178
    0.702503    -0.007152
    0.703604    -0.007125
    0.704705    -0.007099
    0.705806    -0.007073
    0.706907    -0.007047
    0.708008    -0.007020
    0.709109    -0.006994
    0.710210    -0.006968
    0.711311    -0.006942
    0.712412    -0.006916
    0.713514    -0.006889
    0.714615    -0.006863
    0.715716    -0.006837
    0.716817    -0.006811
    0.717918    -0.006784
    0.719019    -0.006758
    0.720120    -0.006732
    0.721221    -0.006706
    0.722322    -0.006679
    0.723423    -0.006653
    0.724525    -0.006627
    0.725626    -0.006601
    0.726727    -0.006574
    0.727828    -0.006548
    0.728929    -0.006522
    0.730030    -0.006496
    0.731131    -0.006469
    0.732232    -0.006443
    0.733333    -0.006417
    0.734434    -0.006390
    0.735536    -0.006364
    0.736637    -0.006338
    0.737738    -0.006312
    0.738839    -0.006285
    0.739940    -0.006259
    0.741041    -0.006233
    0.742142    -0.006206
    0.743243    -0.006180
    0.744344    -0.006154
    0.745445    -0.006128
    0.746547    -0.006101
    0.747648    -0.006075
    0.748749    -0.006049
    0.749850    -0.006022
    0.750951    -0.005996
    0.752052    -0.005970
    0.753153    -0.005943
    0.754254    -0.005917
    0.755355    -0.005891
    0.756456    -0.005864
    0.757558    -0.005838
    0.758659    -0.005812
    0.759760    -0.005785
    0.760861    -0.005759
    0.761962    -0.005733
    0.763063    -0.005706
    0.764164    -0.005680
    0.765265    -0.005654
    0.766366    -0.005627
    0.767467    -0.005601
    0.768569    -0.005575
    0.769670    -0.005548
    0.770771    -0.005522
    0.771872    -0.005496
    0.772973    -0.005469
    0.774074    -0.005443
    0.775175    -0.005417
    0.776276    -0.005390
    0.777377    -0.005364
    0.778478    -0.005337
    0.779580    -0.005311
    0.780681    -0.005285
    0.781782    -0.005258
    0.782883    -0.005232
    0.783984    -0.005206
    0.785085    -0.005179
    0.786186    -0.005153
    0.787287    -0.005126
    0.788388    -0.005100
    0.789489    -0.005074
    0.790591    -0.005047
    0.791692    -0.005021
    0.792793    -0.004995
    0.793894    -0.004968
    0.794995    -0.004942
    0.796096    -0.004915
    0.797197    -0.004889
    0.798298    -0.004863
    0.799399    -0.004836
    0.800501    -0.004810
    0.801602    -0.004783
    0.802703    -0.004757
    0.803804    -0.004731
    0.804905    -0.004704
    0.806006    -0.004678
    0.807107    -0.004651
    0.808208    -0.004625
    0.809309    -0.004598
    0.810410    -0.004572
    0.811512    -0.004546
    0.812613    -0.004519
    0.813714    -0.004493
    0.814815    -0.004466
    0.815916    -0.004440
    0.817017    -0.004413
    0.818118    -0.004387
    0.819219    -0.004361
    0.820320    -0.004334
    0.821421    -0.004308
    0.822523    -0.004281
    0.823624    -0.004255
    0.824725    -0.004228
    0.825826    -0.004202
    0.826927    -0.004176
    0.828028    -0.004149
    0.829129    -0.004123
    0.830230    -0.004096
    0.831331    -0.004070
    0.832432    -0.004043
    0.833534    -0.004017
    0.834635    -0.003990
    0.835736    -0.003964
    0.836837    -0.003937
    0.837938    -0.003911
    0.839039    -0.003885
    0.840140    -0.003858
    0.841241    -0.003832
    0.842342    -0.003805
    0.843443    -0.003779
    0.844545    -0.003752
    0.845646    -0.003726
    0.846747    -0.003699
    0.847848    -0.003673
    0.848949    -0.003646
    0.850050    -0.003620
    0.851151    -0.003593
    0.852252    -0.003567
    0.853353    -0.003540
    0.854454    -0.003514
    0.855556    -0.003487
    0.856657    -0.003461
    0.857758    -0.003434
    0.858859    -0.003408
    0.859960    -0.003381
    0.861061    -0.003355
    0.862162    -0.003328
    0.863263    -0.003302
    0.864364    -0.003275
    0.865465    -0.003249
    0.866567    -0.003222
    0.867668    -0.003196
    0.868769    -0.003169
    0.869870    -0.003143
    0.870971    -0.003116
    0.872072    -0.003090
    0.873173    -0.003063
    0.874274    -0.003037
    0.875375    -0.003010
    0.876476    -0.002984
    0.877578    -0.002957
    0.878679    -0.002931
    0.879780    -0.002904
    0.880881    -0.002878
    0.881982    -0.002851
    0.883083    -0.002825
    0.884184    -0.002798
    0.885285    -0.002771
    0.886386    -0.002745
    0.887487    -0.002718
    0.888589    -0.002692
    0.889690    -0.002665
    0.890791    -0.002639
    0.891892    -0.002612
    0.892993    -0.002586
    0.894094    -0.002559
    0.895195    -0.002533
    0.896296    -0.002506
    0.897397    -0.002480
    0.898498    -0.002453
    0.899600    -0.002426
    0.900701    -0.002400
    0.901802    -0.002373
    0.902903    -0.002347
    0.904004    -0.002320
    0.905105    -0.002294
    0.906206    -0.002267
    0.907307    -0.002241
    0.908408    -0.002214
    0.909510    -0.002187
    0.910611    -0.002161
    0.911712    -0.002134
    0.912813    -0.002108
    0.913914    -0.002081
    0.915015    -0.002055
    0.916116    -0.002028
    0.917217    -0.002001
    0.918318    -0.001975
    0.919419    -0.001948
    0.920521    -0.001922
    0.921622    -0.001895
    0.922723    -0.001869
    0.923824    -0.001842
    0.924925    -0.001815
    0.926026    -0.001789
    0.927127    -0.001762
    0.928228    -0.001736
    0.929329    -0.001709
    0.930430    -0.001682
    0.931532    -0.001656
    0.932633    -0.001629
    0.933734    -0.001603
    0.934835    -0.001576
    0.935936    -0.001549
    0.937037    -0.001523
    0.938138    -0.001496
    0.939239    -0.001470
    0.940340    -0.001443
    0.941441    -0.001417
    0.942543    -0.001390
    0.943644    -0.001363
    0.944745    -0.001337
    0.945846    -0.001310
    0.946947    -0.001283
    0.948048    -0.001257
    0.949149    -0.001230
    0.950250    -0.001204
    0.951351    -0.001177
    0.952452    -0.001150
    0.953554    -0.001124
    0.954655    -0.001097
    0.955756    -0.001071
    0.956857    -0.001044
    0.957958    -0.001017
    0.959059    -0.000991
    0.960160    -0.000964
    0.961261    -0.000937
    0.962362    -0.000911
    0.963463    -0.000884
    0.964565    -0.000858
    0.965666    -0.000831
    0.966767    -0.000804
    0.967868    -0.000778
    0.968969    -0.000751
    0.970070    -0.000724
    0.971171    -0.000698
    0.972272    -0.000671
    0.973373    -0.000645
    0.974474    -0.000618
    0.975576    -0.000591
    0.976677    -0.000565
    0.977778    -0.000538
    0.978879    -0.000511
    0.979980    -0.000485
    0.981081    -0.000458
    0.982182    -0.000431
    0.983283    -0.000405
    0.984384    -0.000378
    0.985485    -0.000351
    0.986587    -0.000325
    0.987688    -0.000298
    0.988789    -0.000271
    0.989890    -0.000245
    0.990991    -0.000218
    0.992092    -0.000191
    0.993193    -0.000165
    0.994294    -0.000138
    0.995395    -0.000112
    0.996496    -0.000085
    0.997598    -0.000058
    0.998699    -0.000032
    0.999800    -0.000005
    1.000901     0.000022
    1.002002     0.000048
    1.003103     0.000075
    1.004204     0.000102
    1.005305     0.000128
    1.006406     0.000155
    1.007508     0.000182
    1.008609     0.000209
    1.009710     0.000235
    1.010811     0.000262
    1.011912     0.000289
    1.013013     0.000315
    1.014114     0.000342
    1.015215     0.000369
    1.016316     0.000395
    1.017417     0.000422
    1.018519     0.000449
    1.019620     0.000475
    1.020721     0.000502
    1.021822     0.000529
    1.022923     0.000555
    1.024024     0.000582
    1.025125     0.000609
    1.026226     0.000635
    1.027327     0.000662
    1.028428     0.000689
    1.029530     0.000716
    1.030631     0.000742
    1.031732     0.000769
    1.032833     0.000796
    1.033934     0.000822
    1.035035     0.000849
    1.036136     0.000876
    1.037237     0.000902
    1.038338     0.000929
    1.039439     0.000956
    1.040541     0.000983
    1.041642     0.001009
    1.042743     0.001036
    1.043844     0.001063
    1.044945     0.001089
    1.046046     0.001116
    1.047147     0.001143
    1.048248     0.001169
    1.049349     0.001196
    1.050450     0.001223
    1.051552     0.001250
    1.052653     0.001276
    1.053754     0.001303
    1.054855     0.001330
    1.055956     0.001356
    1.057057     0.001383
    1.058158     0.001410
    1.059259     0.001437
    1.060360     0.001463
    1.061461     0.001490
    1.062563     0.001517
    1.063664     0.001544
    1.064765     0.001570
    1.065866     0.001597
    1.066967     0.001624
    1.068068     0.001650
    1.069169     0.001677
    1.070270     0.001704
    1.071371     0.001731
    1.072472     0.001757
    1.073574     0.001784
    1.074675     0.001811
    1.075776     0.001838
    1.076877     0.001864
    1.077978     0.001891
    1.079079     0.001918
    1.080180     0.001945
    1.081281     0.001971
    1.082382     0.001998
    1.083483     0.002025
    1.084585     0.002052
    1.085686     0.002078
    1.086787     0.002105
    1.087888     0.002132
    1.088989     0.002159
    1.090090     0.002185
    1.091191     0.002212
    1.092292     0.002239
    1.093393     0.002266
    1.094494     0.002292
    1.095596     0.002319
    1.096697     0.002346
    1.097798     0.002373
    1.098899     0.002399
    1.100000     0.002426
