    0.000000    -0.020000
    0.001101    -0.019989
    0.002202    -0.019979
    0.003303    -0.019968
    0.004404    -0.019957
    0.005506    -0.019946
    0.006607    -0.019935
    0.007708    -0.019923
    0.008809    -0.019912
    0.009910    -0.019900
    0.011011    -0.019889
    0.012112    -0.019877
    0.013213    -0.019865
    0.014314    -0.019852
    0.015415    -0.019840
    0.016517    -0.019828
    0.017618    -0.019815
    0.018719    -0.019802
    0.019820    -0.019790
    0.020921    -0.019777
    0.022022    -0.019764
    0.023123    -0.019750
    0.024224    -0.019737
    0.025325    -0.019724
    0.026426    -0.019710
    0.027528    -0.019697
    0.028629    -0.019683
    0.029730    -0.019669
    0.030831    -0.019655
    0.031932    -0.019641
    0.033033    -0.019627
    0.034134    -0.019612
    0.035235    -0.019598
    0.036336    -0.019584
    0.037437    -0.019569
    0.038539    -0.019554
    0.039640    -0.019539
    0.040741    -0.019525
    0.041842    -0.019510
    0.042943    -0.019494
    0.044044    -0.019479
    0.045145    -0.019464
    0.046246    -0.019449
    0.047347    -0.019433
    0.048448    -0.019418
    0.049550    -0.019402
    0.050651    -0.019386
    0.051752    -0.019370
    0.052853    -0.019355
    0.053954    -0.019339
    0.055055    -0.019323
    0.056156    -0.019306
    0.057257    -0.019290
    0.058358    -0.019274
    0.059459    -0.019258
    0.060561    -0.019241
    0.061662    -0.019225
    0.062763    -0.019208
    0.063864    -0.019191
    0.064965    -0.019175
    0.066066    -0.019158
    0.067167    -0.019141
    0.068268    -0.019124
    0.069369    -0.019107
    0.070470    -0.019090
    0.071572    -0.019073
    0.072673    -0.019055
    0.073774    -0.019038
    0.074875    -0.019021
    0.075976    -0.019003
    0.077077    -0.018986
    0.078178    -0.018968
    0.079279    -0.018951
    0.080380    -0.018933
    0.081481    -0.018916
    0.082583    -0.018898
    0.083684    -0.018880
    0.084785    -0.018862
    0.085886    -0.018844
    0.086987    -0.018826
    0.088088    -0.018808
    0.089189    -0.018790
    0.090290    -0.018772
    0.091391    -0.018754
    0.092492    -0.018735
    0.093594    -0.018717
    0.094695    -0.018699
    0.095796    -0.018680
    0.096897    -0.018662
    0.097998    -0.018644
    0.099099    -0.018625
    0.100200    -0.018606
    0.101301    -0.018588
    0.102402    -0.018569
    0.103504    -0.018550
    0.104605    -0.018532
    0.105706    -0.018513
    0.106807    -0.018494
    0.107908    -0.018475
    0.109009    -0.018456
    0.110110    -0.018437
    0.111211    -0.018418
    0.112312    -0.018399
    0.113413    -0.018380
    0.114515    -0.018361
    0.115616    -0.018342
    0.116717    -0.018323
    0.117818    -0.018303
    0.118919    -0.018284
    0.120020    -0.018265
    0.121121    -0.018245
    0.122222    -0.018226
    0.123323    -0.018207
    0.124424    -0.018187
    0.125526    -0.018168
    0.126627    -0.018148
    0.127728    -0.018129
    0.128829    -0.018109
    0.129930    -0.018089
    0.131031    -0.018070
    0.132132    -0.018050
    0.133233    -0.018030
    0.134334    -0.018011
    0.135435    -0.017991
    0.136537    -0.017971
    0.137638    -0.017951
    0.138739    -0.017931
    0.139840    -0.017911
    0.140941    -0.017891
    0.142042    -0.017871
    0.143143    -0.017851
    0.144244    -0.017831
    0.145345    -0.017811
    0.146446    -0.017791
    0.147548    -0.017771
    0.148649    -0.017751
    0.149750    -0.017731
    0.150851    -0.017711
    0.151952    -0.017691
    0.153053    -0.017670
    0.154154    -0.017650
    0.155255    -0.017630
    0.156356    -0.017609
    0.157457    -0.017589
    0.158559    -0.017569
    0.159660    -0.017548
    0.160761    -0.017528
    0.161862    -0.017508
    0.162963    -0.017487
    0.164064    -0.017467
    0.165165    -0.017446
    0.166266    -0.017426
    0.167367    -0.017405
    0.168468    -0.017384
    0.169570    -0.017364
    0.170671    -0.017343
    0.171772    -0.017323
    0.172873    -0.017302
    0.173974    -0.017281
    0.175075    -0.017261
    0.176176    -0.017240
    0.177277    -0.017219
    0.178378    -0.017198
    0.179479    -0.017178
    0.180581    -0.017157
    0.181682    -0.017136
    0.182783    -0.017115
    0.183884    -0.017094
    0.184985    -0.017073
    0.186086    -0.017052
    0.187187    -0.017032
    0.188288    -0.017011
    0.189389    -0.016990
    0.190490    -0.016969
    0.191592    -0.016948
    0.192693    -0.016927
    0.193794    -0.016906
    0.194895    -0.016885
    0.195996    -0.016863
    0.197097    -0.016842
    0.198198    -0.016821
    0.199299    -0.016800
    0.200400    -0.016779
    0.201502    -0.016758
    0.202603    -0.016737
    0.203704    -0.016716
    0.204805    -0.016694
    0.205906    -0.016673
    0.207007    -0.016652
    0.208108    -0.016631
    0.209209    -0.016609
    0.210310    -0.016588
    0.211411    -0.016567
    0.212513    -0.016546
    0.213614    -0.016524
    0.214715    -0.016503
    0.215816    -0.016482
    0.216917    -0.016460
    0.218018    -0.016439
    0.219119    -0.016417
    0.220220    -0.016396
    0.221321    -0.016375
    0.222422    -0.016353
    0.223524    -0.016332
    0.224625    -0.016310
    0.225726    -0.016289
    0.226827    -0.016267
    0.227928    -0.016246
    0.229029    -0.016224
    0.230130    -0.016203
    0.231231    -0.016181
    0.232332    -0.016160
    0.233433    -0.016138
    0.234535    -0.016116
    0.235636    -0.016095
    0.236737    -0.016073
    0.237838    -0.016052
    0.238939    -0.016030
    0.240040    -0.016008
    0.241141    -0.015987
    0.242242    -0.015965
    0.243343    -0.015943
    0.244444    -0.015922
    0.245546    -0.015900
    0.246647    -0.015878
    0.247748    -0.015856
    0.248849    -0.015835
    0.249950    -0.015813
    0.251051    -0.015791
    0.252152    -0.015769
    0.253253    -0.015748
    0.254354    -0.015726
    0.255455    -0.015704
    0.256557    -0.015682
    0.257658    -0.015660
    0.258759    -0.015639
    0.259860    -0.015617
    0.260961    -0.015595
    0.262062    -0.015573
    0.263163    -0.015551
    0.264264    -0.015529
    0.265365    -0.015507
    0.266466    -0.015485
    0.267568    -0.015463
    0.268669    -0.015441
    0.269770    -0.015420
    0.270871    -0.015398
    0.271972    -0.015376
    0.273073    -0.015354
    0.274174    -0.015332
    0.275275    -0.015310
    0.276376    -0.015288
    0.277477    -0.015266
    0.278579    -0.015244
    0.279680    -0.015222
    0.280781    -0.015200
    0.281882    -0.015178
    0.282983    -0.015155
    0.284084    -0.015133
    0.285185    -0.015111
    0.286286    -0.015089
    0.287387    -0.015067
    0.288488    -0.015045
    0.289590    -0.015023
    0.290691    -0.015001
    0.291792    -0.014979
    0.292893    -0.014957
    0.293994    -0.014934
    0.295095    -0.014912
    0.296196    -0.014890
    0.297297    -0.014868
    0.298398    -0.014846
    0.299499    -0.014823
    0.300601    -0.014801
    0.301702    -0.014779
    0.302803    -0.014757
    0.303904    -0.014735
    0.305005    -0.014712
    0.306106    -0.014690
    0.307207    -0.014668
    0.308308    -0.014646
    0.309409    -0.014623
    0.310511    -0.014601
    0.311612    -0.014579
    0.312713    -0.014557
    0.313814    -0.014534
    0.314915    -0.014512
    0.316016    -0.014490
    0.317117    -0.014467
    0.318218    -0.014445
    0.319319    -0.014423
    0.320420    -0.014400
    0.321522    -0.014378
    0.322623    -0.014356
    0.323724    -0.014333
    0.324825    -0.014311
    0.325926    -0.014289
    0.327027    -0.014266
    0.328128    -0.014244
    0.329229    -0.014221
    0.330330    -0.014199
    0.331431    -0.014177
    0.332533    -0.014154
    0.333634    -0.014132
    0.334735    -0.014109
    0.335836    -0.014087
    0.336937    -0.014065
    0.338038    -0.014042
    0.339139    -0.014020
    0.340240    -0.013997
    0.341341    -0.013975
    0.342442    -0.013952
    0.343544    -0.013930
    0.344645    -0.013907
    0.345746    -0.013885
    0.346847    -0.013862
    0.347948    -0.013840
    0.349049    -0.013817
    0.350150    -0.013795
    0.351251    -0.013772
    0.352352    -0.013750
    0.353453    -0.013727
    0.354555    -0.013705
    0.355656    -0.013682
    0.356757    -0.013660
    0.357858    -0.013637
    0.358959    -0.013614
    0.360060    -0.013592
    0.361161    -0.013569
    0.362262    -0.013547
    0.363363    -0.013524
    0.364464    -0.013502
    0.365566    -0.013479
    0.366667    -0.013456
    0.367768    -0.013434
    0.368869    -0.013411
    0.369970    -0.013388
    0.371071    -0.013366
    0.372172    -0.013343
    0.373273    -0.013321
    0.374374    -0.013298
    0.375475    -0.013275
    0.376577    -0.013253
    0.377678    -0.013230
    0.378779    -0.013207
    0.379880    -0.013185
    0.380981    -0.013162
    0.382082    -0.013139
    0.383183    -0.013117
    0.384284    -0.013094
    0.385385    -0.013071
    0.386486    -0.013049
    0.387588    -0.013026
    0.388689    -0.013003
    0.389790    -0.012980
    0.390891    -0.012958
    0.391992    -0.012935
    0.393093    -0.012912
    0.394194    -0.012890
    0.395295    -0.012867
    0.396396    -0.012844
    0.397497    -0.012821
    0.398599    -0.012799
    0.399700    -0.012776
    0.400801    -0.012753
    0.401902    -0.012730
    0.403003    -0.012707
    0.404104    -0.012685
    0.405205    -0.012662
    0.406306    -0.012639
    0.407407    -0.012616
    0.408509    -0.012594
    0.409610    -0.012571
    0.410711    -0.012548
    0.411812    -0.012525
    0.412913    -0.012502
    0.414014    -0.012480
    0.415115    -0.012457
    0.416216    -0.012434
    0.417317    -0.012411
    0.418418    -0.012388
    0.419520    -0.012365
    0.420621    -0.012343
    0.421722    -0.012320
    0.422823    -0.012297
    0.423924    -0.012274
    0.425025    -0.012251
    0.426126    -0.012228
    0.427227    -0.012205
    0.428328    -0.012183
    0.429429    -0.012160
    0.430531    -0.012137
    0.431632    -0.012114
    0.432733    -0.012091
    0.433834    -0.012068
    0.434935    -0.012045
    0.436036    -0.012022
    0.437137    -0.011999
    0.438238    -0.011976
    0.439339    -0.011954
    0.440440    -0.011931
    0.441542    -0.011908
    0.442643    -0.011885
    0.443744    -0.011862
    0.444845    -0.011839
    0.445946    -0.011816
    0.447047    -0.011793
    0.448148    -0.011770
    0.449249    -0.011747
    0.450350    -0.011724
    0.451451    -0.011701
    0.452553    -0.011678
    0.453654    -0.011655
    0.454755    -0.011632
    0.455856    -0.011609
    0.456957    -0.011586
    0.458058    -0.011563
    0.459159    -0.011540
    0.460260    -0.011517
    0.461361    -0.011494
    0.462462    -0.011471
    0.463564    -0.011449
    0.464665    -0.011426
    0.465766    -0.011402
    0.466867    -0.011379
    0.467968    -0.011356
    0.469069    -0.011333
    0.470170    -0.011310
    0.471271    -0.011287
    0.472372    -0.011264
    0.473473    -0.011241
    0.474575    -0.011218
    0.475676    -0.011195
    0.476777    -0.011172
    0.477878    -0.011149
    0.478979    -0.011126
    0.480080    -0.011103
    0.481181    -0.011080
    0.482282    -0.011057
    0.483383    -0.011034
    0.484484    -0.011011
    0.485586    -0.010988
    0.486687    -0.010965
    0.487788    -0.010942
    0.488889    -0.010919
    0.489990    -0.010896
    0.491091    -0.010873
    0.492192    -0.010849
    0.493293    -0.010826
    0.494394    -0.010803
    0.495495    -0.010780
    0.496597    -0.010757
    0.497698    -0.010734
    0.498799    -0.010711
    0.499900    -0.010688
    0.501001    -0.010665
    0.502102    -0.010642
    0.503203    -0.010618
    0.504304    -0.010595
    0.505405    -0.010572
    0.506507    -0.010549
    0.507608    -0.010526
    0.508709    -0.010503
    0.509810    -0.010480
    0.510911    -0.010457
    0.512012    -0.010433
    0.513113    -0.010410
    0.514214    -0.010387
    0.515315    -0.010364
    0.516416    -0.010341
    0.517518    -0.010318
    0.518619    -0.010295
    0.519720    -0.010271
    0.520821    -0.010248
    0.521922    -0.010225
    0.523023    -0.010202
    0.524124    -0.010179
    0.525225    -0.010156
    0.526326    -0.010132
    0.527427    -0.010109
    0.528529    -0.010086
    0.529630    -0.010063
    0.530731    -0.010040
    0.531832    -0.010016
    0.532933    -0.009993
    0.534034    -0.009970
    0.535135    -0.009947
    0.536236    -0.009924
    0.537337    -0.009900
    0.538438    -0.009877
    0.539540    -0.009854
    0.540641    -0.009831
    0.541742    -0.009808
    0.542843    -0.009784
    0.543944    -0.009761
    0.545045    -0.009738
    0.546146    -0.009715
    0.547247    -0.009692
    0.548348    -0.009668
    0.549449    -0.009645
    0.550551    -0.009622
    0.551652    -0.009599
    0.552753    -0.009575
    0.553854    -0.009552
    0.554955    -0.009529
    0.556056    -0.009506
    0.557157    -0.009482
    0.558258    -0.009459
    0.559359    -0.009436
    0.560460    -0.009413
    0.561562    -0.009389
    0.562663    -0.009366
    0.563764    -0.009343
    0.564865    -0.009320
    0.565966    -0.009296
    0.567067    -0.009273
    0.568168    -0.009250
    0.569269    -0.009227
    0.570370    -0.009203
    0.571471    -0.009180
    0.572573    -0.009157
    0.573674    -0.009133
    0.574775    -0.009110
    0.575876    -0.009087
    0.576977    -0.009064
    0.578078    -0.009040
    0.579179    -0.009017
    0.580280    -0.008994
    0.581381    -0.008970
    0.582482    -0.008947
    0.583584    -0.008924
    0.584685    -0.008900
    0.585786    -0.008877
    0.586887    -0.008854
    0.587988    -0.008831
    0.589089    -0.008807
    0.590190    -0.008784
    0.591291    -0.008761
    0.592392    -0.008737
    0.593493    -0.008714
    0.594595    -0.008691
    0.595696    -0.008667
    0.596797    -0.008644
    0.597898    -0.008621
    0.598999    -0.008597
    0.600100    -0.008574
    0.601201    -0.008551
    0.602302    -0.008527
    0.603403    -0.008504
    0.604505    -0.008481
    0.605606    -0.008457
    0.606707    -0.008434
    0.607808    -0.008411
    0.608909    -0.008387
    0.610010    -0.008364
    0.611111    -0.008340
    0.612212    -0.008317
    0.613313    -0.008294
    0.614414    -0.008270
    0.615516    -0.008247
    0.616617    -0.008224
    0.617718    -0.008200
    0.618819    -0.008177
    0.619920    -0.008154
    0.621021    -0.008130
    0.622122    -0.008107
    0.623223    -0.008083
    0.624324    -0.008060
    0.625425    -0.008037
    0.626527    -0.008013
    0.627628    -0.007990
    0.628729    -0.007966
    0.629830    -0.007943
    0.630931    -0.007920
    0.632032    -0.007896
    0.633133    -0.007873
    0.634234    -0.007849
    0.635335    -0.007826
    0.636436    -0.007803
    0.637538    -0.007779
    0.638639    -0.007756
    0.639740    -0.007732
    0.640841    -0.007709
    0.641942    -0.007686
    0.643043    -0.007662
    0.644144    -0.007639
    0.645245    -0.007615
    0.646346    -0.007592
    0.647447    -0.007569
    0.648549    -0.007545
    0.649650    -0.007522
    0.650751    -0.007498
    0.651852    -0.007475
    0.652953    -0.007451
    0.654054    -0.007428
    0.655155    -0.007405
    0.656256    -0.007381
    0.657357    -0.007358
    0.658458    -0.007334
    0.659560    -0.007311
    0.660661    -0.007287
    0.661762    -0.007264
    0.662863    -0.007240
    0.663964    -0.007217
    0.665065    -0.007194
    0.666166    -0.007170
    0.667267    -0.007147
    0.668368    -0.007123
    0.669469    -0.007100
    0.670571    -0.007076
    0.671672    -0.007053
    0.672773    -0.007029
    0.673874    -0.007006
    0.674975    -0.006982
    0.676076    -0.006959
    0.677177    -0.006936
    0.678278    -0.006912
    0.679379    -0.006889
    0.680480    -0.006865
    0.681582    -0.006842
    0.682683    -0.006818
    0.683784    -0.006795
    0.684885    -0.006771
    0.685986    -0.006748
    0.687087    -0.006724
    0.688188    -0.006701
    0.689289    -0.006677
    0.690390    -0.006654
    0.691491    -0.006630
    0.692593    -0.006607
    0.693694    -0.006583
    0.694795    -0.006560
    0.695896    -0.006536
    0.696997    -0.006513
    0.698098    -0.006489
    0.699199    -0.006466
    0.700300    -0.006442
    0.701401    -0.006419
    0.702503    -0.006395
    0.703604    -0.006372
    0.704705    -0.006348
    0.705806    -0.006325
    0.706907    -0.006301
    0.708008    -0.006278
    0.709109    -0.006254
    0.710210    -0.006231
    0.711311    -0.006207
    0.712412    -0.006184
    0.713514    -0.006160
    0.714615    -0.006137
    0.715716    -0.006113
    0.716817    -0.006090
    0.717918    -0.006066
    0.719019    -0.006043
    0.720120    -0.006019
    0.721221    -0.005995
    0.722322    -0.005972
    0.723423    -0.005948
    0.724525    -0.005925
    0.725626    -0.005901
    0.726727    -0.005878
    0.727828    -0.005854
    0.728929    -0.005831
    0.730030    -0.005807
    0.731131    -0.005784
    0.732232    -0.005760
    0.733333    -0.005737
    0.734434    -0.005713
    0.735536    -0.005689
    0.736637    -0.005666
    0.737738    -0.005642
    0.738839    -0.005619
    0.739940    -0.005595
    0.741041    -0.005572
    0.742142    -0.005548
    0.743243    -0.005525
    0.744344    -0.005501
    0.745445    -0.005477
    0.746547    -0.005454
    0.747648    -0.005430
    0.748749    -0.005407
    0.749850    -0.005383
    0.750951    -0.005360
    0.752052    -0.005336
    0.753153    -0.005312
    0.754254    -0.005289
    0.755355    -0.005265
    0.756456    -0.005242
    0.757558    -0.005218
    0.758659    -0.005195
    0.759760    -0.005171
    0.760861    -0.005147
    0.761962    -0.005124
    0.763063    -0.005100
    0.764164    -0.005077
    0.765265    -0.005053
    0.766366    -0.005029
    0.767467    -0.005006
    0.768569    -0.004982
    0.769670    -0.004959
    0.770771    -0.004935
    0.771872    -0.004911
    0.772973    -0.004888
    0.774074    -0.004864
    0.775175    -0.004841
    0.776276    -0.004817
    0.777377    -0.004794
    0.778478    -0.004770
    0.779580    -0.004746
    0.780681    -0.004723
    0.781782    -0.004699
    0.782883    -0.004675
    0.783984    -0.004652
    0.785085    -0.004628
    0.786186    -0.004605
    0.787287    -0.004581
    0.788388    -0.004557
    0.789489    -0.004534
    0.790591    -0.004510
    0.791692    -0.004487
    0.792793    -0.004463
    0.793894    -0.004439
    0.794995    -0.004416
    0.796096    -0.004392
    0.797197    -0.004368
    0.798298    -0.004345
    0.799399    -0.004321
    0.800501    -0.004298
    0.801602    -0.004274
    0.802703    -0.004250
    0.803804    -0.004227
    0.804905    -0.004203
    0.806006    -0.004179
    0.807107    -0.004156
    0.808208    -0.004132
    0.809309    -0.004109
    0.810410    -0.004085
    0.811512    -0.004061
    0.812613    -0.004038
    0.813714    -0.004014
    0.814815    -0.003990
    0.815916    -0.003967
    0.817017    -0.003943
    0.818118    -0.003919
    0.819219    -0.003896
    0.820320    -0.003872
    0.821421    -0.003848
    0.822523    -0.003825
    0.823624    -0.003801
    0.824725    -0.003778
    0.825826    -0.003754
    0.826927    -0.003730
    0.828028    -0.003707
    0.829129    -0.003683
    0.830230    -0.003659
    0.831331    -0.003636
    0.832432    -0.003612
    0.833534    -0.003588
    0.834635    -0.003565
    0.835736    -0.003541
    0.836837    -0.003517
    0.837938    -0.003494
    0.839039    -0.003470
    0.840140    -0.003446
    0.841241    -0.003423
    0.842342    -0.003399
    0.843443    -0.003375
    0.844545    -0.003352
    0.845646    -0.003328
    0.846747    -0.003304
    0.847848    -0.003281
    0.848949    -0.003257
    0.850050    -0.003233
    0.851151    -0.003210
    0.852252    -0.003186
    0.853353    -0.003162
    0.854454    -0.003138
    0.855556    -0.003115
    0.856657    -0.003091
    0.857758    -0.003067
    0.858859    -0.003044
    0.859960    -0.003020
    0.861061    -0.002996
    0.862162    -0.002973
    0.863263    -0.002949
    0.864364    -0.002925
    0.865465    -0.002902
    0.866567    -0.002878
    0.867668    -0.002854
    0.868769    -0.002831
    0.869870    -0.002807
    0.870971    -0.002783
    0.872072    -0.002759
    0.873173    -0.002736
    0.874274    -0.002712
    0.875375    -0.002688
    0.876476    -0.002665
    0.877578    -0.002641
    0.878679    -0.002617
    0.879780    -0.002594
    0.880881    -0.002570
    0.881982    -0.002546
    0.883083    -0.002522
    0.884184    -0.002499
    0.885285    -0.002475
    0.886386    -0.002451
    0.887487    -0.002428
    0.888589    -0.002404
    0.889690    -0.002380
    0.890791    -0.002356
    0.891892    -0.002333
    0.892993    -0.002309
    0.894094    -0.002285
    0.895195    -0.002262
    0.896296    -0.002238
    0.897397    -0.002214
    0.898498    -0.002190
    0.899600    -0.002167
    0.900701    -0.002143
    0.901802    -0.002119
    0.902903    -0.002096
    0.904004    -0.002072
    0.905105    -0.002048
    0.906206    -0.002024
    0.907307    -0.002001
    0.908408    -0.001977
    0.909510    -0.001953
    0.910611    -0.001929
    0.911712    -0.001906
    0.912813    -0.001882
    0.913914    -0.001858
    0.915015    -0.001834
    0.916116    -0.001811
    0.917217    -0.001787
    0.918318    -0.001763
    0.919419    -0.001740
    0.920521    -0.001716
    0.921622    -0.001692
    0.922723    -0.001668
    0.923824    -0.001645
    0.924925    -0.001621
    0.926026    -0.001597
    0.927127    -0.001573
    0.928228    -0.001550
    0.929329    -0.001526
    0.930430    -0.001502
    0.931532    -0.001478
    0.932633    -0.001455
    0.933734    -0.001431
    0.934835    -0.001407
    0.935936    -0.001383
    0.937037    -0.001360
    0.938138    -0.001336
    0.939239    -0.001312
    0.940340    -0.001288
    0.941441    -0.001265
    0.942543    -0.001241
    0.943644    -0.001217
    0.944745    -0.001193
    0.945846    -0.001170
    0.946947    -0.001146
    0.948048    -0.001122
    0.949149    -0.001098
    0.950250    -0.001075
    0.951351    -0.001051
    0.952452    -0.001027
    0.953554    -0.001003
    0.954655    -0.000979
    0.955756    -0.000956
    0.956857    -0.000932
    0.957958    -0.000908
    0.959059    -0.000884
    0.960160    -0.000861
    0.961261    -0.000837
    0.962362    -0.000813
    0.963463    -0.000789
    0.964565    -0.000766
    0.965666    -0.000742
    0.966767    -0.000718
    0.967868    -0.000694
    0.968969    -0.000670
    0.970070    -0.000647
    0.971171    -0.000623
    0.972272    -0.000599
    0.973373    -0.000575
    0.974474    -0.000552
    0.975576    -0.000528
    0.976677    -0.000504
    0.977778    -0.000480
    0.978879    -0.000456
    0.979980    -0.000433
    0.981081    -0.000409
    0.982182    -0.000385
    0.983283    -0.000361
    0.984384    -0.000337
    0.985485    -0.000314
    0.986587    -0.000290
    0.987688    -0.000266
    0.988789    -0.000242
    0.989890    -0.000218
    0.990991    -0.000195
    0.992092    -0.000171
    0.993193    -0.000147
    0.994294    -0.000123
    0.995395    -0.000100
    0.996496    -0.000076
    0.997598    -0.000052
    0.998699    -0.000028
    0.999800    -0.000004
    1.000901     0.000019
    1.002002     0.000043
    1.003103     0.000067
    1.004204     0.000091
    1.005305     0.000115
    1.006406     0.000138
    1.007508     0.000162
    1.008609     0.000186
    1.009710     0.000210
    1.010811     0.000234
    1.011912     0.000258
    1.013013     0.000281
    1.014114     0.000305
    1.015215     0.000329
    1.016316     0.000353
    1.017417     0.000377
    1.018519     0.000400
    1.019620     0.000424
    1.020721     0.000448
    1.021822     0.000472
    1.022923     0.000496
    1.024024     0.000519
    1.025125     0.000543
    1.026226     0.000567
    1.027327     0.000591
    1.028428     0.000615
    1.029530     0.000639
    1.030631     0.000662
    1.031732     0.000686
    1.032833     0.000710
    1.033934     0.000734
    1.035035     0.000758
    1.036136     0.000781
    1.037237     0.000805
    1.038338     0.000829
    1.039439     0.000853
    1.040541     0.000877
    1.041642     0.000901
    1.042743     0.000924
    1.043844     0.000948
    1.044945     0.000972
    1.046046     0.000996
    1.047147     0.001020
    1.048248     0.001044
    1.049349     0.001067
    1.050450     0.001091
    1.051552     0.001115
    1.052653     0.001139
    1.053754     0.001163
    1.054855     0.001187
    1.055956     0.001210
    1.057057     0.001234
    1.058158     0.001258
    1.059259     0.001282
    1.060360     0.001306
    1.061461     0.001330
    1.062563     0.001353
    1.063664     0.001377
    1.064765     0.001401
    1.065866     0.001425
    1.066967     0.001449
    1.068068     0.001473
    1.069169     0.001496
    1.070270     0.001520
    1.071371     0.001544
    1.072472     0.001568
    1.073574     0.001592
    1.074675     0.001616
    1.075776     0.001640
    1.076877     0.001663
    1.077978     0.001687
    1.079079     0.001711
    1.080180     0.001735
    1.081281     0.001759
    1.082382     0.001783
    1.083483     0.001806
    1.084585     0.001830
    1.085686     0.001854
    1.086787     0.001878
    1.087888     0.001902
    1.088989     0.001926
    1.090090     0.001950
    1.091191     0.001973
    1.092292     0.001997
    1.093393     0.002021
    1.094494     0.002045
    1.095596     0.002069
    1.096697     0.002093
    1.097798     0.002117
    1.098899     0.002140
    1.100000     0.002164
