    0.000000    -0.020000
    0.001101    -0.019978
    0.002202    -0.019956
    0.003303    -0.019935
    0.004404    -0.019913
    0.005506    -0.019891
    0.006607    -0.019869
    0.007708    -0.019847
    0.008809    -0.019826
    0.009910    -0.019804
    0.011011    -0.019782
    0.012112    -0.019760
    0.013213    -0.019738
    0.014314    -0.019717
    0.015415    -0.019695
    0.016517    -0.019673
    0.017618    -0.019651
    0.018719    -0.019629
    0.019820    -0.019607
    0.020921    -0.019586
    0.022022    -0.019564
    0.023123    -0.019542
    0.024224    -0.019520
    0.025325    -0.019498
    0.026426    -0.019477
    0.027528    -0.019455
    0.028629    -0.019433
    0.029730    -0.019411
    0.030831    -0.019389
    0.031932    -0.019367
    0.033033    -0.019346
    0.034134    -0.019324
    0.035235    -0.019302
    0.036336    -0.019280
    0.037437    -0.019258
    0.038539    -0.019237
    0.039640    -0.019215
    0.040741    -0.019193
    0.041842    -0.019171
    0.042943    -0.019149
    0.044044    -0.019127
    0.045145    -0.019106
    0.046246    -0.019084
    0.047347    -0.019062
    0.048448    -0.019040
    0.049550    -0.019018
    0.050651    -0.018996
    0.051752    -0.018975
    0.052853    -0.018953
    0.053954    -0.018931
    0.055055    -0.018909
    0.056156    -0.018887
    0.057257    -0.018865
    0.058358    -0.018843
    0.059459    -0.018822
    0.060561    -0.018800
    0.061662    -0.018778
    0.062763    -0.018756
    0.063864    -0.018734
    0.064965    -0.018712
    0.066066    -0.018691
    0.067167    -0.018669
    0.068268    -0.018647
    0.069369    -0.018625
    0.070470    -0.018603
    0.071572    -0.018581
    0.072673    -0.018559
    0.073774    -0.018538
    0.074875    -0.018516
    0.075976    -0.018494
    0.077077    -0.018472
    0.078178    -0.018450
    0.079279    -0.018428
    0.080380    -0.018407
    0.081481    -0.018385
    0.082583    -0.018363
    0.083684    -0.018341
    0.084785    -0.018319
    0.085886    -0.018297
    0.086987    -0.018275
    0.088088    -0.018254
    0.089189    -0.018232
    0.090290    -0.018210
    0.091391    -0.018188
    0.092492    -0.018166
    0.093594    -0.018144
    0.094695    -0.018122
    0.095796    -0.018100
    0.096897    -0.018079
    0.097998    -0.018057
    0.099099    -0.018035
    0.100200    -0.018013
    0.101301    -0.017991
    0.102402    -0.017969
    0.103504    -0.017947
    0.104605    -0.017926
    0.105706    -0.017904
    0.106807    -0.017882
    0.107908    -0.017860
    0.109009    -0.017838
    0.110110    -0.017816
    0.111211    -0.017794
    0.112312    -0.017772
    0.113413    -0.017751
    0.114515    -0.017729
    0.115616    -0.017707
    0.116717    -0.017685
    0.117818    -0.017663
    0.118919    -0.017641
    0.120020    -0.017619
    0.121121    -0.017597
    0.122222    -0.017576
    0.123323    -0.017554
    0.124424    -0.017532
    0.125526    -0.017510
    0.126627    -0.017488
    0.127728    -0.017466
    0.128829    -0.017444
    0.129930    -0.017422
    0.131031    -0.017400
    0.132132    -0.017379
    0.133233    -0.017357
    0.134334    -0.017335
    0.135435    -0.017313
    0.136537    -0.017291
    0.137638    -0.017269
    0.138739    -0.017247
    0.139840    -0.017225
    0.140941    -0.017203
    0.142042    -0.017182
    0.143143    -0.017160
    0.144244    -0.017138
    0.145345    -0.017116
    0.146446    -0.017094
    0.147548    -0.017072
    0.148649    -0.017050
    0.149750    -0.017028
    0.150851    -0.017006
    0.151952    -0.016984
    0.153053    -0.016963
    0.154154    -0.016941
    0.155255    -0.016919
    0.156356    -0.016897
    0.157457    -0.016875
    0.158559    -0.016853
    0.159660    -0.016831
    0.160761    -0.016809
    0.161862    -0.016787
    0.162963    -0.016765
    0.164064    -0.016744
    0.165165    -0.016722
    0.166266    -0.016700
    0.167367    -0.016678
    0.168468    -0.016656
    0.169570    -0.016634
    0.170671    -0.016612
    0.171772    -0.016590
    0.172873    -0.016568
    0.173974    -0.016546
    0.175075    -0.016525
    0.176176    -0.016503
    0.177277    -0.016481
    0.178378    -0.016459
    0.179479    -0.016437
    0.180581    -0.016415
    0.181682    -0.016393
    0.182783    -0.016371
    0.183884    -0.016349
    0.184985    -0.016327
    0.186086    -0.016305
    0.187187    -0.016283
    0.188288    -0.016262
    0.189389    -0.016240
    0.190490    -0.016218
    0.191592    -0.016196
    0.192693    -0.016174
    0.193794    -0.016152
    0.194895    -0.016130
    0.195996    -0.016108
    0.197097    -0.016086
    0.198198    -0.016064
    0.199299    -0.016042
    0.200400    -0.016020
    0.201502    -0.015998
    0.202603    -0.015977
    0.203704    -0.015955
    0.204805    -0.015933
    0.205906    -0.015911
    0.207007    -0.015889
    0.208108    -0.015867
    0.209209    -0.015845
    0.210310    -0.015823
    0.211411    -0.015801
    0.212513    -0.015779
    0.213614    -0.015757
    0.214715    -0.015735
    0.215816    -0.015713
    0.216917    -0.015691
    0.218018    -0.015670
    0.219119    -0.015648
    0.220220    -0.015626
    0.221321    -0.015604
    0.222422    -0.015582
    0.223524    -0.015560
    0.224625    -0.015538
    0.225726    -0.015516
    0.226827    -0.015494
    0.227928    -0.015472
    0.229029    -0.015450
    0.230130    -0.015428
    0.231231    -0.015406
    0.232332    -0.015384
    0.233433    -0.015362
    0.234535    -0.015341
    0.235636    -0.015319
    0.236737    -0.015297
    0.237838    -0.015275
    0.238939    -0.015253
    0.240040    -0.015231
    0.241141    -0.015209
    0.242242    -0.015187
    0.243343    -0.015165
    0.244444    -0.015143
    0.245546    -0.015121
    0.246647    -0.015099
    0.247748    -0.015077
    0.248849    -0.015055
    0.249950    -0.015033
    0.251051    -0.015011
    0.252152    -0.014989
    0.253253    -0.014967
    0.254354    -0.014946
    0.255455    -0.014924
    0.256557    -0.014902
    0.257658    -0.014880
    0.258759    -0.014858
    0.259860    -0.014836
    0.260961    -0.014814
    0.262062    -0.014792
    0.263163    -0.014770
    0.264264    -0.014748
    0.265365    -0.014726
    0.266466    -0.014704
    0.267568    -0.014682
    0.268669    -0.014660
    0.269770    -0.014638
    0.270871    -0.014616
    0.271972    -0.014594
    0.273073    -0.014572
    0.274174    -0.014550
    0.275275    -0.014528
    0.276376    -0.014506
    0.277477    -0.014484
    0.278579    -0.014463
    0.279680    -0.014441
    0.280781    -0.014419
    0.281882    -0.014397
    0.282983    -0.014375
    0.284084    -0.014353
    0.285185    -0.014331
    0.286286    -0.014309
    0.287387    -0.014287
    0.288488    -0.014265
    0.289590    -0.014243
    0.290691    -0.014221
    0.291792    -0.014199
    0.292893    -0.014177
    0.293994    -0.014155
    0.295095    -0.014133
    0.296196    -0.014111
    0.297297    -0.014089
    0.298398    -0.014067
    0.299499    -0.014045
    0.300601    -0.014023
    0.301702    -0.014001
    0.302803    -0.013979
    0.303904    -0.013957
    0.305005    -0.013935
    0.306106    -0.013913
    0.307207    -0.013891
    0.308308    -0.013869
    0.309409    -0.013847
    0.310511    -0.013825
    0.311612    -0.013803
    0.312713    -0.013782
    0.313814    -0.013760
    0.314915    -0.013738
    0.316016    -0.013716
    0.317117    -0.013694
    0.318218    -0.013672
    0.319319    -0.013650
    0.320420    -0.013628
    0.321522    -0.013606
    0.322623    -0.013584
    0.323724    -0.013562
    0.324825    -0.013540
    0.325926    -0.013518
    0.327027    -0.013496
    0.328128    -0.013474
    0.329229    -0.013452
    0.330330    -0.013430
    0.331431    -0.013408
    0.332533    -0.013386
    0.333634    -0.013364
    0.334735    -0.013342
    0.335836    -0.013320
    0.336937    -0.013298
    0.338038    -0.013276
    0.339139    -0.013254
    0.340240    -0.013232
    0.341341    -0.013210
    0.342442    -0.013188
    0.343544    -0.013166
    0.344645    -0.013144
    0.345746    -0.013122
    0.346847    -0.013100
    0.347948    -0.013078
    0.349049    -0.013056
    0.350150    -0.013034
    0.351251    -0.013012
    0.352352    -0.012990
    0.353453    -0.012968
    0.354555    -0.012946
    0.355656    -0.012924
    0.356757    -0.012902
    0.357858    -0.012880
    0.358959    -0.012858
    0.360060    -0.012836
    0.361161    -0.012814
    0.362262    -0.012792
    0.363363    -0.012770
    0.364464    -0.012748
    0.365566    -0.012726
    0.366667    -0.012704
    0.367768    -0.012682
    0.368869    -0.012660
    0.369970    -0.012638
    0.371071    -0.012616
    0.372172    -0.012594
    0.373273    -0.012572
    0.374374    -0.012550
    0.375475    -0.012528
    0.376577    -0.012506
    0.377678    -0.012484
    0.378779    -0.012462
    0.379880    -0.012440
    0.380981    -0.012418
    0.382082    -0.012396
    0.383183    -0.012374
    0.384284    -0.012352
    0.385385    -0.012330
    0.386486    -0.012308
    0.387588    -0.012286
    0.388689    -0.012264
    0.389790    -0.012242
    0.390891    -0.012220
    0.391992    -0.012198
    0.393093    -0.012176
    0.394194    -0.012154
    0.395295    -0.012132
    0.396396    -0.012110
    0.397497    -0.012088
    0.398599    -0.012066
    0.399700    -0.012044
    0.400801    -0.012022
    0.401902    -0.012000
    0.403003    -0.011978
    0.404104    -0.011956
    0.405205    -0.011934
    0.406306    -0.011912
    0.407407    -0.011890
    0.408509    -0.011868
    0.409610    -0.011846
    0.410711    -0.011824
    0.411812    -0.011802
    0.412913    -0.011780
    0.414014    -0.011758
    0.415115    -0.011736
    0.416216    -0.011714
    0.417317    -0.011692
    0.418418    -0.011670
    0.419520    -0.011648
    0.420621    -0.011626
    0.421722    -0.011604
    0.422823    -0.011582
    0.423924    -0.011560
    0.425025    -0.011538
    0.426126    -0.011516
    0.427227    -0.011494
    0.428328    -0.011472
    0.429429    -0.011450
    0.430531    -0.011428
    0.431632    -0.011406
    0.432733    -0.011384
    0.433834    -0.011362
    0.434935    -0.011340
    0.436036    -0.011318
    0.437137    -0.011296
    0.438238    -0.011274
    0.439339    -0.011252
    0.440440    -0.011230
    0.441542    -0.011208
    0.442643    -0.011186
    0.443744    -0.011163
    0.444845    -0.011141
    0.445946    -0.011119
    0.447047    -0.011097
    0.448148    -0.011075
    0.449249    -0.011053
    0.450350    -0.011031
    0.451451    -0.011009
    0.452553    -0.010987
    0.453654    -0.010965
    0.454755    -0.010943
    0.455856    -0.010921
    0.456957    -0.010899
    0.458058    -0.010877
    0.459159    -0.010855
    0.460260    -0.010833
    0.461361    -0.010811
    0.462462    -0.010789
    0.463564    -0.010767
    0.464665    -0.010745
    0.465766    -0.010723
    0.466867    -0.010701
    0.467968    -0.010679
    0.469069    -0.010657
    0.470170    -0.010635
    0.471271    -0.010613
    0.472372    -0.010591
    0.473473    -0.010569
    0.474575    -0.010547
    0.475676    -0.010525
    0.476777    -0.010503
    0.477878    -0.010481
    0.478979    -0.010459
    0.480080    -0.010436
    0.481181    -0.010414
    0.482282    -0.010392
    0.483383    -0.010370
    0.484484    -0.010348
    0.485586    -0.010326
    0.486687    -0.010304
    0.487788    -0.010282
    0.488889    -0.010260
    0.489990    -0.010238
    0.491091    -0.010216
    0.492192    -0.010194
    0.493293    -0.010172
    0.494394    -0.010150
    0.495495    -0.010128
    0.496597    -0.010106
    0.497698    -0.010084
    0.498799    -0.010062
    0.499900    -0.010040
    0.501001    -0.010018
    0.502102    -0.009996
    0.503203    -0.009974
    0.504304    -0.009952
    0.505405    -0.009930
    0.506507    -0.009908
    0.507608    -0.009885
    0.508709    -0.009863
    0.509810    -0.009841
    0.510911    -0.009819
    0.512012    -0.009797
    0.513113    -0.009775
    0.514214    -0.009753
    0.515315    -0.009731
    0.516416    -0.009709
    0.517518    -0.009687
    0.518619    -0.009665
    0.519720    -0.009643
    0.520821    -0.009621
    0.521922    -0.009599
    0.523023    -0.009577
    0.524124    -0.009555
    0.525225    -0.009533
    0.526326    -0.009511
    0.527427    -0.009489
    0.528529    -0.009467
    0.529630    -0.009445
    0.530731    -0.009422
    0.531832    -0.009400
    0.532933    -0.009378
    0.534034    -0.009356
    0.535135    -0.009334
    0.536236    -0.009312
    0.537337    -0.009290
    0.538438    -0.009268
    0.539540    -0.009246
    0.540641    -0.009224
    0.541742    -0.009202
    0.542843    -0.009180
    0.543944    -0.009158
    0.545045    -0.009136
    0.546146    -0.009114
    0.547247    -0.009092
    0.548348    -0.009070
    0.549449    -0.009048
    0.550551    -0.009025
    0.551652    -0.009003
    0.552753    -0.008981
    0.553854    -0.008959
    0.554955    -0.008937
    0.556056    -0.008915
    0.557157    -0.008893
    0.558258    -0.008871
    0.559359    -0.008849
    0.560460    -0.008827
    0.561562    -0.008805
    0.562663    -0.008783
    0.563764    -0.008761
    0.564865    -0.008739
    0.565966    -0.008717
    0.567067    -0.008695
    0.568168    -0.008673
    0.569269    -0.008650
    0.570370    -0.008628
    0.571471    -0.008606
    0.572573    -0.008584
    0.573674    -0.008562
    0.574775    -0.008540
    0.575876    -0.008518
    0.576977    -0.008496
    0.578078    -0.008474
    0.579179    -0.008452
    0.580280    -0.008430
    0.581381    -0.008408
    0.582482    -0.008386
    0.583584    -0.008364
    0.584685    -0.008342
    0.585786    -0.008319
    0.586887    -0.008297
    0.587988    -0.008275
    0.589089    -0.008253
    0.590190    -0.008231
    0.591291    -0.008209
    0.592392    -0.008187
    0.593493    -0.008165
    0.594595    -0.008143
    0.595696    -0.008121
    0.596797    -0.008099
    0.597898    -0.008077
    0.598999    -0.008055
    0.600100    -0.008033
    0.601201    -0.008011
    0.602302    -0.007988
    0.603403    -0.007966
    0.604505    -0.007944
    0.605606    -0.007922
    0.606707    -0.007900
    0.607808    -0.007878
    0.608909    -0.007856
    0.610010    -0.007834
    0.611111    -0.007812
    0.612212    -0.007790
    0.613313    -0.007768
    0.614414    -0.007746
    0.615516    -0.007724
    0.616617    -0.007701
    0.617718    -0.007679
    0.618819    -0.007657
    0.619920    -0.007635
    0.621021    -0.007613
    0.622122    -0.007591
    0.623223    -0.007569
    0.624324    -0.007547
    0.625425    -0.007525
    0.626527    -0.007503
    0.627628    -0.007481
    0.628729    -0.007459
    0.629830    -0.007437
    0.630931    -0.007414
    0.632032    -0.007392
    0.633133    -0.007370
    0.634234    -0.007348
    0.635335    -0.007326
    0.636436    -0.007304
    0.637538    -0.007282
    0.638639    -0.007260
    0.639740    -0.007238
    0.640841    -0.007216
    0.641942    -0.007194
    0.643043    -0.007172
    0.644144    -0.007150
    0.645245    -0.007127
    0.646346    -0.007105
    0.647447    -0.007083
    0.648549    -0.007061
    0.649650    -0.007039
    0.650751    -0.007017
    0.651852    -0.006995
    0.652953    -0.006973
    0.654054    -0.006951
    0.655155    -0.006929
    0.656256    -0.006907
    0.657357    -0.006885
    0.658458    -0.006862
    0.659560    -0.006840
    0.660661    -0.006818
    0.661762    -0.006796
    0.662863    -0.006774
    0.663964    -0.006752
    0.665065    -0.006730
    0.666166    -0.006708
    0.667267    -0.006686
    0.668368    -0.006664
    0.669469    -0.006642
    0.670571    -0.006619
    0.671672    -0.006597
    0.672773    -0.006575
    0.673874    -0.006553
    0.674975    -0.006531
    0.676076    -0.006509
    0.677177    -0.006487
    0.678278    -0.006465
    0.679379    -0.006443
    0.680480    -0.006421
    0.681582    -0.006399
    0.682683    -0.006376
    0.683784    -0.006354
    0.684885    -0.006332
    0.685986    -0.006310
    0.687087    -0.006288
    0.688188    -0.006266
    0.689289    -0.006244
    0.690390    -0.006222
    0.691491    -0.006200
    0.692593    -0.006178
    0.693694    -0.006156
    0.694795    -0.006133
    0.695896    -0.006111
    0.696997    -0.006089
    0.698098    -0.006067
    0.699199    -0.006045
    0.700300    -0.006023
    0.701401    -0.006001
    0.702503    -0.005979
    0.703604    -0.005957
    0.704705    -0.005935
    0.705806    -0.005912
    0.706907    -0.005890
    0.708008    -0.005868
    0.709109    -0.005846
    0.710210    -0.005824
    0.711311    -0.005802
    0.712412    -0.005780
    0.713514    -0.005758
    0.714615    -0.005736
    0.715716    -0.005714
    0.716817    -0.005691
    0.717918    -0.005669
    0.719019    -0.005647
    0.720120    -0.005625
    0.721221    -0.005603
    0.722322    -0.005581
    0.723423    -0.005559
    0.724525    -0.005537
    0.725626    -0.005515
    0.726727    -0.005493
    0.727828    -0.005470
    0.728929    -0.005448
    0.730030    -0.005426
    0.731131    -0.005404
    0.732232    -0.005382
    0.733333    -0.005360
    0.734434    -0.005338
    0.735536    -0.005316
    0.736637    -0.005294
    0.737738    -0.005271
    0.738839    -0.005249
    0.739940    -0.005227
    0.741041    -0.005205
    0.742142    -0.005183
    0.743243    -0.005161
    0.744344    -0.005139
    0.745445    -0.005117
    0.746547    -0.005095
    0.747648    -0.005073
    0.748749    -0.005050
    0.749850    -0.005028
    0.750951    -0.005006
    0.752052    -0.004984
    0.753153    -0.004962
    0.754254    -0.004940
    0.755355    -0.004918
    0.756456    -0.004896
    0.757558    -0.004874
    0.758659    -0.004851
    0.759760    -0.004829
    0.760861    -0.004807
    0.761962    -0.004785
    0.763063    -0.004763
    0.764164    -0.004741
    0.765265    -0.004719
    0.766366    -0.004697
    0.767467    -0.004675
    0.768569    -0.004652
    0.769670    -0.004630
    0.770771    -0.004608
    0.771872    -0.004586
    0.772973    -0.004564
    0.774074    -0.004542
    0.775175    -0.004520
    0.776276    -0.004498
    0.777377    -0.004476
    0.778478    -0.004453
    0.779580    -0.004431
    0.780681    -0.004409
    0.781782    -0.004387
    0.782883    -0.004365
    0.783984    -0.004343
    0.785085    -0.004321
    0.786186    -0.004299
    0.787287    -0.004277
    0.788388    -0.004254
    0.789489    -0.004232
    0.790591    -0.004210
    0.791692    -0.004188
    0.792793    -0.004166
    0.793894    -0.004144
    0.794995    -0.004122
    0.796096    -0.004100
    0.797197    -0.004077
    0.798298    -0.004055
    0.799399    -0.004033
    0.800501    -0.004011
    0.801602    -0.003989
    0.802703    -0.003967
    0.803804    -0.003945
    0.804905    -0.003923
    0.806006    -0.003901
    0.807107    -0.003878
    0.808208    -0.003856
    0.809309    -0.003834
    0.810410    -0.003812
    0.811512    -0.003790
    0.812613    -0.003768
    0.813714    -0.003746
    0.814815    -0.003724
    0.815916    -0.003701
    0.817017    -0.003679
    0.818118    -0.003657
    0.819219    -0.003635
    0.820320    -0.003613
    0.821421    -0.003591
    0.822523    -0.003569
    0.823624    -0.003547
    0.824725    -0.003524
    0.825826    -0.003502
    0.826927    -0.003480
    0.828028    -0.003458
    0.829129    -0.003436
    0.830230    -0.003414
    0.831331    -0.003392
    0.832432    -0.003370
    0.833534    -0.003347
    0.834635    -0.003325
    0.835736    -0.003303
    0.836837    -0.003281
    0.837938    -0.003259
    0.839039    -0.003237
    0.840140    -0.003215
    0.841241    -0.003193
    0.842342    -0.003170
    0.843443    -0.003148
    0.844545    -0.003126
    0.845646    -0.003104
    0.846747    -0.003082
    0.847848    -0.003060
    0.848949    -0.003038
    0.850050    -0.003016
    0.851151    -0.002993
    0.852252    -0.002971
    0.853353    -0.002949
    0.854454    -0.002927
    0.855556    -0.002905
    0.856657    -0.002883
    0.857758    -0.002861
    0.858859    -0.002838
    0.859960    -0.002816
    0.861061    -0.002794
    0.862162    -0.002772
    0.863263    -0.002750
    0.864364    -0.002728
    0.865465    -0.002706
    0.866567    -0.002684
    0.867668    -0.002661
    0.868769    -0.002639
    0.869870    -0.002617
    0.870971    -0.002595
    0.872072    -0.002573
    0.873173    -0.002551
    0.874274    -0.002529
    0.875375    -0.002506
    0.876476    -0.002484
    0.877578    -0.002462
    0.878679    -0.002440
    0.879780    -0.002418
    0.880881    -0.002396
    0.881982    -0.002374
    0.883083    -0.002352
    0.884184    -0.002329
    0.885285    -0.002307
    0.886386    -0.002285
    0.887487    -0.002263
    0.888589    -0.002241
    0.889690    -0.002219
    0.890791    -0.002197
    0.891892    -0.002174
    0.892993    -0.002152
    0.894094    -0.002130
    0.895195    -0.002108
    0.896296    -0.002086
    0.897397    -0.002064
    0.898498    -0.002042
    0.899600    -0.002019
    0.900701    -0.001997
    0.901802    -0.001975
    0.902903    -0.001953
    0.904004    -0.001931
    0.905105    -0.001909
    0.906206    -0.001887
    0.907307    -0.001865
    0.908408    -0.001842
    0.909510    -0.001820
    0.910611    -0.001798
    0.911712    -0.001776
    0.912813    -0.001754
    0.913914    -0.001732
    0.915015    -0.001710
    0.916116    -0.001687
    0.917217    -0.001665
    0.918318    -0.001643
    0.919419    -0.001621
    0.920521    -0.001599
    0.921622    -0.001577
    0.922723    -0.001555
    0.923824    -0.001532
    0.924925    -0.001510
    0.926026    -0.001488
    0.927127    -0.001466
    0.928228    -0.001444
    0.929329    -0.001422
    0.930430    -0.001400
    0.931532    -0.001377
    0.932633    -0.001355
    0.933734    -0.001333
    0.934835    -0.001311
    0.935936    -0.001289
    0.937037    -0.001267
    0.938138    -0.001244
    0.939239    -0.001222
    0.940340    -0.001200
    0.941441    -0.001178
    0.942543    -0.001156
    0.943644    -0.001134
    0.944745    -0.001112
    0.945846    -0.001089
    0.946947    -0.001067
    0.948048    -0.001045
    0.949149    -0.001023
    0.950250    -0.001001
    0.951351    -0.000979
    0.952452    -0.000957
    0.953554    -0.000934
    0.954655    -0.000912
    0.955756    -0.000890
    0.956857    -0.000868
    0.957958    -0.000846
    0.959059    -0.000824
    0.960160    -0.000802
    0.961261    -0.000779
    0.962362    -0.000757
    0.963463    -0.000735
    0.964565    -0.000713
    0.965666    -0.000691
    0.966767    -0.000669
    0.967868    -0.000646
    0.968969    -0.000624
    0.970070    -0.000602
    0.971171    -0.000580
    0.972272    -0.000558
    0.973373    -0.000536
    0.974474    -0.000514
    0.975576    -0.000491
    0.976677    -0.000469
    0.977778    -0.000447
    0.978879    -0.000425
    0.979980    -0.000403
    0.981081    -0.000381
    0.982182    -0.000359
    0.983283    -0.000336
    0.984384    -0.000314
    0.985485    -0.000292
    0.986587    -0.000270
    0.987688    -0.000248
    0.988789    -0.000226
    0.989890    -0.000203
    0.990991    -0.000181
    0.992092    -0.000159
    0.993193    -0.000137
    0.994294    -0.000115
    0.995395    -0.000093
    0.996496    -0.000070
    0.997598    -0.000048
    0.998699    -0.000026
    0.999800    -0.000004
    1.000901     0.000018
    1.002002     0.000040
    1.003103     0.000062
    1.004204     0.000085
    1.005305     0.000107
    1.006406     0.000129
    1.007508     0.000151
    1.008609     0.000173
    1.009710     0.000195
    1.010811     0.000218
    1.011912     0.000240
    1.013013     0.000262
    1.014114     0.000284
    1.015215     0.000306
    1.016316     0.000328
    1.017417     0.000351
    1.018519     0.000373
    1.019620     0.000395
    1.020721     0.000417
    1.021822     0.000439
    1.022923     0.000461
    1.024024     0.000483
    1.025125     0.000506
    1.026226     0.000528
    1.027327     0.000550
    1.028428     0.000572
    1.029530     0.000594
    1.030631     0.000616
    1.031732     0.000639
    1.032833     0.000661
    1.033934     0.000683
    1.035035     0.000705
    1.036136     0.000727
    1.037237     0.000749
    1.038338     0.000772
    1.039439     0.000794
    1.040541     0.000816
    1.041642     0.000838
    1.042743     0.000860
    1.043844     0.000882
    1.044945     0.000905
    1.046046     0.000927
    1.047147     0.000949
    1.048248     0.000971
    1.049349     0.000993
    1.050450     0.001015
    1.051552     0.001038
    1.052653     0.001060
    1.053754     0.001082
    1.054855     0.001104
    1.055956     0.001126
    1.057057     0.001148
    1.058158     0.001171
    1.059259     0.001193
    1.060360     0.001215
    1.061461     0.001237
    1.062563     0.001259
    1.063664     0.001281
    1.064765     0.001304
    1.065866     0.001326
    1.066967     0.001348
    1.068068     0.001370
    1.069169     0.001392
    1.070270     0.001414
    1.071371     0.001437
    1.072472     0.001459
    1.073574     0.001481
    1.074675     0.001503
    1.075776     0.001525
    1.076877     0.001547
    1.077978     0.001570
    1.079079     0.001592
    1.080180     0.001614
    1.081281     0.001636
    1.082382     0.001658
    1.083483     0.001680
    1.084585     0.001703
    1.085686     0.001725
    1.086787     0.001747
    1.087888     0.001769
    1.088989     0.001791
    1.090090     0.001813
    1.091191     0.001836
    1.092292     0.001858
    1.093393     0.001880
    1.094494     0.001902
    1.095596     0.001924
    1.096697     0.001946
    1.097798     0.001969
    1.098899     0.001991
    1.100000     0.002013
