    0.000000    -0.020000
    0.001101    -0.020000
    0.002202    -0.020000
    0.003303    -0.020000
    0.004404    -0.020000
    0.005506    -0.020000
    0.006607    -0.020000
    0.007708    -0.020000
    0.008809    -0.020000
    0.009910    -0.020000
    0.011011    -0.020000
    0.012112    -0.020000
    0.013213    -0.020000
    0.014314    -0.020000
    0.015415    -0.020000
    0.016517    -0.020000
    0.017618    -0.020000
    0.018719    -0.020000
    0.019820    -0.020000
    0.020921    -0.020000
    0.022022    -0.020000
    0.023123    -0.020000
    0.024224    -0.020000
    0.025325    -0.020000
    0.026426    -0.020000
    0.027528    -0.020000
    0.028629    -0.020000
    0.029730    -0.020000
    0.030831    -0.020000
    0.031932    -0.020000
    0.033033    -0.020000
    0.034134    -0.020000
    0.035235    -0.020000
    0.036336    -0.020000
    0.037437    -0.020000
    0.038539    -0.020000
    0.039640    -0.020000
    0.040741    -0.020000
    0.041842    -0.020000
    0.042943    -0.020000
    0.044044    -0.020000
    0.045145    -0.020000
    0.046246    -0.020000
    0.047347    -0.020000
    0.048448    -0.020000
    0.049550    -0.020000
    0.050651    -0.020000
    0.051752    -0.020000
    0.052853    -0.020000
    0.053954    -0.020000
    0.055055    -0.020000
    0.056156    -0.020000
    0.057257    -0.020000
    0.058358    -0.020000
    0.059459    -0.020000
    0.060561    -0.020000
    0.061662    -0.020000
    0.062763    -0.020000
    0.063864    -0.020000
    0.064965    -0.020000
    0.066066    -0.020000
    0.067167    -0.020000
    0.068268    -0.020000
    0.069369    -0.020000
    0.070470    -0.020000
    0.071572    -0.020000
    0.072673    -0.020000
    0.073774    -0.020000
    0.074875    -0.020000
    0.075976    -0.020000
    0.077077    -0.020000
    0.078178    -0.020000
    0.079279    -0.020000
    0.080380    -0.020000
    0.081481    -0.020000
    0.082583    -0.020000
    0.083684    -0.020000
    0.084785    -0.020000
    0.085886    -0.020000
    0.086987    -0.020000
    0.088088    -0.020000
    0.089189    -0.020000
    0.090290    -0.020000
    0.091391    -0.020000
    0.092492    -0.020000
    0.093594    -0.020000
    0.094695    -0.020000
    0.095796    -0.020000
    0.096897    -0.020000
    0.097998    -0.020000
    0.099099    -0.020000
    0.100200    -0.020000
    0.101301    -0.020000
    0.102402    -0.020000
    0.103504    -0.020000
    0.104605    -0.020000
    0.105706    -0.020000
    0.106807    -0.020000
    0.107908    -0.020000
    0.109009    -0.020000
    0.110110    -0.020000
    0.111211    -0.020000
    0.112312    -0.020000
    0.113413    -0.020000
    0.114515    -0.020000
    0.115616    -0.020000
    0.116717    -0.020000
    0.117818    -0.020000
    0.118919    -0.020000
    0.120020    -0.020000
    0.121121    -0.020000
    0.122222    -0.020000
    0.123323    -0.020000
    0.124424    -0.020000
    0.125526    -0.020000
    0.126627    -0.020000
    0.127728    -0.020000
    0.128829    -0.020000
    0.129930    -0.020000
    0.131031    -0.020000
    0.132132    -0.020000
    0.133233    -0.020000
    0.134334    -0.020000
    0.135435    -0.020000
    0.136537    -0.020000
    0.137638    -0.020000
    0.138739    -0.020000
    0.139840    -0.020000
    0.140941    -0.020000
    0.142042    -0.020000
    0.143143    -0.020000
    0.144244    -0.020000
    0.145345    -0.020000
    0.146446    -0.020000
    0.147548    -0.020000
    0.148649    -0.020000
    0.149750    -0.020000
    0.150851    -0.020000
    0.151952    -0.020000
    0.153053    -0.020000
    0.154154    -0.020000
    0.155255    -0.020000
    0.156356    -0.020000
    0.157457    -0.020000
    0.158559    -0.020000
    0.159660    -0.020000
    0.160761    -0.020000
    0.161862    -0.020000
    0.162963    -0.020000
    0.164064    -0.020000
    0.165165    -0.020000
    0.166266    -0.020000
    0.167367    -0.020000
    0.168468    -0.020000
    0.169570    -0.020000
    0.170671    -0.020000
    0.171772    -0.020000
    0.172873    -0.020000
    0.173974    -0.020000
    0.175075    -0.020000
    0.176176    -0.020000
    0.177277    -0.020000
    0.178378    -0.020000
    0.179479    -0.020000
    0.180581    -0.020000
    0.181682    -0.020000
    0.182783    -0.020000
    0.183884    -0.020000
    0.184985    -0.020000
    0.186086    -0.020000
    0.187187    -0.020000
    0.188288    -0.020000
    0.189389    -0.020000
    0.190490    -0.020000
    0.191592    -0.020000
    0.192693    -0.020000
    0.193794    -0.020000
    0.194895    -0.020000
    0.195996    -0.020000
    0.197097    -0.020000
    0.198198    -0.020000
    0.199299    -0.020000
    0.200400    -0.020000
    0.201502    -0.020000
    0.202603    -0.020000
    0.203704    -0.020000
    0.204805    -0.020000
    0.205906    -0.020000
    0.207007    -0.020000
    0.208108    -0.020000
    0.209209    -0.020000
    0.210310    -0.020000
    0.211411    -0.020000
    0.212513    -0.020000
    0.213614    -0.020000
    0.214715    -0.020000
    0.215816    -0.020000
    0.216917    -0.020000
    0.218018    -0.020000
    0.219119    -0.020000
    0.220220    -0.020000
    0.221321    -0.020000
    0.222422    -0.020000
    0.223524    -0.020000
    0.224625    -0.020000
    0.225726    -0.020000
    0.226827    -0.020000
    0.227928    -0.020000
    0.229029    -0.020000
    0.230130    -0.020000
    0.231231    -0.020000
    0.232332    -0.020000
    0.233433    -0.020000
    0.234535    -0.020000
    0.235636    -0.020000
    0.236737    -0.020000
    0.237838    -0.020000
    0.238939    -0.020000
    0.240040    -0.020000
    0.241141    -0.020000
    0.242242    -0.020000
    0.243343    -0.020000
    0.244444    -0.020000
    0.245546    -0.020000
    0.246647    -0.020000
    0.247748    -0.020000
    0.248849    -0.020000
    0.249950    -0.020000
    0.251051    -0.020000
    0.252152    -0.020000
    0.253253    -0.020000
    0.254354    -0.020000
    0.255455    -0.020000
    0.256557    -0.020000
    0.257658    -0.020000
    0.258759    -0.020000
    0.259860    -0.020000
    0.260961    -0.020000
    0.262062    -0.020000
    0.263163    -0.020000
    0.264264    -0.020000
    0.265365    -0.020000
    0.266466    -0.020000
    0.267568    -0.020000
    0.268669    -0.020000
    0.269770    -0.020000
    0.270871    -0.020000
    0.271972    -0.020000
    0.273073    -0.020000
    0.274174    -0.020000
    0.275275    -0.020000
    0.276376    -0.020000
    0.277477    -0.020000
    0.278579    -0.020000
    0.279680    -0.020000
    0.280781    -0.020000
    0.281882    -0.020000
    0.282983    -0.020000
    0.284084    -0.020000
    0.285185    -0.020000
    0.286286    -0.020000
    0.287387    -0.020000
    0.288488    -0.020000
    0.289590    -0.020000
    0.290691    -0.020000
    0.291792    -0.020000
    0.292893    -0.020000
    0.293994    -0.020000
    0.295095    -0.020000
    0.296196    -0.020000
    0.297297    -0.020000
    0.298398    -0.020000
    0.299499    -0.020000
    0.300601    -0.020000
    0.301702    -0.020000
    0.302803    -0.020000
    0.303904    -0.020000
    0.305005    -0.020000
    0.306106    -0.020000
    0.307207    -0.020000
    0.308308    -0.020000
    0.309409    -0.020000
    0.310511    -0.020000
    0.311612    -0.020000
    0.312713    -0.020000
    0.313814    -0.020000
    0.314915    -0.020000
    0.316016    -0.020000
    0.317117    -0.020000
    0.318218    -0.020000
    0.319319    -0.020000
    0.320420    -0.020000
    0.321522    -0.020000
    0.322623    -0.020000
    0.323724    -0.020000
    0.324825    -0.020000
    0.325926    -0.020000
    0.327027    -0.020000
    0.328128    -0.020000
    0.329229    -0.020000
    0.330330    -0.020000
    0.331431    -0.020000
    0.332533    -0.020000
    0.333634    -0.020000
    0.334735    -0.020000
    0.335836    -0.020000
    0.336937    -0.020000
    0.338038    -0.020000
    0.339139    -0.020000
    0.340240    -0.020000
    0.341341    -0.020000
    0.342442    -0.020000
    0.343544    -0.020000
    0.344645    -0.020000
    0.345746    -0.020000
    0.346847    -0.020000
    0.347948    -0.020000
    0.349049    -0.020000
    0.350150    -0.020000
    0.351251    -0.020000
    0.352352    -0.020000
    0.353453    -0.020000
    0.354555    -0.020000
    0.355656    -0.020000
    0.356757    -0.020000
    0.357858    -0.020000
    0.358959    -0.020000
    0.360060    -0.020000
    0.361161    -0.020000
    0.362262    -0.020000
    0.363363    -0.020000
    0.364464    -0.020000
    0.365566    -0.020000
    0.366667    -0.020000
    0.367768    -0.020000
    0.368869    -0.020000
    0.369970    -0.020000
    0.371071    -0.020000
    0.372172    -0.020000
    0.373273    -0.020000
    0.374374    -0.020000
    0.375475    -0.020000
    0.376577    -0.020000
    0.377678    -0.020000
    0.378779    -0.020000
    0.379880    -0.020000
    0.380981    -0.020000
    0.382082    -0.020000
    0.383183    -0.020000
    0.384284    -0.020000
    0.385385    -0.020000
    0.386486    -0.020000
    0.387588    -0.020000
    0.388689    -0.020000
    0.389790    -0.020000
    0.390891    -0.020000
    0.391992    -0.020000
    0.393093    -0.020000
    0.394194    -0.020000
    0.395295    -0.020000
    0.396396    -0.020000
    0.397497    -0.020000
    0.398599    -0.020000
    0.399700    -0.020000
    0.400801    -0.020000
    0.401902    -0.020000
    0.403003    -0.020000
    0.404104    -0.020000
    0.405205    -0.020000
    0.406306    -0.020000
    0.407407    -0.020000
    0.408509    -0.020000
    0.409610    -0.020000
    0.410711    -0.020000
    0.411812    -0.020000
    0.412913    -0.020000
    0.414014    -0.020000
    0.415115    -0.020000
    0.416216    -0.020000
    0.417317    -0.020000
    0.418418    -0.020000
    0.419520    -0.020000
    0.420621    -0.020000
    0.421722    -0.020000
    0.422823    -0.020000
    0.423924    -0.020000
    0.425025    -0.020000
    0.426126    -0.020000
    0.427227    -0.020000
    0.428328    -0.020000
    0.429429    -0.020000
    0.430531    -0.020000
    0.431632    -0.020000
    0.432733    -0.020000
    0.433834    -0.020000
    0.434935    -0.020000
    0.436036    -0.020000
    0.437137    -0.020000
    0.438238    -0.020000
    0.439339    -0.020000
    0.440440    -0.020000
    0.441542    -0.020000
    0.442643    -0.020000
    0.443744    -0.020000
    0.444845    -0.020000
    0.445946    -0.020000
    0.447047    -0.020000
    0.448148    -0.020000
    0.449249    -0.020000
    0.450350    -0.020000
    0.451451    -0.020000
    0.452553    -0.020000
    0.453654    -0.020000
    0.454755    -0.020000
    0.455856    -0.020000
    0.456957    -0.020000
    0.458058    -0.020000
    0.459159    -0.020000
    0.460260    -0.020000
    0.461361    -0.019999
    0.462462    -0.019999
    0.463564    -0.019999
    0.464665    -0.019999
    0.465766    -0.019999
    0.466867    -0.019999
    0.467968    -0.019999
    0.469069    -0.019999
    0.470170    -0.019999
    0.471271    -0.019999
    0.472372    -0.019999
    0.473473    -0.019999
    0.474575    -0.019999
    0.475676    -0.019999
    0.476777    -0.019999
    0.477878    -0.019999
    0.478979    -0.019999
    0.480080    -0.019999
    0.481181    -0.019999
    0.482282    -0.019999
    0.483383    -0.019999
    0.484484    -0.019999
    0.485586    -0.019999
    0.486687    -0.019999
    0.487788    -0.019999
    0.488889    -0.019999
    0.489990    -0.019999
    0.491091    -0.019999
    0.492192    -0.019999
    0.493293    -0.019999
    0.494394    -0.019999
    0.495495    -0.019999
    0.496597    -0.019999
    0.497698    -0.019999
    0.498799    -0.019999
    0.499900    -0.019999
    0.501001    -0.019999
    0.502102    -0.019999
    0.503203    -0.019999
    0.504304    -0.019999
    0.505405    -0.019999
    0.506507    -0.019999
    0.507608    -0.019999
    0.508709    -0.019999
    0.509810    -0.019999
    0.510911    -0.019999
    0.512012    -0.019999
    0.513113    -0.019999
    0.514214    -0.019999
    0.515315    -0.019999
    0.516416    -0.019999
    0.517518    -0.019999
    0.518619    -0.019999
    0.519720    -0.019999
    0.520821    -0.019999
    0.521922    -0.019999
    0.523023    -0.019999
    0.524124    -0.019999
    0.525225    -0.019999
    0.526326    -0.019999
    0.527427    -0.019999
    0.528529    -0.019999
    0.529630    -0.019999
    0.530731    -0.019999
    0.531832    -0.019999
    0.532933    -0.019999
    0.534034    -0.019999
    0.535135    -0.019999
    0.536236    -0.019999
    0.537337    -0.019999
    0.538438    -0.019999
    0.539540    -0.019999
    0.540641    -0.019999
    0.541742    -0.019999
    0.542843    -0.019998
    0.543944    -0.019998
    0.545045    -0.019998
    0.546146    -0.019998
    0.547247    -0.019998
    0.548348    -0.019998
    0.549449    -0.019998
    0.550551    -0.019998
    0.551652    -0.019998
    0.552753    -0.019998
    0.553854    -0.019998
    0.554955    -0.019998
    0.556056    -0.019998
    0.557157    -0.019998
    0.558258    -0.019998
    0.559359    -0.019998
    0.560460    -0.019998
    0.561562    -0.019997
    0.562663    -0.019997
    0.563764    -0.019997
    0.564865    -0.019997
    0.565966    -0.019997
    0.567067    -0.019997
    0.568168    -0.019997
    0.569269    -0.019997
    0.570370    -0.019997
    0.571471    -0.019997
    0.572573    -0.019996
    0.573674    -0.019996
    0.574775    -0.019996
    0.575876    -0.019996
    0.576977    -0.019996
    0.578078    -0.019996
    0.579179    -0.019996
    0.580280    -0.019995
    0.581381    -0.019995
    0.582482    -0.019995
    0.583584    -0.019995
    0.584685    -0.019995
    0.585786    -0.019994
    0.586887    -0.019994
    0.587988    -0.019994
    0.589089    -0.019994
    0.590190    -0.019993
    0.591291    -0.019993
    0.592392    -0.019993
    0.593493    -0.019993
    0.594595    -0.019992
    0.595696    -0.019992
    0.596797    -0.019992
    0.597898    -0.019991
    0.598999    -0.019991
    0.600100    -0.019991
    0.601201    -0.019990
    0.602302    -0.019990
    0.603403    -0.019989
    0.604505    -0.019989
    0.605606    -0.019989
    0.606707    -0.019988
    0.607808    -0.019988
    0.608909    -0.019987
    0.610010    -0.019987
    0.611111    -0.019986
    0.612212    -0.019985
    0.613313    -0.019985
    0.614414    -0.019984
    0.615516    -0.019984
    0.616617    -0.019983
    0.617718    -0.019982
    0.618819    -0.019981
    0.619920    -0.019981
    0.621021    -0.019980
    0.622122    -0.019979
    0.623223    -0.019978
    0.624324    -0.019977
    0.625425    -0.019976
    0.626527    -0.019975
    0.627628    -0.019974
    0.628729    -0.019973
    0.629830    -0.019972
    0.630931    -0.019971
    0.632032    -0.019970
    0.633133    -0.019968
    0.634234    -0.019967
    0.635335    -0.019966
    0.636436    -0.019964
    0.637538    -0.019963
    0.638639    -0.019961
    0.639740    -0.019959
    0.640841    -0.019958
    0.641942    -0.019956
    0.643043    -0.019954
    0.644144    -0.019952
    0.645245    -0.019950
    0.646346    -0.019948
    0.647447    -0.019946
    0.648549    -0.019943
    0.649650    -0.019941
    0.650751    -0.019939
    0.651852    -0.019936
    0.652953    -0.019933
    0.654054    -0.019930
    0.655155    -0.019928
    0.656256    -0.019925
    0.657357    -0.019921
    0.658458    -0.019918
    0.659560    -0.019915
    0.660661    -0.019911
    0.661762    -0.019907
    0.662863    -0.019904
    0.663964    -0.019900
    0.665065    -0.019895
    0.666166    -0.019891
    0.667267    -0.019886
    0.668368    -0.019882
    0.669469    -0.019877
    0.670571    -0.019872
    0.671672    -0.019867
    0.672773    -0.019861
    0.673874    -0.019855
    0.674975    -0.019849
    0.676076    -0.019843
    0.677177    -0.019837
    0.678278    -0.019830
    0.679379    -0.019823
    0.680480    -0.019816
    0.681582    -0.019809
    0.682683    -0.019801
    0.683784    -0.019793
    0.684885    -0.019785
    0.685986    -0.019776
    0.687087    -0.019767
    0.688188    -0.019758
    0.689289    -0.019749
    0.690390    -0.019739
    0.691491    -0.019728
    0.692593    -0.019718
    0.693694    -0.019707
    0.694795    -0.019695
    0.695896    -0.019684
    0.696997    -0.019671
    0.698098    -0.019659
    0.699199    -0.019646
    0.700300    -0.019632
    0.701401    -0.019618
    0.702503    -0.019604
    0.703604    -0.019589
    0.704705    -0.019574
    0.705806    -0.019558
    0.706907    -0.019542
    0.708008    -0.019525
    0.709109    -0.019508
    0.710210    -0.019490
    0.711311    -0.019471
    0.712412    -0.019452
    0.713514    -0.019433
    0.714615    -0.019413
    0.715716    -0.019392
    0.716817    -0.019371
    0.717918    -0.019349
    0.719019    -0.019327
    0.720120    -0.019304
    0.721221    -0.019280
    0.722322    -0.019256
    0.723423    -0.019231
    0.724525    -0.019205
    0.725626    -0.019179
    0.726727    -0.019152
    0.727828    -0.019125
    0.728929    -0.019097
    0.730030    -0.019068
    0.731131    -0.019038
    0.732232    -0.019008
    0.733333    -0.018977
    0.734434    -0.018946
    0.735536    -0.018914
    0.736637    -0.018881
    0.737738    -0.018847
    0.738839    -0.018813
    0.739940    -0.018778
    0.741041    -0.018742
    0.742142    -0.018706
    0.743243    -0.018669
    0.744344    -0.018631
    0.745445    -0.018592
    0.746547    -0.018553
    0.747648    -0.018513
    0.748749    -0.018473
    0.749850    -0.018432
    0.750951    -0.018390
    0.752052    -0.018347
    0.753153    -0.018304
    0.754254    -0.018260
    0.755355    -0.018215
    0.756456    -0.018170
    0.757558    -0.018124
    0.758659    -0.018078
    0.759760    -0.018030
    0.760861    -0.017982
    0.761962    -0.017934
    0.763063    -0.017885
    0.764164    -0.017835
    0.765265    -0.017784
    0.766366    -0.017733
    0.767467    -0.017681
    0.768569    -0.017629
    0.769670    -0.017576
    0.770771    -0.017522
    0.771872    -0.017468
    0.772973    -0.017413
    0.774074    -0.017358
    0.775175    -0.017302
    0.776276    -0.017246
    0.777377    -0.017189
    0.778478    -0.017131
    0.779580    -0.017073
    0.780681    -0.017014
    0.781782    -0.016955
    0.782883    -0.016895
    0.783984    -0.016835
    0.785085    -0.016774
    0.786186    -0.016712
    0.787287    -0.016651
    0.788388    -0.016588
    0.789489    -0.016525
    0.790591    -0.016462
    0.791692    -0.016398
    0.792793    -0.016334
    0.793894    -0.016269
    0.794995    -0.016204
    0.796096    -0.016138
    0.797197    -0.016072
    0.798298    -0.016005
    0.799399    -0.015938
    0.800501    -0.015871
    0.801602    -0.015803
    0.802703    -0.015734
    0.803804    -0.015666
    0.804905    -0.015596
    0.806006    -0.015527
    0.807107    -0.015457
    0.808208    -0.015386
    0.809309    -0.015316
    0.810410    -0.015245
    0.811512    -0.015173
    0.812613    -0.015101
    0.813714    -0.015029
    0.814815    -0.014956
    0.815916    -0.014883
    0.817017    -0.014810
    0.818118    -0.014736
    0.819219    -0.014662
    0.820320    -0.014588
    0.821421    -0.014513
    0.822523    -0.014438
    0.823624    -0.014363
    0.824725    -0.014287
    0.825826    -0.014211
    0.826927    -0.014135
    0.828028    -0.014059
    0.829129    -0.013982
    0.830230    -0.013905
    0.831331    -0.013827
    0.832432    -0.013749
    0.833534    -0.013671
    0.834635    -0.013593
    0.835736    -0.013514
    0.836837    -0.013436
    0.837938    -0.013356
    0.839039    -0.013277
    0.840140    -0.013197
    0.841241    -0.013118
    0.842342    -0.013037
    0.843443    -0.012957
    0.844545    -0.012876
    0.845646    -0.012795
    0.846747    -0.012714
    0.847848    -0.012633
    0.848949    -0.012551
    0.850050    -0.012469
    0.851151    -0.012387
    0.852252    -0.012305
    0.853353    -0.012222
    0.854454    -0.012140
    0.855556    -0.012057
    0.856657    -0.011974
    0.857758    -0.011890
    0.858859    -0.011807
    0.859960    -0.011723
    0.861061    -0.011639
    0.862162    -0.011555
    0.863263    -0.011470
    0.864364    -0.011386
    0.865465    -0.011301
    0.866567    -0.011216
    0.867668    -0.011131
    0.868769    -0.011045
    0.869870    -0.010960
    0.870971    -0.010874
    0.872072    -0.010788
    0.873173    -0.010702
    0.874274    -0.010616
    0.875375    -0.010530
    0.876476    -0.010443
    0.877578    -0.010356
    0.878679    -0.010269
    0.879780    -0.010182
    0.880881    -0.010095
    0.881982    -0.010008
    0.883083    -0.009920
    0.884184    -0.009832
    0.885285    -0.009744
    0.886386    -0.009656
    0.887487    -0.009568
    0.888589    -0.009480
    0.889690    -0.009391
    0.890791    -0.009303
    0.891892    -0.009214
    0.892993    -0.009125
    0.894094    -0.009036
    0.895195    -0.008947
    0.896296    -0.008858
    0.897397    -0.008768
    0.898498    -0.008679
    0.899600    -0.008589
    0.900701    -0.008499
    0.901802    -0.008409
    0.902903    -0.008319
    0.904004    -0.008229
    0.905105    -0.008139
    0.906206    -0.008048
    0.907307    -0.007958
    0.908408    -0.007867
    0.909510    -0.007776
    0.910611    -0.007685
    0.911712    -0.007594
    0.912813    -0.007503
    0.913914    -0.007412
    0.915015    -0.007320
    0.916116    -0.007229
    0.917217    -0.007137
    0.918318    -0.007045
    0.919419    -0.006953
    0.920521    -0.006861
    0.921622    -0.006769
    0.922723    -0.006677
    0.923824    -0.006585
    0.924925    -0.006493
    0.926026    -0.006400
    0.927127    -0.006308
    0.928228    -0.006215
    0.929329    -0.006122
    0.930430    -0.006029
    0.931532    -0.005936
    0.932633    -0.005843
    0.933734    -0.005750
    0.934835    -0.005657
    0.935936    -0.005564
    0.937037    -0.005470
    0.938138    -0.005377
    0.939239    -0.005283
    0.940340    -0.005189
    0.941441    -0.005095
    0.942543    -0.005002
    0.943644    -0.004908
    0.944745    -0.004814
    0.945846    -0.004719
    0.946947    -0.004625
    0.948048    -0.004531
    0.949149    -0.004437
    0.950250    -0.004342
    0.951351    -0.004248
    0.952452    -0.004153
    0.953554    -0.004058
    0.954655    -0.003963
    0.955756    -0.003869
    0.956857    -0.003774
    0.957958    -0.003679
    0.959059    -0.003584
    0.960160    -0.003488
    0.961261    -0.003393
    0.962362    -0.003298
    0.963463    -0.003202
    0.964565    -0.003107
    0.965666    -0.003011
    0.966767    -0.002916
    0.967868    -0.002820
    0.968969    -0.002724
    0.970070    -0.002629
    0.971171    -0.002533
    0.972272    -0.002437
    0.973373    -0.002341
    0.974474    -0.002245
    0.975576    -0.002149
    0.976677    -0.002052
    0.977778    -0.001956
    0.978879    -0.001860
    0.979980    -0.001763
    0.981081    -0.001667
    0.982182    -0.001570
    0.983283    -0.001474
    0.984384    -0.001377
    0.985485    -0.001280
    0.986587    -0.001184
    0.987688    -0.001087
    0.988789    -0.000990
    0.989890    -0.000893
    0.990991    -0.000796
    0.992092    -0.000699
    0.993193    -0.000602
    0.994294    -0.000505
    0.995395    -0.000407
    0.996496    -0.000310
    0.997598    -0.000213
    0.998699    -0.000115
    0.999800    -0.000018
    1.000901     0.000080
    1.002002     0.000177
    1.003103     0.000275
    1.004204     0.000373
    1.005305     0.000470
    1.006406     0.000568
    1.007508     0.000666
    1.008609     0.000764
    1.009710     0.000862
    1.010811     0.000960
    1.011912     0.001058
    1.013013     0.001156
    1.014114     0.001254
    1.015215     0.001352
    1.016316     0.001451
    1.017417     0.001549
    1.018519     0.001647
    1.019620     0.001746
    1.020721     0.001844
    1.021822     0.001943
    1.022923     0.002041
    1.024024     0.002140
    1.025125     0.002238
    1.026226     0.002337
    1.027327     0.002436
    1.028428     0.002534
    1.029530     0.002633
    1.030631     0.002732
    1.031732     0.002831
    1.032833     0.002930
    1.033934     0.003029
    1.035035     0.003128
    1.036136     0.003227
    1.037237     0.003326
    1.038338     0.003425
    1.039439     0.003524
    1.040541     0.003624
    1.041642     0.003723
    1.042743     0.003822
    1.043844     0.003921
    1.044945     0.004021
    1.046046     0.004120
    1.047147     0.004220
    1.048248     0.004319
    1.049349     0.004419
    1.050450     0.004518
    1.051552     0.004618
    1.052653     0.004718
    1.053754     0.004817
    1.054855     0.004917
    1.055956     0.005017
    1.057057     0.005117
    1.058158     0.005217
    1.059259     0.005316
    1.060360     0.005416
    1.061461     0.005516
    1.062563     0.005616
    1.063664     0.005716
    1.064765     0.005816
    1.065866     0.005917
    1.066967     0.006017
    1.068068     0.006117
    1.069169     0.006217
    1.070270     0.006317
    1.071371     0.006418
    1.072472     0.006518
    1.073574     0.006618
    1.074675     0.006719
    1.075776     0.006819
    1.076877     0.006919
    1.077978     0.007020
    1.079079     0.007120
    1.080180     0.007221
    1.081281     0.007322
    1.082382     0.007422
    1.083483     0.007523
    1.084585     0.007623
    1.085686     0.007724
    1.086787     0.007825
    1.087888     0.007926
    1.088989     0.008026
    1.090090     0.008127
    1.091191     0.008228
    1.092292     0.008329
    1.093393     0.008430
    1.094494     0.008531
    1.095596     0.008632
    1.096697     0.008733
    1.097798     0.008834
    1.098899     0.008935
    1.100000     0.009036
