    0.000000    -0.020000
    0.001101    -0.020000
    0.002202    -0.020000
    0.003303    -0.020000
    0.004404    -0.020000
    0.005506    -0.020000
    0.006607    -0.020000
    0.007708    -0.020000
    0.008809    -0.020000
    0.009910    -0.020000
    0.011011    -0.020000
    0.012112    -0.020000
    0.013213    -0.020000
    0.014314    -0.020000
    0.015415    -0.020000
    0.016517    -0.020000
    0.017618    -0.020000
    0.018719    -0.020000
    0.019820    -0.020000
    0.020921    -0.020000
    0.022022    -0.020000
    0.023123    -0.020000
    0.024224    -0.020000
    0.025325    -0.020000
    0.026426    -0.020000
    0.027528    -0.020000
    0.028629    -0.020000
    0.029730    -0.020000
    0.030831    -0.020000
    0.031932    -0.020000
    0.033033    -0.020000
    0.034134    -0.020000
    0.035235    -0.020000
    0.036336    -0.020000
    0.037437    -0.020000
    0.038539    -0.020000
    0.039640    -0.020000
    0.040741    -0.020000
    0.041842    -0.020000
    0.042943    -0.020000
    0.044044    -0.020000
    0.045145    -0.020000
    0.046246    -0.020000
    0.047347    -0.020000
    0.048448    -0.020000
    0.049550    -0.020000
    0.050651    -0.020000
    0.051752    -0.020000
    0.052853    -0.020000
    0.053954    -0.020000
    0.055055    -0.020000
    0.056156    -0.020000
    0.057257    -0.020000
    0.058358    -0.020000
    0.059459    -0.020000
    0.060561    -0.020000
    0.061662    -0.020000
    0.062763    -0.020000
    0.063864    -0.020000
    0.064965    -0.020000
    0.066066    -0.020000
    0.067167    -0.020000
    0.068268    -0.020000
    0.069369    -0.020000
    0.070470    -0.020000
    0.071572    -0.020000
    0.072673    -0.020000
    0.073774    -0.020000
    0.074875    -0.020000
    0.075976    -0.020000
    0.077077    -0.020000
    0.078178    -0.020000
    0.079279    -0.020000
    0.080380    -0.020000
    0.081481    -0.020000
    0.082583    -0.020000
    0.083684    -0.020000
    0.084785    -0.020000
    0.085886    -0.020000
    0.086987    -0.020000
    0.088088    -0.020000
    0.089189    -0.020000
    0.090290    -0.020000
    0.091391    -0.020000
    0.092492    -0.020000
    0.093594    -0.020000
    0.094695    -0.020000
    0.095796    -0.020000
    0.096897    -0.020000
    0.097998    -0.020000
    0.099099    -0.020000
    0.100200    -0.020000
    0.101301    -0.020000
    0.102402    -0.020000
    0.103504    -0.020000
    0.104605    -0.020000
    0.105706    -0.020000
    0.106807    -0.020000
    0.107908    -0.020000
    0.109009    -0.020000
    0.110110    -0.020000
    0.111211    -0.020000
    0.112312    -0.020000
    0.113413    -0.020000
    0.114515    -0.020000
    0.115616    -0.020000
    0.116717    -0.020000
    0.117818    -0.020000
    0.118919    -0.020000
    0.120020    -0.020000
    0.121121    -0.020000
    0.122222    -0.020000
    0.123323    -0.020000
    0.124424    -0.020000
    0.125526    -0.020000
    0.126627    -0.020000
    0.127728    -0.020000
    0.128829    -0.020000
    0.129930    -0.020000
    0.131031    -0.020000
    0.132132    -0.020000
    0.133233    -0.020000
    0.134334    -0.020000
    0.135435    -0.020000
    0.136537    -0.020000
    0.137638    -0.020000
    0.138739    -0.020000
    0.139840    -0.020000
    0.140941    -0.020000
    0.142042    -0.020000
    0.143143    -0.020000
    0.144244    -0.020000
    0.145345    -0.020000
    0.146446    -0.020000
    0.147548    -0.020000
    0.148649    -0.020000
    0.149750    -0.020000
    0.150851    -0.020000
    0.151952    -0.020000
    0.153053    -0.020000
    0.154154    -0.020000
    0.155255    -0.020000
    0.156356    -0.020000
    0.157457    -0.020000
    0.158559    -0.020000
    0.159660    -0.020000
    0.160761    -0.020000
    0.161862    -0.020000
    0.162963    -0.020000
    0.164064    -0.020000
    0.165165    -0.020000
    0.166266    -0.020000
    0.167367    -0.020000
    0.168468    -0.020000
    0.169570    -0.020000
    0.170671    -0.020000
    0.171772    -0.020000
    0.172873    -0.020000
    0.173974    -0.020000
    0.175075    -0.020000
    0.176176    -0.020000
    0.177277    -0.020000
    0.178378    -0.020000
    0.179479    -0.020000
    0.180581    -0.020000
    0.181682    -0.020000
    0.182783    -0.020000
    0.183884    -0.020000
    0.184985    -0.020000
    0.186086    -0.020000
    0.187187    -0.020000
    0.188288    -0.020000
    0.189389    -0.020000
    0.190490    -0.020000
    0.191592    -0.020000
    0.192693    -0.020000
    0.193794    -0.020000
    0.194895    -0.020000
    0.195996    -0.020000
    0.197097    -0.020000
    0.198198    -0.020000
    0.199299    -0.020000
    0.200400    -0.020000
    0.201502    -0.020000
    0.202603    -0.020000
    0.203704    -0.020000
    0.204805    -0.020000
    0.205906    -0.020000
    0.207007    -0.020000
    0.208108    -0.020000
    0.209209    -0.020000
    0.210310    -0.020000
    0.211411    -0.020000
    0.212513    -0.020000
    0.213614    -0.020000
    0.214715    -0.020000
    0.215816    -0.020000
    0.216917    -0.020000
    0.218018    -0.020000
    0.219119    -0.020000
    0.220220    -0.020000
    0.221321    -0.020000
    0.222422    -0.020000
    0.223524    -0.020000
    0.224625    -0.020000
    0.225726    -0.020000
    0.226827    -0.020000
    0.227928    -0.020000
    0.229029    -0.020000
    0.230130    -0.020000
    0.231231    -0.020000
    0.232332    -0.020000
    0.233433    -0.020000
    0.234535    -0.020000
    0.235636    -0.020000
    0.236737    -0.020000
    0.237838    -0.020000
    0.238939    -0.020000
    0.240040    -0.020000
    0.241141    -0.020000
    0.242242    -0.020000
    0.243343    -0.020000
    0.244444    -0.020000
    0.245546    -0.020000
    0.246647    -0.020000
    0.247748    -0.020000
    0.248849    -0.020000
    0.249950    -0.020000
    0.251051    -0.020000
    0.252152    -0.020000
    0.253253    -0.020000
    0.254354    -0.020000
    0.255455    -0.020000
    0.256557    -0.020000
    0.257658    -0.020000
    0.258759    -0.020000
    0.259860    -0.020000
    0.260961    -0.020000
    0.262062    -0.020000
    0.263163    -0.020000
    0.264264    -0.020000
    0.265365    -0.020000
    0.266466    -0.020000
    0.267568    -0.020000
    0.268669    -0.020000
    0.269770    -0.020000
    0.270871    -0.020000
    0.271972    -0.020000
    0.273073    -0.020000
    0.274174    -0.020000
    0.275275    -0.020000
    0.276376    -0.020000
    0.277477    -0.020000
    0.278579    -0.020000
    0.279680    -0.020000
    0.280781    -0.020000
    0.281882    -0.020000
    0.282983    -0.020000
    0.284084    -0.020000
    0.285185    -0.020000
    0.286286    -0.020000
    0.287387    -0.020000
    0.288488    -0.020000
    0.289590    -0.020000
    0.290691    -0.020000
    0.291792    -0.020000
    0.292893    -0.020000
    0.293994    -0.020000
    0.295095    -0.020000
    0.296196    -0.020000
    0.297297    -0.020000
    0.298398    -0.020000
    0.299499    -0.020000
    0.300601    -0.020000
    0.301702    -0.020000
    0.302803    -0.019999
    0.303904    -0.019999
    0.305005    -0.019999
    0.306106    -0.019999
    0.307207    -0.019999
    0.308308    -0.019999
    0.309409    -0.019999
    0.310511    -0.019999
    0.311612    -0.019999
    0.312713    -0.019999
    0.313814    -0.019999
    0.314915    -0.019999
    0.316016    -0.019999
    0.317117    -0.019999
    0.318218    -0.019999
    0.319319    -0.019999
    0.320420    -0.019999
    0.321522    -0.019999
    0.322623    -0.019999
    0.323724    -0.019999
    0.324825    -0.019999
    0.325926    -0.019999
    0.327027    -0.019999
    0.328128    -0.019999
    0.329229    -0.019999
    0.330330    -0.019999
    0.331431    -0.019999
    0.332533    -0.019999
    0.333634    -0.019999
    0.334735    -0.019999
    0.335836    -0.019999
    0.336937    -0.019999
    0.338038    -0.019999
    0.339139    -0.019999
    0.340240    -0.019999
    0.341341    -0.019999
    0.342442    -0.019999
    0.343544    -0.019999
    0.344645    -0.019999
    0.345746    -0.019999
    0.346847    -0.019999
    0.347948    -0.019998
    0.349049    -0.019998
    0.350150    -0.019998
    0.351251    -0.019998
    0.352352    -0.019998
    0.353453    -0.019998
    0.354555    -0.019998
    0.355656    -0.019998
    0.356757    -0.019998
    0.357858    -0.019998
    0.358959    -0.019998
    0.360060    -0.019998
    0.361161    -0.019998
    0.362262    -0.019998
    0.363363    -0.019998
    0.364464    -0.019997
    0.365566    -0.019997
    0.366667    -0.019997
    0.367768    -0.019997
    0.368869    -0.019997
    0.369970    -0.019997
    0.371071    -0.019997
    0.372172    -0.019997
    0.373273    -0.019997
    0.374374    -0.019996
    0.375475    -0.019996
    0.376577    -0.019996
    0.377678    -0.019996
    0.378779    -0.019996
    0.379880    -0.019996
    0.380981    -0.019995
    0.382082    -0.019995
    0.383183    -0.019995
    0.384284    -0.019995
    0.385385    -0.019995
    0.386486    -0.019994
    0.387588    -0.019994
    0.388689    -0.019994
    0.389790    -0.019994
    0.390891    -0.019993
    0.391992    -0.019993
    0.393093    -0.019993
    0.394194    -0.019993
    0.395295    -0.019992
    0.396396    -0.019992
    0.397497    -0.019992
    0.398599    -0.019991
    0.399700    -0.019991
    0.400801    -0.019991
    0.401902    -0.019990
    0.403003    -0.019990
    0.404104    -0.019989
    0.405205    -0.019989
    0.406306    -0.019989
    0.407407    -0.019988
    0.408509    -0.019988
    0.409610    -0.019987
    0.410711    -0.019986
    0.411812    -0.019986
    0.412913    -0.019985
    0.414014    -0.019985
    0.415115    -0.019984
    0.416216    -0.019983
    0.417317    -0.019983
    0.418418    -0.019982
    0.419520    -0.019981
    0.420621    -0.019980
    0.421722    -0.019980
    0.422823    -0.019979
    0.423924    -0.019978
    0.425025    -0.019977
    0.426126    -0.019976
    0.427227    -0.019975
    0.428328    -0.019974
    0.429429    -0.019973
    0.430531    -0.019972
    0.431632    -0.019971
    0.432733    -0.019969
    0.433834    -0.019968
    0.434935    -0.019967
    0.436036    -0.019965
    0.437137    -0.019964
    0.438238    -0.019962
    0.439339    -0.019961
    0.440440    -0.019959
    0.441542    -0.019957
    0.442643    -0.019956
    0.443744    -0.019954
    0.444845    -0.019952
    0.445946    -0.019950
    0.447047    -0.019948
    0.448148    -0.019946
    0.449249    -0.019943
    0.450350    -0.019941
    0.451451    -0.019939
    0.452553    -0.019936
    0.453654    -0.019933
    0.454755    -0.019931
    0.455856    -0.019928
    0.456957    -0.019925
    0.458058    -0.019922
    0.459159    -0.019919
    0.460260    -0.019915
    0.461361    -0.019912
    0.462462    -0.019908
    0.463564    -0.019905
    0.464665    -0.019901
    0.465766    -0.019897
    0.466867    -0.019893
    0.467968    -0.019888
    0.469069    -0.019884
    0.470170    -0.019879
    0.471271    -0.019875
    0.472372    -0.019870
    0.473473    -0.019865
    0.474575    -0.019859
    0.475676    -0.019854
    0.476777    -0.019848
    0.477878    -0.019842
    0.478979    -0.019836
    0.480080    -0.019830
    0.481181    -0.019823
    0.482282    -0.019817
    0.483383    -0.019810
    0.484484    -0.019803
    0.485586    -0.019795
    0.486687    -0.019788
    0.487788    -0.019780
    0.488889    -0.019772
    0.489990    -0.019763
    0.491091    -0.019754
    0.492192    -0.019746
    0.493293    -0.019736
    0.494394    -0.019727
    0.495495    -0.019717
    0.496597    -0.019707
    0.497698    -0.019697
    0.498799    -0.019686
    0.499900    -0.019675
    0.501001    -0.019664
    0.502102    -0.019653
    0.503203    -0.019641
    0.504304    -0.019629
    0.505405    -0.019616
    0.506507    -0.019604
    0.507608    -0.019591
    0.508709    -0.019577
    0.509810    -0.019564
    0.510911    -0.019549
    0.512012    -0.019535
    0.513113    -0.019520
    0.514214    -0.019505
    0.515315    -0.019490
    0.516416    -0.019474
    0.517518    -0.019458
    0.518619    -0.019442
    0.519720    -0.019425
    0.520821    -0.019408
    0.521922    -0.019390
    0.523023    -0.019373
    0.524124    -0.019354
    0.525225    -0.019336
    0.526326    -0.019317
    0.527427    -0.019298
    0.528529    -0.019278
    0.529630    -0.019258
    0.530731    -0.019238
    0.531832    -0.019218
    0.532933    -0.019197
    0.534034    -0.019175
    0.535135    -0.019154
    0.536236    -0.019132
    0.537337    -0.019110
    0.538438    -0.019087
    0.539540    -0.019064
    0.540641    -0.019041
    0.541742    -0.019017
    0.542843    -0.018993
    0.543944    -0.018969
    0.545045    -0.018944
    0.546146    -0.018919
    0.547247    -0.018894
    0.548348    -0.018869
    0.549449    -0.018843
    0.550551    -0.018817
    0.551652    -0.018790
    0.552753    -0.018763
    0.553854    -0.018736
    0.554955    -0.018709
    0.556056    -0.018681
    0.557157    -0.018653
    0.558258    -0.018625
    0.559359    -0.018597
    0.560460    -0.018568
    0.561562    -0.018539
    0.562663    -0.018510
    0.563764    -0.018480
    0.564865    -0.018450
    0.565966    -0.018420
    0.567067    -0.018389
    0.568168    -0.018359
    0.569269    -0.018328
    0.570370    -0.018297
    0.571471    -0.018265
    0.572573    -0.018234
    0.573674    -0.018202
    0.574775    -0.018170
    0.575876    -0.018137
    0.576977    -0.018105
    0.578078    -0.018072
    0.579179    -0.018039
    0.580280    -0.018005
    0.581381    -0.017972
    0.582482    -0.017938
    0.583584    -0.017904
    0.584685    -0.017870
    0.585786    -0.017836
    0.586887    -0.017801
    0.587988    -0.017766
    0.589089    -0.017731
    0.590190    -0.017696
    0.591291    -0.017661
    0.592392    -0.017625
    0.593493    -0.017590
    0.594595    -0.017554
    0.595696    -0.017518
    0.596797    -0.017481
    0.597898    -0.017445
    0.598999    -0.017408
    0.600100    -0.017371
    0.601201    -0.017334
    0.602302    -0.017297
    0.603403    -0.017260
    0.604505    -0.017222
    0.605606    -0.017185
    0.606707    -0.017147
    0.607808    -0.017109
    0.608909    -0.017071
    0.610010    -0.017033
    0.611111    -0.016994
    0.612212    -0.016956
    0.613313    -0.016917
    0.614414    -0.016878
    0.615516    -0.016839
    0.616617    -0.016800
    0.617718    -0.016761
    0.618819    -0.016721
    0.619920    -0.016682
    0.621021    -0.016642
    0.622122    -0.016602
    0.623223    -0.016562
    0.624324    -0.016522
    0.625425    -0.016482
    0.626527    -0.016442
    0.627628    -0.016401
    0.628729    -0.016361
    0.629830    -0.016320
    0.630931    -0.016279
    0.632032    -0.016238
    0.633133    -0.016197
    0.634234    -0.016156
    0.635335    -0.016115
    0.636436    -0.016073
    0.637538    -0.016032
    0.638639    -0.015990
    0.639740    -0.015949
    0.640841    -0.015907
    0.641942    -0.015865
    0.643043    -0.015823
    0.644144    -0.015781
    0.645245    -0.015739
    0.646346    -0.015696
    0.647447    -0.015654
    0.648549    -0.015612
    0.649650    -0.015569
    0.650751    -0.015526
    0.651852    -0.015484
    0.652953    -0.015441
    0.654054    -0.015398
    0.655155    -0.015355
    0.656256    -0.015312
    0.657357    -0.015268
    0.658458    -0.015225
    0.659560    -0.015182
    0.660661    -0.015138
    0.661762    -0.015095
    0.662863    -0.015051
    0.663964    -0.015008
    0.665065    -0.014964
    0.666166    -0.014920
    0.667267    -0.014876
    0.668368    -0.014832
    0.669469    -0.014788
    0.670571    -0.014744
    0.671672    -0.014700
    0.672773    -0.014655
    0.673874    -0.014611
    0.674975    -0.014566
    0.676076    -0.014522
    0.677177    -0.014477
    0.678278    -0.014433
    0.679379    -0.014388
    0.680480    -0.014343
    0.681582    -0.014298
    0.682683    -0.014253
    0.683784    -0.014209
    0.684885    -0.014163
    0.685986    -0.014118
    0.687087    -0.014073
    0.688188    -0.014028
    0.689289    -0.013983
    0.690390    -0.013937
    0.691491    -0.013892
    0.692593    -0.013846
    0.693694    -0.013801
    0.694795    -0.013755
    0.695896    -0.013710
    0.696997    -0.013664
    0.698098    -0.013618
    0.699199    -0.013572
    0.700300    -0.013527
    0.701401    -0.013481
    0.702503    -0.013435
    0.703604    -0.013389
    0.704705    -0.013343
    0.705806    -0.013296
    0.706907    -0.013250
    0.708008    -0.013204
    0.709109    -0.013158
    0.710210    -0.013111
    0.711311    -0.013065
    0.712412    -0.013019
    0.713514    -0.012972
    0.714615    -0.012926
    0.715716    -0.012879
    0.716817    -0.012832
    0.717918    -0.012786
    0.719019    -0.012739
    0.720120    -0.012692
    0.721221    -0.012646
    0.722322    -0.012599
    0.723423    -0.012552
    0.724525    -0.012505
    0.725626    -0.012458
    0.726727    -0.012411
    0.727828    -0.012364
    0.728929    -0.012317
    0.730030    -0.012270
    0.731131    -0.012222
    0.732232    -0.012175
    0.733333    -0.012128
    0.734434    -0.012081
    0.735536    -0.012033
    0.736637    -0.011986
    0.737738    -0.011938
    0.738839    -0.011891
    0.739940    -0.011843
    0.741041    -0.011796
    0.742142    -0.011748
    0.743243    -0.011701
    0.744344    -0.011653
    0.745445    -0.011605
    0.746547    -0.011558
    0.747648    -0.011510
    0.748749    -0.011462
    0.749850    -0.011414
    0.750951    -0.011366
    0.752052    -0.011318
    0.753153    -0.011271
    0.754254    -0.011223
    0.755355    -0.011175
    0.756456    -0.011127
    0.757558    -0.011078
    0.758659    -0.011030
    0.759760    -0.010982
    0.760861    -0.010934
    0.761962    -0.010886
    0.763063    -0.010838
    0.764164    -0.010789
    0.765265    -0.010741
    0.766366    -0.010693
    0.767467    -0.010644
    0.768569    -0.010596
    0.769670    -0.010548
    0.770771    -0.010499
    0.771872    -0.010451
    0.772973    -0.010402
    0.774074    -0.010354
    0.775175    -0.010305
    0.776276    -0.010256
    0.777377    -0.010208
    0.778478    -0.010159
    0.779580    -0.010111
    0.780681    -0.010062
    0.781782    -0.010013
    0.782883    -0.009964
    0.783984    -0.009916
    0.785085    -0.009867
    0.786186    -0.009818
    0.787287    -0.009769
    0.788388    -0.009720
    0.789489    -0.009671
    0.790591    -0.009622
    0.791692    -0.009573
    0.792793    -0.009524
    0.793894    -0.009475
    0.794995    -0.009426
    0.796096    -0.009377
    0.797197    -0.009328
    0.798298    -0.009279
    0.799399    -0.009230
    0.800501    -0.009181
    0.801602    -0.009131
    0.802703    -0.009082
    0.803804    -0.009033
    0.804905    -0.008984
    0.806006    -0.008934
    0.807107    -0.008885
    0.808208    -0.008836
    0.809309    -0.008786
    0.810410    -0.008737
    0.811512    -0.008688
    0.812613    -0.008638
    0.813714    -0.008589
    0.814815    -0.008539
    0.815916    -0.008490
    0.817017    -0.008440
    0.818118    -0.008391
    0.819219    -0.008341
    0.820320    -0.008292
    0.821421    -0.008242
    0.822523    -0.008193
    0.823624    -0.008143
    0.824725    -0.008093
    0.825826    -0.008044
    0.826927    -0.007994
    0.828028    -0.007944
    0.829129    -0.007894
    0.830230    -0.007845
    0.831331    -0.007795
    0.832432    -0.007745
    0.833534    -0.007695
    0.834635    -0.007645
    0.835736    -0.007596
    0.836837    -0.007546
    0.837938    -0.007496
    0.839039    -0.007446
    0.840140    -0.007396
    0.841241    -0.007346
    0.842342    -0.007296
    0.843443    -0.007246
    0.844545    -0.007196
    0.845646    -0.007146
    0.846747    -0.007096
    0.847848    -0.007046
    0.848949    -0.006996
    0.850050    -0.006946
    0.851151    -0.006896
    0.852252    -0.006846
    0.853353    -0.006796
    0.854454    -0.006745
    0.855556    -0.006695
    0.856657    -0.006645
    0.857758    -0.006595
    0.858859    -0.006545
    0.859960    -0.006494
    0.861061    -0.006444
    0.862162    -0.006394
    0.863263    -0.006344
    0.864364    -0.006293
    0.865465    -0.006243
    0.866567    -0.006193
    0.867668    -0.006142
    0.868769    -0.006092
    0.869870    -0.006042
    0.870971    -0.005991
    0.872072    -0.005941
    0.873173    -0.005890
    0.874274    -0.005840
    0.875375    -0.005789
    0.876476    -0.005739
    0.877578    -0.005688
    0.878679    -0.005638
    0.879780    -0.005587
    0.880881    -0.005537
    0.881982    -0.005486
    0.883083    -0.005436
    0.884184    -0.005385
    0.885285    -0.005335
    0.886386    -0.005284
    0.887487    -0.005233
    0.888589    -0.005183
    0.889690    -0.005132
    0.890791    -0.005081
    0.891892    -0.005031
    0.892993    -0.004980
    0.894094    -0.004929
    0.895195    -0.004879
    0.896296    -0.004828
    0.897397    -0.004777
    0.898498    -0.004727
    0.899600    -0.004676
    0.900701    -0.004625
    0.901802    -0.004574
    0.902903    -0.004523
    0.904004    -0.004473
    0.905105    -0.004422
    0.906206    -0.004371
    0.907307    -0.004320
    0.908408    -0.004269
    0.909510    -0.004218
    0.910611    -0.004167
    0.911712    -0.004116
    0.912813    -0.004066
    0.913914    -0.004015
    0.915015    -0.003964
    0.916116    -0.003913
    0.917217    -0.003862
    0.918318    -0.003811
    0.919419    -0.003760
    0.920521    -0.003709
    0.921622    -0.003658
    0.922723    -0.003607
    0.923824    -0.003556
    0.924925    -0.003505
    0.926026    -0.003454
    0.927127    -0.003403
    0.928228    -0.003351
    0.929329    -0.003300
    0.930430    -0.003249
    0.931532    -0.003198
    0.932633    -0.003147
    0.933734    -0.003096
    0.934835    -0.003045
    0.935936    -0.002994
    0.937037    -0.002942
    0.938138    -0.002891
    0.939239    -0.002840
    0.940340    -0.002789
    0.941441    -0.002738
    0.942543    -0.002686
    0.943644    -0.002635
    0.944745    -0.002584
    0.945846    -0.002533
    0.946947    -0.002481
    0.948048    -0.002430
    0.949149    -0.002379
    0.950250    -0.002328
    0.951351    -0.002276
    0.952452    -0.002225
    0.953554    -0.002174
    0.954655    -0.002122
    0.955756    -0.002071
    0.956857    -0.002020
    0.957958    -0.001968
    0.959059    -0.001917
    0.960160    -0.001865
    0.961261    -0.001814
    0.962362    -0.001763
    0.963463    -0.001711
    0.964565    -0.001660
    0.965666    -0.001608
    0.966767    -0.001557
    0.967868    -0.001505
    0.968969    -0.001454
    0.970070    -0.001403
    0.971171    -0.001351
    0.972272    -0.001300
    0.973373    -0.001248
    0.974474    -0.001197
    0.975576    -0.001145
    0.976677    -0.001093
    0.977778    -0.001042
    0.978879    -0.000990
    0.979980    -0.000939
    0.981081    -0.000887
    0.982182    -0.000836
    0.983283    -0.000784
    0.984384    -0.000733
    0.985485    -0.000681
    0.986587    -0.000629
    0.987688    -0.000578
    0.988789    -0.000526
    0.989890    -0.000474
    0.990991    -0.000423
    0.992092    -0.000371
    0.993193    -0.000320
    0.994294    -0.000268
    0.995395    -0.000216
    0.996496    -0.000164
    0.997598    -0.000113
    0.998699    -0.000061
    0.999800    -0.000009
    1.000901     0.000042
    1.002002     0.000094
    1.003103     0.000146
    1.004204     0.000198
    1.005305     0.000249
    1.006406     0.000301
    1.007508     0.000353
    1.008609     0.000405
    1.009710     0.000456
    1.010811     0.000508
    1.011912     0.000560
    1.013013     0.000612
    1.014114     0.000664
    1.015215     0.000715
    1.016316     0.000767
    1.017417     0.000819
    1.018519     0.000871
    1.019620     0.000923
    1.020721     0.000975
    1.021822     0.001026
    1.022923     0.001078
    1.024024     0.001130
    1.025125     0.001182
    1.026226     0.001234
    1.027327     0.001286
    1.028428     0.001338
    1.029530     0.001390
    1.030631     0.001442
    1.031732     0.001493
    1.032833     0.001545
    1.033934     0.001597
    1.035035     0.001649
    1.036136     0.001701
    1.037237     0.001753
    1.038338     0.001805
    1.039439     0.001857
    1.040541     0.001909
    1.041642     0.001961
    1.042743     0.002013
    1.043844     0.002065
    1.044945     0.002117
    1.046046     0.002169
    1.047147     0.002221
    1.048248     0.002273
    1.049349     0.002325
    1.050450     0.002377
    1.051552     0.002429
    1.052653     0.002481
    1.053754     0.002533
    1.054855     0.002586
    1.055956     0.002638
    1.057057     0.002690
    1.058158     0.002742
    1.059259     0.002794
    1.060360     0.002846
    1.061461     0.002898
    1.062563     0.002950
    1.063664     0.003002
    1.064765     0.003054
    1.065866     0.003107
    1.066967     0.003159
    1.068068     0.003211
    1.069169     0.003263
    1.070270     0.003315
    1.071371     0.003367
    1.072472     0.003420
    1.073574     0.003472
    1.074675     0.003524
    1.075776     0.003576
    1.076877     0.003628
    1.077978     0.003681
    1.079079     0.003733
    1.080180     0.003785
    1.081281     0.003837
    1.082382     0.003889
    1.083483     0.003942
    1.084585     0.003994
    1.085686     0.004046
    1.086787     0.004098
    1.087888     0.004151
    1.088989     0.004203
    1.090090     0.004255
    1.091191     0.004307
    1.092292     0.004360
    1.093393     0.004412
    1.094494     0.004464
    1.095596     0.004517
    1.096697     0.004569
    1.097798     0.004621
    1.098899     0.004673
    1.100000     0.004726
