    0.000000    -0.020000
    0.001101    -0.020000
    0.002202    -0.020000
    0.003303    -0.020000
    0.004404    -0.020000
    0.005506    -0.020000
    0.006607    -0.020000
    0.007708    -0.020000
    0.008809    -0.020000
    0.009910    -0.020000
    0.011011    -0.020000
    0.012112    -0.020000
    0.013213    -0.020000
    0.014314    -0.020000
    0.015415    -0.020000
    0.016517    -0.020000
    0.017618    -0.020000
    0.018719    -0.020000
    0.019820    -0.020000
    0.020921    -0.020000
    0.022022    -0.020000
    0.023123    -0.020000
    0.024224    -0.020000
    0.025325    -0.020000
    0.026426    -0.020000
    0.027528    -0.020000
    0.028629    -0.020000
    0.029730    -0.020000
    0.030831    -0.020000
    0.031932    -0.020000
    0.033033    -0.020000
    0.034134    -0.020000
    0.035235    -0.020000
    0.036336    -0.020000
    0.037437    -0.020000
    0.038539    -0.020000
    0.039640    -0.020000
    0.040741    -0.020000
    0.041842    -0.020000
    0.042943    -0.020000
    0.044044    -0.020000
    0.045145    -0.020000
    0.046246    -0.020000
    0.047347    -0.020000
    0.048448    -0.020000
    0.049550    -0.020000
    0.050651    -0.020000
    0.051752    -0.020000
    0.052853    -0.020000
    0.053954    -0.020000
    0.055055    -0.020000
    0.056156    -0.020000
    0.057257    -0.020000
    0.058358    -0.020000
    0.059459    -0.020000
    0.060561    -0.020000
    0.061662    -0.020000
    0.062763    -0.020000
    0.063864    -0.020000
    0.064965    -0.020000
    0.066066    -0.020000
    0.067167    -0.020000
    0.068268    -0.020000
    0.069369    -0.020000
    0.070470    -0.020000
    0.071572    -0.020000
    0.072673    -0.020000
    0.073774    -0.020000
    0.074875    -0.020000
    0.075976    -0.020000
    0.077077    -0.020000
    0.078178    -0.020000
    0.079279    -0.020000
    0.080380    -0.020000
    0.081481    -0.020000
    0.082583    -0.020000
    0.083684    -0.020000
    0.084785    -0.020000
    0.085886    -0.020000
    0.086987    -0.020000
    0.088088    -0.020000
    0.089189    -0.020000
    0.090290    -0.020000
    0.091391    -0.020000
    0.092492    -0.020000
    0.093594    -0.020000
    0.094695    -0.020000
    0.095796    -0.020000
    0.096897    -0.020000
    0.097998    -0.020000
    0.099099    -0.020000
    0.100200    -0.020000
    0.101301    -0.020000
    0.102402    -0.020000
    0.103504    -0.020000
    0.104605    -0.020000
    0.105706    -0.020000
    0.106807    -0.020000
    0.107908    -0.020000
    0.109009    -0.020000
    0.110110    -0.020000
    0.111211    -0.020000
    0.112312    -0.020000
    0.113413    -0.020000
    0.114515    -0.020000
    0.115616    -0.020000
    0.116717    -0.020000
    0.117818    -0.020000
    0.118919    -0.020000
    0.120020    -0.020000
    0.121121    -0.020000
    0.122222    -0.020000
    0.123323    -0.020000
    0.124424    -0.020000
    0.125526    -0.020000
    0.126627    -0.020000
    0.127728    -0.020000
    0.128829    -0.020000
    0.129930    -0.020000
    0.131031    -0.020000
    0.132132    -0.020000
    0.133233    -0.020000
    0.134334    -0.020000
    0.135435    -0.020000
    0.136537    -0.020000
    0.137638    -0.020000
    0.138739    -0.020000
    0.139840    -0.020000
    0.140941    -0.020000
    0.142042    -0.020000
    0.143143    -0.020000
    0.144244    -0.020000
    0.145345    -0.020000
    0.146446    -0.020000
    0.147548    -0.020000
    0.148649    -0.020000
    0.149750    -0.020000
    0.150851    -0.020000
    0.151952    -0.020000
    0.153053    -0.020000
    0.154154    -0.020000
    0.155255    -0.020000
    0.156356    -0.020000
    0.157457    -0.020000
    0.158559    -0.020000
    0.159660    -0.020000
    0.160761    -0.020000
    0.161862    -0.020000
    0.162963    -0.020000
    0.164064    -0.020000
    0.165165    -0.020000
    0.166266    -0.020000
    0.167367    -0.020000
    0.168468    -0.020000
    0.169570    -0.020000
    0.170671    -0.020000
    0.171772    -0.020000
    0.172873    -0.020000
    0.173974    -0.020000
    0.175075    -0.020000
    0.176176    -0.020000
    0.177277    -0.020000
    0.178378    -0.020000
    0.179479    -0.020000
    0.180581    -0.020000
    0.181682    -0.020000
    0.182783    -0.020000
    0.183884    -0.020000
    0.184985    -0.020000
    0.186086    -0.020000
    0.187187    -0.020000
    0.188288    -0.020000
    0.189389    -0.020000
    0.190490    -0.020000
    0.191592    -0.020000
    0.192693    -0.020000
    0.193794    -0.020000
    0.194895    -0.020000
    0.195996    -0.020000
    0.197097    -0.020000
    0.198198    -0.020000
    0.199299    -0.020000
    0.200400    -0.020000
    0.201502    -0.020000
    0.202603    -0.020000
    0.203704    -0.020000
    0.204805    -0.020000
    0.205906    -0.020000
    0.207007    -0.020000
    0.208108    -0.020000
    0.209209    -0.020000
    0.210310    -0.020000
    0.211411    -0.020000
    0.212513    -0.019999
    0.213614    -0.019999
    0.214715    -0.019999
    0.215816    -0.019999
    0.216917    -0.019999
    0.218018    -0.019999
    0.219119    -0.019999
    0.220220    -0.019999
    0.221321    -0.019999
    0.222422    -0.019999
    0.223524    -0.019999
    0.224625    -0.019999
    0.225726    -0.019999
    0.226827    -0.019999
    0.227928    -0.019999
    0.229029    -0.019999
    0.230130    -0.019999
    0.231231    -0.019999
    0.232332    -0.019999
    0.233433    -0.019999
    0.234535    -0.019999
    0.235636    -0.019999
    0.236737    -0.019999
    0.237838    -0.019999
    0.238939    -0.019999
    0.240040    -0.019999
    0.241141    -0.019999
    0.242242    -0.019999
    0.243343    -0.019999
    0.244444    -0.019999
    0.245546    -0.019999
    0.246647    -0.019999
    0.247748    -0.019999
    0.248849    -0.019999
    0.249950    -0.019998
    0.251051    -0.019998
    0.252152    -0.019998
    0.253253    -0.019998
    0.254354    -0.019998
    0.255455    -0.019998
    0.256557    -0.019998
    0.257658    -0.019998
    0.258759    -0.019998
    0.259860    -0.019998
    0.260961    -0.019998
    0.262062    -0.019998
    0.263163    -0.019998
    0.264264    -0.019998
    0.265365    -0.019997
    0.266466    -0.019997
    0.267568    -0.019997
    0.268669    -0.019997
    0.269770    -0.019997
    0.270871    -0.019997
    0.271972    -0.019997
    0.273073    -0.019997
    0.274174    -0.019997
    0.275275    -0.019996
    0.276376    -0.019996
    0.277477    -0.019996
    0.278579    -0.019996
    0.279680    -0.019996
    0.280781    -0.019996
    0.281882    -0.019995
    0.282983    -0.019995
    0.284084    -0.019995
    0.285185    -0.019995
    0.286286    -0.019995
    0.287387    -0.019994
    0.288488    -0.019994
    0.289590    -0.019994
    0.290691    -0.019994
    0.291792    -0.019993
    0.292893    -0.019993
    0.293994    -0.019993
    0.295095    -0.019993
    0.296196    -0.019992
    0.297297    -0.019992
    0.298398    -0.019992
    0.299499    -0.019991
    0.300601    -0.019991
    0.301702    -0.019990
    0.302803    -0.019990
    0.303904    -0.019990
    0.305005    -0.019989
    0.306106    -0.019989
    0.307207    -0.019988
    0.308308    -0.019988
    0.309409    -0.019987
    0.310511    -0.019987
    0.311612    -0.019986
    0.312713    -0.019986
    0.313814    -0.019985
    0.314915    -0.019984
    0.316016    -0.019984
    0.317117    -0.019983
    0.318218    -0.019982
    0.319319    -0.019982
    0.320420    -0.019981
    0.321522    -0.019980
    0.322623    -0.019979
    0.323724    -0.019978
    0.324825    -0.019977
    0.325926    -0.019976
    0.327027    -0.019975
    0.328128    -0.019974
    0.329229    -0.019973
    0.330330    -0.019972
    0.331431    -0.019971
    0.332533    -0.019970
    0.333634    -0.019969
    0.334735    -0.019967
    0.335836    -0.019966
    0.336937    -0.019964
    0.338038    -0.019963
    0.339139    -0.019961
    0.340240    -0.019960
    0.341341    -0.019958
    0.342442    -0.019956
    0.343544    -0.019955
    0.344645    -0.019953
    0.345746    -0.019951
    0.346847    -0.019949
    0.347948    -0.019947
    0.349049    -0.019944
    0.350150    -0.019942
    0.351251    -0.019940
    0.352352    -0.019937
    0.353453    -0.019935
    0.354555    -0.019932
    0.355656    -0.019929
    0.356757    -0.019927
    0.357858    -0.019924
    0.358959    -0.019920
    0.360060    -0.019917
    0.361161    -0.019914
    0.362262    -0.019911
    0.363363    -0.019907
    0.364464    -0.019903
    0.365566    -0.019899
    0.366667    -0.019896
    0.367768    -0.019891
    0.368869    -0.019887
    0.369970    -0.019883
    0.371071    -0.019878
    0.372172    -0.019874
    0.373273    -0.019869
    0.374374    -0.019864
    0.375475    -0.019858
    0.376577    -0.019853
    0.377678    -0.019847
    0.378779    -0.019842
    0.379880    -0.019836
    0.380981    -0.019830
    0.382082    -0.019823
    0.383183    -0.019817
    0.384284    -0.019810
    0.385385    -0.019803
    0.386486    -0.019796
    0.387588    -0.019789
    0.388689    -0.019781
    0.389790    -0.019773
    0.390891    -0.019765
    0.391992    -0.019757
    0.393093    -0.019749
    0.394194    -0.019740
    0.395295    -0.019731
    0.396396    -0.019722
    0.397497    -0.019712
    0.398599    -0.019703
    0.399700    -0.019693
    0.400801    -0.019682
    0.401902    -0.019672
    0.403003    -0.019661
    0.404104    -0.019650
    0.405205    -0.019639
    0.406306    -0.019627
    0.407407    -0.019616
    0.408509    -0.019604
    0.409610    -0.019591
    0.410711    -0.019579
    0.411812    -0.019566
    0.412913    -0.019553
    0.414014    -0.019539
    0.415115    -0.019525
    0.416216    -0.019511
    0.417317    -0.019497
    0.418418    -0.019483
    0.419520    -0.019468
    0.420621    -0.019453
    0.421722    -0.019437
    0.422823    -0.019422
    0.423924    -0.019406
    0.425025    -0.019390
    0.426126    -0.019373
    0.427227    -0.019356
    0.428328    -0.019339
    0.429429    -0.019322
    0.430531    -0.019304
    0.431632    -0.019287
    0.432733    -0.019269
    0.433834    -0.019250
    0.434935    -0.019231
    0.436036    -0.019213
    0.437137    -0.019193
    0.438238    -0.019174
    0.439339    -0.019154
    0.440440    -0.019134
    0.441542    -0.019114
    0.442643    -0.019094
    0.443744    -0.019073
    0.444845    -0.019052
    0.445946    -0.019031
    0.447047    -0.019010
    0.448148    -0.018988
    0.449249    -0.018966
    0.450350    -0.018944
    0.451451    -0.018921
    0.452553    -0.018899
    0.453654    -0.018876
    0.454755    -0.018853
    0.455856    -0.018830
    0.456957    -0.018806
    0.458058    -0.018783
    0.459159    -0.018759
    0.460260    -0.018735
    0.461361    -0.018710
    0.462462    -0.018686
    0.463564    -0.018661
    0.464665    -0.018636
    0.465766    -0.018611
    0.466867    -0.018585
    0.467968    -0.018560
    0.469069    -0.018534
    0.470170    -0.018508
    0.471271    -0.018482
    0.472372    -0.018456
    0.473473    -0.018429
    0.474575    -0.018403
    0.475676    -0.018376
    0.476777    -0.018349
    0.477878    -0.018322
    0.478979    -0.018294
    0.480080    -0.018267
    0.481181    -0.018239
    0.482282    -0.018211
    0.483383    -0.018184
    0.484484    -0.018155
    0.485586    -0.018127
    0.486687    -0.018099
    0.487788    -0.018070
    0.488889    -0.018041
    0.489990    -0.018012
    0.491091    -0.017983
    0.492192    -0.017954
    0.493293    -0.017925
    0.494394    -0.017895
    0.495495    -0.017866
    0.496597    -0.017836
    0.497698    -0.017806
    0.498799    -0.017776
    0.499900    -0.017746
    0.501001    -0.017716
    0.502102    -0.017685
    0.503203    -0.017655
    0.504304    -0.017624
    0.505405    -0.017594
    0.506507    -0.017563
    0.507608    -0.017532
    0.508709    -0.017501
    0.509810    -0.017469
    0.510911    -0.017438
    0.512012    -0.017407
    0.513113    -0.017375
    0.514214    -0.017343
    0.515315    -0.017312
    0.516416    -0.017280
    0.517518    -0.017248
    0.518619    -0.017216
    0.519720    -0.017184
    0.520821    -0.017151
    0.521922    -0.017119
    0.523023    -0.017087
    0.524124    -0.017054
    0.525225    -0.017021
    0.526326    -0.016989
    0.527427    -0.016956
    0.528529    -0.016923
    0.529630    -0.016890
    0.530731    -0.016857
    0.531832    -0.016824
    0.532933    -0.016790
    0.534034    -0.016757
    0.535135    -0.016724
    0.536236    -0.016690
    0.537337    -0.016656
    0.538438    -0.016623
    0.539540    -0.016589
    0.540641    -0.016555
    0.541742    -0.016521
    0.542843    -0.016487
    0.543944    -0.016453
    0.545045    -0.016419
    0.546146    -0.016385
    0.547247    -0.016351
    0.548348    -0.016316
    0.549449    -0.016282
    0.550551    -0.016247
    0.551652    -0.016213
    0.552753    -0.016178
    0.553854    -0.016143
    0.554955    -0.016109
    0.556056    -0.016074
    0.557157    -0.016039
    0.558258    -0.016004
    0.559359    -0.015969
    0.560460    -0.015934
    0.561562    -0.015899
    0.562663    -0.015864
    0.563764    -0.015828
    0.564865    -0.015793
    0.565966    -0.015758
    0.567067    -0.015722
    0.568168    -0.015687
    0.569269    -0.015651
    0.570370    -0.015616
    0.571471    -0.015580
    0.572573    -0.015544
    0.573674    -0.015508
    0.574775    -0.015473
    0.575876    -0.015437
    0.576977    -0.015401
    0.578078    -0.015365
    0.579179    -0.015329
    0.580280    -0.015293
    0.581381    -0.015256
    0.582482    -0.015220
    0.583584    -0.015184
    0.584685    -0.015148
    0.585786    -0.015111
    0.586887    -0.015075
    0.587988    -0.015039
    0.589089    -0.015002
    0.590190    -0.014966
    0.591291    -0.014929
    0.592392    -0.014892
    0.593493    -0.014856
    0.594595    -0.014819
    0.595696    -0.014782
    0.596797    -0.014746
    0.597898    -0.014709
    0.598999    -0.014672
    0.600100    -0.014635
    0.601201    -0.014598
    0.602302    -0.014561
    0.603403    -0.014524
    0.604505    -0.014487
    0.605606    -0.014450
    0.606707    -0.014413
    0.607808    -0.014376
    0.608909    -0.014338
    0.610010    -0.014301
    0.611111    -0.014264
    0.612212    -0.014226
    0.613313    -0.014189
    0.614414    -0.014152
    0.615516    -0.014114
    0.616617    -0.014077
    0.617718    -0.014039
    0.618819    -0.014002
    0.619920    -0.013964
    0.621021    -0.013927
    0.622122    -0.013889
    0.623223    -0.013851
    0.624324    -0.013813
    0.625425    -0.013776
    0.626527    -0.013738
    0.627628    -0.013700
    0.628729    -0.013662
    0.629830    -0.013624
    0.630931    -0.013586
    0.632032    -0.013549
    0.633133    -0.013511
    0.634234    -0.013473
    0.635335    -0.013435
    0.636436    -0.013396
    0.637538    -0.013358
    0.638639    -0.013320
    0.639740    -0.013282
    0.640841    -0.013244
    0.641942    -0.013206
    0.643043    -0.013167
    0.644144    -0.013129
    0.645245    -0.013091
    0.646346    -0.013053
    0.647447    -0.013014
    0.648549    -0.012976
    0.649650    -0.012937
    0.650751    -0.012899
    0.651852    -0.012861
    0.652953    -0.012822
    0.654054    -0.012784
    0.655155    -0.012745
    0.656256    -0.012706
    0.657357    -0.012668
    0.658458    -0.012629
    0.659560    -0.012591
    0.660661    -0.012552
    0.661762    -0.012513
    0.662863    -0.012475
    0.663964    -0.012436
    0.665065    -0.012397
    0.666166    -0.012358
    0.667267    -0.012319
    0.668368    -0.012281
    0.669469    -0.012242
    0.670571    -0.012203
    0.671672    -0.012164
    0.672773    -0.012125
    0.673874    -0.012086
    0.674975    -0.012047
    0.676076    -0.012008
    0.677177    -0.011969
    0.678278    -0.011930
    0.679379    -0.011891
    0.680480    -0.011852
    0.681582    -0.011813
    0.682683    -0.011774
    0.683784    -0.011735
    0.684885    -0.011696
    0.685986    -0.011656
    0.687087    -0.011617
    0.688188    -0.011578
    0.689289    -0.011539
    0.690390    -0.011499
    0.691491    -0.011460
    0.692593    -0.011421
    0.693694    -0.011382
    0.694795    -0.011342
    0.695896    -0.011303
    0.696997    -0.011264
    0.698098    -0.011224
    0.699199    -0.011185
    0.700300    -0.011145
    0.701401    -0.011106
    0.702503    -0.011066
    0.703604    -0.011027
    0.704705    -0.010987
    0.705806    -0.010948
    0.706907    -0.010908
    0.708008    -0.010869
    0.709109    -0.010829
    0.710210    -0.010790
    0.711311    -0.010750
    0.712412    -0.010710
    0.713514    -0.010671
    0.714615    -0.010631
    0.715716    -0.010591
    0.716817    -0.010552
    0.717918    -0.010512
    0.719019    -0.010472
    0.720120    -0.010433
    0.721221    -0.010393
    0.722322    -0.010353
    0.723423    -0.010313
    0.724525    -0.010273
    0.725626    -0.010234
    0.726727    -0.010194
    0.727828    -0.010154
    0.728929    -0.010114
    0.730030    -0.010074
    0.731131    -0.010034
    0.732232    -0.009994
    0.733333    -0.009954
    0.734434    -0.009915
    0.735536    -0.009875
    0.736637    -0.009835
    0.737738    -0.009795
    0.738839    -0.009755
    0.739940    -0.009715
    0.741041    -0.009675
    0.742142    -0.009635
    0.743243    -0.009594
    0.744344    -0.009554
    0.745445    -0.009514
    0.746547    -0.009474
    0.747648    -0.009434
    0.748749    -0.009394
    0.749850    -0.009354
    0.750951    -0.009314
    0.752052    -0.009274
    0.753153    -0.009233
    0.754254    -0.009193
    0.755355    -0.009153
    0.756456    -0.009113
    0.757558    -0.009073
    0.758659    -0.009032
    0.759760    -0.008992
    0.760861    -0.008952
    0.761962    -0.008911
    0.763063    -0.008871
    0.764164    -0.008831
    0.765265    -0.008791
    0.766366    -0.008750
    0.767467    -0.008710
    0.768569    -0.008670
    0.769670    -0.008629
    0.770771    -0.008589
    0.771872    -0.008548
    0.772973    -0.008508
    0.774074    -0.008468
    0.775175    -0.008427
    0.776276    -0.008387
    0.777377    -0.008346
    0.778478    -0.008306
    0.779580    -0.008265
    0.780681    -0.008225
    0.781782    -0.008184
    0.782883    -0.008144
    0.783984    -0.008103
    0.785085    -0.008063
    0.786186    -0.008022
    0.787287    -0.007982
    0.788388    -0.007941
    0.789489    -0.007901
    0.790591    -0.007860
    0.791692    -0.007819
    0.792793    -0.007779
    0.793894    -0.007738
    0.794995    -0.007698
    0.796096    -0.007657
    0.797197    -0.007616
    0.798298    -0.007576
    0.799399    -0.007535
    0.800501    -0.007494
    0.801602    -0.007454
    0.802703    -0.007413
    0.803804    -0.007372
    0.804905    -0.007332
    0.806006    -0.007291
    0.807107    -0.007250
    0.808208    -0.007209
    0.809309    -0.007169
    0.810410    -0.007128
    0.811512    -0.007087
    0.812613    -0.007046
    0.813714    -0.007005
    0.814815    -0.006965
    0.815916    -0.006924
    0.817017    -0.006883
    0.818118    -0.006842
    0.819219    -0.006801
    0.820320    -0.006761
    0.821421    -0.006720
    0.822523    -0.006679
    0.823624    -0.006638
    0.824725    -0.006597
    0.825826    -0.006556
    0.826927    -0.006515
    0.828028    -0.006474
    0.829129    -0.006433
    0.830230    -0.006392
    0.831331    -0.006352
    0.832432    -0.006311
    0.833534    -0.006270
    0.834635    -0.006229
    0.835736    -0.006188
    0.836837    -0.006147
    0.837938    -0.006106
    0.839039    -0.006065
    0.840140    -0.006024
    0.841241    -0.005983
    0.842342    -0.005942
    0.843443    -0.005901
    0.844545    -0.005860
    0.845646    -0.005819
    0.846747    -0.005778
    0.847848    -0.005736
    0.848949    -0.005695
    0.850050    -0.005654
    0.851151    -0.005613
    0.852252    -0.005572
    0.853353    -0.005531
    0.854454    -0.005490
    0.855556    -0.005449
    0.856657    -0.005408
    0.857758    -0.005367
    0.858859    -0.005325
    0.859960    -0.005284
    0.861061    -0.005243
    0.862162    -0.005202
    0.863263    -0.005161
    0.864364    -0.005120
    0.865465    -0.005078
    0.866567    -0.005037
    0.867668    -0.004996
    0.868769    -0.004955
    0.869870    -0.004914
    0.870971    -0.004872
    0.872072    -0.004831
    0.873173    -0.004790
    0.874274    -0.004749
    0.875375    -0.004707
    0.876476    -0.004666
    0.877578    -0.004625
    0.878679    -0.004584
    0.879780    -0.004542
    0.880881    -0.004501
    0.881982    -0.004460
    0.883083    -0.004418
    0.884184    -0.004377
    0.885285    -0.004336
    0.886386    -0.004295
    0.887487    -0.004253
    0.888589    -0.004212
    0.889690    -0.004171
    0.890791    -0.004129
    0.891892    -0.004088
    0.892993    -0.004046
    0.894094    -0.004005
    0.895195    -0.003964
    0.896296    -0.003922
    0.897397    -0.003881
    0.898498    -0.003840
    0.899600    -0.003798
    0.900701    -0.003757
    0.901802    -0.003715
    0.902903    -0.003674
    0.904004    -0.003633
    0.905105    -0.003591
    0.906206    -0.003550
    0.907307    -0.003508
    0.908408    -0.003467
    0.909510    -0.003425
    0.910611    -0.003384
    0.911712    -0.003342
    0.912813    -0.003301
    0.913914    -0.003259
    0.915015    -0.003218
    0.916116    -0.003176
    0.917217    -0.003135
    0.918318    -0.003093
    0.919419    -0.003052
    0.920521    -0.003010
    0.921622    -0.002969
    0.922723    -0.002927
    0.923824    -0.002886
    0.924925    -0.002844
    0.926026    -0.002803
    0.927127    -0.002761
    0.928228    -0.002720
    0.929329    -0.002678
    0.930430    -0.002637
    0.931532    -0.002595
    0.932633    -0.002553
    0.933734    -0.002512
    0.934835    -0.002470
    0.935936    -0.002429
    0.937037    -0.002387
    0.938138    -0.002345
    0.939239    -0.002304
    0.940340    -0.002262
    0.941441    -0.002221
    0.942543    -0.002179
    0.943644    -0.002137
    0.944745    -0.002096
    0.945846    -0.002054
    0.946947    -0.002012
    0.948048    -0.001971
    0.949149    -0.001929
    0.950250    -0.001887
    0.951351    -0.001846
    0.952452    -0.001804
    0.953554    -0.001762
    0.954655    -0.001721
    0.955756    -0.001679
    0.956857    -0.001637
    0.957958    -0.001596
    0.959059    -0.001554
    0.960160    -0.001512
    0.961261    -0.001471
    0.962362    -0.001429
    0.963463    -0.001387
    0.964565    -0.001345
    0.965666    -0.001304
    0.966767    -0.001262
    0.967868    -0.001220
    0.968969    -0.001178
    0.970070    -0.001137
    0.971171    -0.001095
    0.972272    -0.001053
    0.973373    -0.001011
    0.974474    -0.000970
    0.975576    -0.000928
    0.976677    -0.000886
    0.977778    -0.000844
    0.978879    -0.000802
    0.979980    -0.000761
    0.981081    -0.000719
    0.982182    -0.000677
    0.983283    -0.000635
    0.984384    -0.000593
    0.985485    -0.000552
    0.986587    -0.000510
    0.987688    -0.000468
    0.988789    -0.000426
    0.989890    -0.000384
    0.990991    -0.000342
    0.992092    -0.000301
    0.993193    -0.000259
    0.994294    -0.000217
    0.995395    -0.000175
    0.996496    -0.000133
    0.997598    -0.000091
    0.998699    -0.000049
    0.999800    -0.000008
    1.000901     0.000034
    1.002002     0.000076
    1.003103     0.000118
    1.004204     0.000160
    1.005305     0.000202
    1.006406     0.000244
    1.007508     0.000286
    1.008609     0.000328
    1.009710     0.000369
    1.010811     0.000411
    1.011912     0.000453
    1.013013     0.000495
    1.014114     0.000537
    1.015215     0.000579
    1.016316     0.000621
    1.017417     0.000663
    1.018519     0.000705
    1.019620     0.000747
    1.020721     0.000789
    1.021822     0.000831
    1.022923     0.000873
    1.024024     0.000915
    1.025125     0.000957
    1.026226     0.000999
    1.027327     0.001041
    1.028428     0.001083
    1.029530     0.001125
    1.030631     0.001167
    1.031732     0.001209
    1.032833     0.001251
    1.033934     0.001293
    1.035035     0.001335
    1.036136     0.001377
    1.037237     0.001419
    1.038338     0.001461
    1.039439     0.001503
    1.040541     0.001545
    1.041642     0.001587
    1.042743     0.001629
    1.043844     0.001671
    1.044945     0.001713
    1.046046     0.001755
    1.047147     0.001797
    1.048248     0.001839
    1.049349     0.001881
    1.050450     0.001923
    1.051552     0.001965
    1.052653     0.002007
    1.053754     0.002049
    1.054855     0.002091
    1.055956     0.002133
    1.057057     0.002175
    1.058158     0.002218
    1.059259     0.002260
    1.060360     0.002302
    1.061461     0.002344
    1.062563     0.002386
    1.063664     0.002428
    1.064765     0.002470
    1.065866     0.002512
    1.066967     0.002554
    1.068068     0.002596
    1.069169     0.002639
    1.070270     0.002681
    1.071371     0.002723
    1.072472     0.002765
    1.073574     0.002807
    1.074675     0.002849
    1.075776     0.002891
    1.076877     0.002934
    1.077978     0.002976
    1.079079     0.003018
    1.080180     0.003060
    1.081281     0.003102
    1.082382     0.003144
    1.083483     0.003186
    1.084585     0.003229
    1.085686     0.003271
    1.086787     0.003313
    1.087888     0.003355
    1.088989     0.003397
    1.090090     0.003439
    1.091191     0.003482
    1.092292     0.003524
    1.093393     0.003566
    1.094494     0.003608
    1.095596     0.003650
    1.096697     0.003693
    1.097798     0.003735
    1.098899     0.003777
    1.100000     0.003819
