    0.000000    -0.020000
    0.001101    -0.020000
    0.002202    -0.020000
    0.003303    -0.020000
    0.004404    -0.020000
    0.005506    -0.020000
    0.006607    -0.020000
    0.007708    -0.020000
    0.008809    -0.020000
    0.009910    -0.020000
    0.011011    -0.020000
    0.012112    -0.020000
    0.013213    -0.020000
    0.014314    -0.020000
    0.015415    -0.020000
    0.016517    -0.020000
    0.017618    -0.020000
    0.018719    -0.020000
    0.019820    -0.020000
    0.020921    -0.020000
    0.022022    -0.020000
    0.023123    -0.020000
    0.024224    -0.020000
    0.025325    -0.020000
    0.026426    -0.020000
    0.027528    -0.020000
    0.028629    -0.020000
    0.029730    -0.020000
    0.030831    -0.020000
    0.031932    -0.020000
    0.033033    -0.020000
    0.034134    -0.020000
    0.035235    -0.020000
    0.036336    -0.020000
    0.037437    -0.020000
    0.038539    -0.020000
    0.039640    -0.020000
    0.040741    -0.020000
    0.041842    -0.020000
    0.042943    -0.020000
    0.044044    -0.020000
    0.045145    -0.020000
    0.046246    -0.020000
    0.047347    -0.020000
    0.048448    -0.020000
    0.049550    -0.020000
    0.050651    -0.020000
    0.051752    -0.020000
    0.052853    -0.020000
    0.053954    -0.020000
    0.055055    -0.020000
    0.056156    -0.020000
    0.057257    -0.020000
    0.058358    -0.020000
    0.059459    -0.020000
    0.060561    -0.020000
    0.061662    -0.020000
    0.062763    -0.020000
    0.063864    -0.020000
    0.064965    -0.020000
    0.066066    -0.020000
    0.067167    -0.020000
    0.068268    -0.020000
    0.069369    -0.020000
    0.070470    -0.020000
    0.071572    -0.020000
    0.072673    -0.020000
    0.073774    -0.020000
    0.074875    -0.020000
    0.075976    -0.020000
    0.077077    -0.020000
    0.078178    -0.020000
    0.079279    -0.020000
    0.080380    -0.020000
    0.081481    -0.020000
    0.082583    -0.020000
    0.083684    -0.020000
    0.084785    -0.020000
    0.085886    -0.020000
    0.086987    -0.020000
    0.088088    -0.020000
    0.089189    -0.020000
    0.090290    -0.020000
    0.091391    -0.020000
    0.092492    -0.020000
    0.093594    -0.020000
    0.094695    -0.020000
    0.095796    -0.020000
    0.096897    -0.020000
    0.097998    -0.020000
    0.099099    -0.020000
    0.100200    -0.020000
    0.101301    -0.020000
    0.102402    -0.020000
    0.103504    -0.020000
    0.104605    -0.020000
    0.105706    -0.020000
    0.106807    -0.020000
    0.107908    -0.020000
    0.109009    -0.020000
    0.110110    -0.020000
    0.111211    -0.020000
    0.112312    -0.020000
    0.113413    -0.020000
    0.114515    -0.020000
    0.115616    -0.020000
    0.116717    -0.020000
    0.117818    -0.020000
    0.118919    -0.020000
    0.120020    -0.019999
    0.121121    -0.019999
    0.122222    -0.019999
    0.123323    -0.019999
    0.124424    -0.019999
    0.125526    -0.019999
    0.126627    -0.019999
    0.127728    -0.019999
    0.128829    -0.019999
    0.129930    -0.019999
    0.131031    -0.019999
    0.132132    -0.019999
    0.133233    -0.019999
    0.134334    -0.019999
    0.135435    -0.019999
    0.136537    -0.019999
    0.137638    -0.019999
    0.138739    -0.019999
    0.139840    -0.019999
    0.140941    -0.019999
    0.142042    -0.019999
    0.143143    -0.019999
    0.144244    -0.019999
    0.145345    -0.019999
    0.146446    -0.019999
    0.147548    -0.019999
    0.148649    -0.019999
    0.149750    -0.019999
    0.150851    -0.019999
    0.151952    -0.019998
    0.153053    -0.019998
    0.154154    -0.019998
    0.155255    -0.019998
    0.156356    -0.019998
    0.157457    -0.019998
    0.158559    -0.019998
    0.159660    -0.019998
    0.160761    -0.019998
    0.161862    -0.019998
    0.162963    -0.019998
    0.164064    -0.019998
    0.165165    -0.019998
    0.166266    -0.019997
    0.167367    -0.019997
    0.168468    -0.019997
    0.169570    -0.019997
    0.170671    -0.019997
    0.171772    -0.019997
    0.172873    -0.019997
    0.173974    -0.019997
    0.175075    -0.019997
    0.176176    -0.019996
    0.177277    -0.019996
    0.178378    -0.019996
    0.179479    -0.019996
    0.180581    -0.019996
    0.181682    -0.019996
    0.182783    -0.019995
    0.183884    -0.019995
    0.184985    -0.019995
    0.186086    -0.019995
    0.187187    -0.019995
    0.188288    -0.019994
    0.189389    -0.019994
    0.190490    -0.019994
    0.191592    -0.019994
    0.192693    -0.019993
    0.193794    -0.019993
    0.194895    -0.019993
    0.195996    -0.019992
    0.197097    -0.019992
    0.198198    -0.019992
    0.199299    -0.019991
    0.200400    -0.019991
    0.201502    -0.019991
    0.202603    -0.019990
    0.203704    -0.019990
    0.204805    -0.019989
    0.205906    -0.019989
    0.207007    -0.019988
    0.208108    -0.019988
    0.209209    -0.019987
    0.210310    -0.019987
    0.211411    -0.019986
    0.212513    -0.019986
    0.213614    -0.019985
    0.214715    -0.019985
    0.215816    -0.019984
    0.216917    -0.019983
    0.218018    -0.019983
    0.219119    -0.019982
    0.220220    -0.019981
    0.221321    -0.019980
    0.222422    -0.019979
    0.223524    -0.019979
    0.224625    -0.019978
    0.225726    -0.019977
    0.226827    -0.019976
    0.227928    -0.019975
    0.229029    -0.019974
    0.230130    -0.019973
    0.231231    -0.019971
    0.232332    -0.019970
    0.233433    -0.019969
    0.234535    -0.019968
    0.235636    -0.019966
    0.236737    -0.019965
    0.237838    -0.019964
    0.238939    -0.019962
    0.240040    -0.019960
    0.241141    -0.019959
    0.242242    -0.019957
    0.243343    -0.019955
    0.244444    -0.019954
    0.245546    -0.019952
    0.246647    -0.019950
    0.247748    -0.019948
    0.248849    -0.019945
    0.249950    -0.019943
    0.251051    -0.019941
    0.252152    -0.019939
    0.253253    -0.019936
    0.254354    -0.019934
    0.255455    -0.019931
    0.256557    -0.019928
    0.257658    -0.019925
    0.258759    -0.019922
    0.259860    -0.019919
    0.260961    -0.019916
    0.262062    -0.019913
    0.263163    -0.019909
    0.264264    -0.019906
    0.265365    -0.019902
    0.266466    -0.019898
    0.267568    -0.019894
    0.268669    -0.019890
    0.269770    -0.019886
    0.270871    -0.019882
    0.271972    -0.019877
    0.273073    -0.019872
    0.274174    -0.019868
    0.275275    -0.019863
    0.276376    -0.019858
    0.277477    -0.019852
    0.278579    -0.019847
    0.279680    -0.019841
    0.280781    -0.019835
    0.281882    -0.019829
    0.282983    -0.019823
    0.284084    -0.019817
    0.285185    -0.019810
    0.286286    -0.019804
    0.287387    -0.019797
    0.288488    -0.019790
    0.289590    -0.019783
    0.290691    -0.019775
    0.291792    -0.019767
    0.292893    -0.019759
    0.293994    -0.019751
    0.295095    -0.019743
    0.296196    -0.019734
    0.297297    -0.019726
    0.298398    -0.019717
    0.299499    -0.019708
    0.300601    -0.019698
    0.301702    -0.019689
    0.302803    -0.019679
    0.303904    -0.019669
    0.305005    -0.019658
    0.306106    -0.019648
    0.307207    -0.019637
    0.308308    -0.019626
    0.309409    -0.019615
    0.310511    -0.019603
    0.311612    -0.019592
    0.312713    -0.019580
    0.313814    -0.019568
    0.314915    -0.019555
    0.316016    -0.019543
    0.317117    -0.019530
    0.318218    -0.019517
    0.319319    -0.019504
    0.320420    -0.019490
    0.321522    -0.019476
    0.322623    -0.019462
    0.323724    -0.019448
    0.324825    -0.019434
    0.325926    -0.019419
    0.327027    -0.019404
    0.328128    -0.019389
    0.329229    -0.019374
    0.330330    -0.019358
    0.331431    -0.019342
    0.332533    -0.019326
    0.333634    -0.019310
    0.334735    -0.019294
    0.335836    -0.019277
    0.336937    -0.019260
    0.338038    -0.019243
    0.339139    -0.019226
    0.340240    -0.019208
    0.341341    -0.019191
    0.342442    -0.019173
    0.343544    -0.019155
    0.344645    -0.019137
    0.345746    -0.019118
    0.346847    -0.019099
    0.347948    -0.019081
    0.349049    -0.019062
    0.350150    -0.019042
    0.351251    -0.019023
    0.352352    -0.019003
    0.353453    -0.018984
    0.354555    -0.018964
    0.355656    -0.018943
    0.356757    -0.018923
    0.357858    -0.018903
    0.358959    -0.018882
    0.360060    -0.018861
    0.361161    -0.018840
    0.362262    -0.018819
    0.363363    -0.018798
    0.364464    -0.018776
    0.365566    -0.018755
    0.366667    -0.018733
    0.367768    -0.018711
    0.368869    -0.018689
    0.369970    -0.018667
    0.371071    -0.018644
    0.372172    -0.018622
    0.373273    -0.018599
    0.374374    -0.018576
    0.375475    -0.018554
    0.376577    -0.018530
    0.377678    -0.018507
    0.378779    -0.018484
    0.379880    -0.018460
    0.380981    -0.018437
    0.382082    -0.018413
    0.383183    -0.018389
    0.384284    -0.018365
    0.385385    -0.018341
    0.386486    -0.018317
    0.387588    -0.018293
    0.388689    -0.018268
    0.389790    -0.018244
    0.390891    -0.018219
    0.391992    -0.018194
    0.393093    -0.018169
    0.394194    -0.018144
    0.395295    -0.018119
    0.396396    -0.018094
    0.397497    -0.018069
    0.398599    -0.018043
    0.399700    -0.018018
    0.400801    -0.017992
    0.401902    -0.017966
    0.403003    -0.017941
    0.404104    -0.017915
    0.405205    -0.017889
    0.406306    -0.017862
    0.407407    -0.017836
    0.408509    -0.017810
    0.409610    -0.017784
    0.410711    -0.017757
    0.411812    -0.017731
    0.412913    -0.017704
    0.414014    -0.017677
    0.415115    -0.017650
    0.416216    -0.017624
    0.417317    -0.017597
    0.418418    -0.017569
    0.419520    -0.017542
    0.420621    -0.017515
    0.421722    -0.017488
    0.422823    -0.017460
    0.423924    -0.017433
    0.425025    -0.017406
    0.426126    -0.017378
    0.427227    -0.017350
    0.428328    -0.017323
    0.429429    -0.017295
    0.430531    -0.017267
    0.431632    -0.017239
    0.432733    -0.017211
    0.433834    -0.017183
    0.434935    -0.017155
    0.436036    -0.017127
    0.437137    -0.017098
    0.438238    -0.017070
    0.439339    -0.017042
    0.440440    -0.017013
    0.441542    -0.016985
    0.442643    -0.016956
    0.443744    -0.016927
    0.444845    -0.016899
    0.445946    -0.016870
    0.447047    -0.016841
    0.448148    -0.016812
    0.449249    -0.016783
    0.450350    -0.016754
    0.451451    -0.016725
    0.452553    -0.016696
    0.453654    -0.016667
    0.454755    -0.016638
    0.455856    -0.016609
    0.456957    -0.016579
    0.458058    -0.016550
    0.459159    -0.016521
    0.460260    -0.016491
    0.461361    -0.016462
    0.462462    -0.016432
    0.463564    -0.016403
    0.464665    -0.016373
    0.465766    -0.016343
    0.466867    -0.016314
    0.467968    -0.016284
    0.469069    -0.016254
    0.470170    -0.016224
    0.471271    -0.016194
    0.472372    -0.016164
    0.473473    -0.016134
    0.474575    -0.016104
    0.475676    -0.016074
    0.476777    -0.016044
    0.477878    -0.016014
    0.478979    -0.015984
    0.480080    -0.015953
    0.481181    -0.015923
    0.482282    -0.015893
    0.483383    -0.015863
    0.484484    -0.015832
    0.485586    -0.015802
    0.486687    -0.015771
    0.487788    -0.015741
    0.488889    -0.015710
    0.489990    -0.015680
    0.491091    -0.015649
    0.492192    -0.015618
    0.493293    -0.015588
    0.494394    -0.015557
    0.495495    -0.015526
    0.496597    -0.015495
    0.497698    -0.015465
    0.498799    -0.015434
    0.499900    -0.015403
    0.501001    -0.015372
    0.502102    -0.015341
    0.503203    -0.015310
    0.504304    -0.015279
    0.505405    -0.015248
    0.506507    -0.015217
    0.507608    -0.015186
    0.508709    -0.015154
    0.509810    -0.015123
    0.510911    -0.015092
    0.512012    -0.015061
    0.513113    -0.015030
    0.514214    -0.014998
    0.515315    -0.014967
    0.516416    -0.014936
    0.517518    -0.014904
    0.518619    -0.014873
    0.519720    -0.014841
    0.520821    -0.014810
    0.521922    -0.014778
    0.523023    -0.014747
    0.524124    -0.014715
    0.525225    -0.014684
    0.526326    -0.014652
    0.527427    -0.014621
    0.528529    -0.014589
    0.529630    -0.014557
    0.530731    -0.014526
    0.531832    -0.014494
    0.532933    -0.014462
    0.534034    -0.014430
    0.535135    -0.014399
    0.536236    -0.014367
    0.537337    -0.014335
    0.538438    -0.014303
    0.539540    -0.014271
    0.540641    -0.014239
    0.541742    -0.014207
    0.542843    -0.014175
    0.543944    -0.014143
    0.545045    -0.014111
    0.546146    -0.014079
    0.547247    -0.014047
    0.548348    -0.014015
    0.549449    -0.013983
    0.550551    -0.013951
    0.551652    -0.013919
    0.552753    -0.013887
    0.553854    -0.013855
    0.554955    -0.013822
    0.556056    -0.013790
    0.557157    -0.013758
    0.558258    -0.013726
    0.559359    -0.013693
    0.560460    -0.013661
    0.561562    -0.013629
    0.562663    -0.013596
    0.563764    -0.013564
    0.564865    -0.013532
    0.565966    -0.013499
    0.567067    -0.013467
    0.568168    -0.013434
    0.569269    -0.013402
    0.570370    -0.013369
    0.571471    -0.013337
    0.572573    -0.013304
    0.573674    -0.013272
    0.574775    -0.013239
    0.575876    -0.013207
    0.576977    -0.013174
    0.578078    -0.013142
    0.579179    -0.013109
    0.580280    -0.013076
    0.581381    -0.013044
    0.582482    -0.013011
    0.583584    -0.012978
    0.584685    -0.012946
    0.585786    -0.012913
    0.586887    -0.012880
    0.587988    -0.012847
    0.589089    -0.012815
    0.590190    -0.012782
    0.591291    -0.012749
    0.592392    -0.012716
    0.593493    -0.012684
    0.594595    -0.012651
    0.595696    -0.012618
    0.596797    -0.012585
    0.597898    -0.012552
    0.598999    -0.012519
    0.600100    -0.012486
    0.601201    -0.012453
    0.602302    -0.012420
    0.603403    -0.012387
    0.604505    -0.012354
    0.605606    -0.012321
    0.606707    -0.012288
    0.607808    -0.012255
    0.608909    -0.012222
    0.610010    -0.012189
    0.611111    -0.012156
    0.612212    -0.012123
    0.613313    -0.012090
    0.614414    -0.012057
    0.615516    -0.012024
    0.616617    -0.011991
    0.617718    -0.011958
    0.618819    -0.011924
    0.619920    -0.011891
    0.621021    -0.011858
    0.622122    -0.011825
    0.623223    -0.011792
    0.624324    -0.011758
    0.625425    -0.011725
    0.626527    -0.011692
    0.627628    -0.011659
    0.628729    -0.011625
    0.629830    -0.011592
    0.630931    -0.011559
    0.632032    -0.011526
    0.633133    -0.011492
    0.634234    -0.011459
    0.635335    -0.011426
    0.636436    -0.011392
    0.637538    -0.011359
    0.638639    -0.011325
    0.639740    -0.011292
    0.640841    -0.011259
    0.641942    -0.011225
    0.643043    -0.011192
    0.644144    -0.011158
    0.645245    -0.011125
    0.646346    -0.011091
    0.647447    -0.011058
    0.648549    -0.011024
    0.649650    -0.010991
    0.650751    -0.010957
    0.651852    -0.010924
    0.652953    -0.010890
    0.654054    -0.010857
    0.655155    -0.010823
    0.656256    -0.010790
    0.657357    -0.010756
    0.658458    -0.010723
    0.659560    -0.010689
    0.660661    -0.010655
    0.661762    -0.010622
    0.662863    -0.010588
    0.663964    -0.010555
    0.665065    -0.010521
    0.666166    -0.010487
    0.667267    -0.010454
    0.668368    -0.010420
    0.669469    -0.010386
    0.670571    -0.010353
    0.671672    -0.010319
    0.672773    -0.010285
    0.673874    -0.010252
    0.674975    -0.010218
    0.676076    -0.010184
    0.677177    -0.010150
    0.678278    -0.010117
    0.679379    -0.010083
    0.680480    -0.010049
    0.681582    -0.010015
    0.682683    -0.009981
    0.683784    -0.009948
    0.684885    -0.009914
    0.685986    -0.009880
    0.687087    -0.009846
    0.688188    -0.009812
    0.689289    -0.009778
    0.690390    -0.009745
    0.691491    -0.009711
    0.692593    -0.009677
    0.693694    -0.009643
    0.694795    -0.009609
    0.695896    -0.009575
    0.696997    -0.009541
    0.698098    -0.009507
    0.699199    -0.009474
    0.700300    -0.009440
    0.701401    -0.009406
    0.702503    -0.009372
    0.703604    -0.009338
    0.704705    -0.009304
    0.705806    -0.009270
    0.706907    -0.009236
    0.708008    -0.009202
    0.709109    -0.009168
    0.710210    -0.009134
    0.711311    -0.009100
    0.712412    -0.009066
    0.713514    -0.009032
    0.714615    -0.008998
    0.715716    -0.008964
    0.716817    -0.008930
    0.717918    -0.008896
    0.719019    -0.008862
    0.720120    -0.008827
    0.721221    -0.008793
    0.722322    -0.008759
    0.723423    -0.008725
    0.724525    -0.008691
    0.725626    -0.008657
    0.726727    -0.008623
    0.727828    -0.008589
    0.728929    -0.008555
    0.730030    -0.008521
    0.731131    -0.008486
    0.732232    -0.008452
    0.733333    -0.008418
    0.734434    -0.008384
    0.735536    -0.008350
    0.736637    -0.008316
    0.737738    -0.008281
    0.738839    -0.008247
    0.739940    -0.008213
    0.741041    -0.008179
    0.742142    -0.008145
    0.743243    -0.008110
    0.744344    -0.008076
    0.745445    -0.008042
    0.746547    -0.008008
    0.747648    -0.007973
    0.748749    -0.007939
    0.749850    -0.007905
    0.750951    -0.007871
    0.752052    -0.007836
    0.753153    -0.007802
    0.754254    -0.007768
    0.755355    -0.007733
    0.756456    -0.007699
    0.757558    -0.007665
    0.758659    -0.007631
    0.759760    -0.007596
    0.760861    -0.007562
    0.761962    -0.007528
    0.763063    -0.007493
    0.764164    -0.007459
    0.765265    -0.007425
    0.766366    -0.007390
    0.767467    -0.007356
    0.768569    -0.007322
    0.769670    -0.007287
    0.770771    -0.007253
    0.771872    -0.007218
    0.772973    -0.007184
    0.774074    -0.007150
    0.775175    -0.007115
    0.776276    -0.007081
    0.777377    -0.007046
    0.778478    -0.007012
    0.779580    -0.006978
    0.780681    -0.006943
    0.781782    -0.006909
    0.782883    -0.006874
    0.783984    -0.006840
    0.785085    -0.006805
    0.786186    -0.006771
    0.787287    -0.006736
    0.788388    -0.006702
    0.789489    -0.006668
    0.790591    -0.006633
    0.791692    -0.006599
    0.792793    -0.006564
    0.793894    -0.006530
    0.794995    -0.006495
    0.796096    -0.006461
    0.797197    -0.006426
    0.798298    -0.006392
    0.799399    -0.006357
    0.800501    -0.006322
    0.801602    -0.006288
    0.802703    -0.006253
    0.803804    -0.006219
    0.804905    -0.006184
    0.806006    -0.006150
    0.807107    -0.006115
    0.808208    -0.006081
    0.809309    -0.006046
    0.810410    -0.006012
    0.811512    -0.005977
    0.812613    -0.005942
    0.813714    -0.005908
    0.814815    -0.005873
    0.815916    -0.005839
    0.817017    -0.005804
    0.818118    -0.005769
    0.819219    -0.005735
    0.820320    -0.005700
    0.821421    -0.005666
    0.822523    -0.005631
    0.823624    -0.005596
    0.824725    -0.005562
    0.825826    -0.005527
    0.826927    -0.005492
    0.828028    -0.005458
    0.829129    -0.005423
    0.830230    -0.005388
    0.831331    -0.005354
    0.832432    -0.005319
    0.833534    -0.005284
    0.834635    -0.005250
    0.835736    -0.005215
    0.836837    -0.005180
    0.837938    -0.005146
    0.839039    -0.005111
    0.840140    -0.005076
    0.841241    -0.005042
    0.842342    -0.005007
    0.843443    -0.004972
    0.844545    -0.004937
    0.845646    -0.004903
    0.846747    -0.004868
    0.847848    -0.004833
    0.848949    -0.004799
    0.850050    -0.004764
    0.851151    -0.004729
    0.852252    -0.004694
    0.853353    -0.004660
    0.854454    -0.004625
    0.855556    -0.004590
    0.856657    -0.004555
    0.857758    -0.004521
    0.858859    -0.004486
    0.859960    -0.004451
    0.861061    -0.004416
    0.862162    -0.004381
    0.863263    -0.004347
    0.864364    -0.004312
    0.865465    -0.004277
    0.866567    -0.004242
    0.867668    -0.004208
    0.868769    -0.004173
    0.869870    -0.004138
    0.870971    -0.004103
    0.872072    -0.004068
    0.873173    -0.004033
    0.874274    -0.003999
    0.875375    -0.003964
    0.876476    -0.003929
    0.877578    -0.003894
    0.878679    -0.003859
    0.879780    -0.003824
    0.880881    -0.003790
    0.881982    -0.003755
    0.883083    -0.003720
    0.884184    -0.003685
    0.885285    -0.003650
    0.886386    -0.003615
    0.887487    -0.003580
    0.888589    -0.003546
    0.889690    -0.003511
    0.890791    -0.003476
    0.891892    -0.003441
    0.892993    -0.003406
    0.894094    -0.003371
    0.895195    -0.003336
    0.896296    -0.003301
    0.897397    -0.003266
    0.898498    -0.003231
    0.899600    -0.003197
    0.900701    -0.003162
    0.901802    -0.003127
    0.902903    -0.003092
    0.904004    -0.003057
    0.905105    -0.003022
    0.906206    -0.002987
    0.907307    -0.002952
    0.908408    -0.002917
    0.909510    -0.002882
    0.910611    -0.002847
    0.911712    -0.002812
    0.912813    -0.002777
    0.913914    -0.002742
    0.915015    -0.002707
    0.916116    -0.002673
    0.917217    -0.002638
    0.918318    -0.002603
    0.919419    -0.002568
    0.920521    -0.002533
    0.921622    -0.002498
    0.922723    -0.002463
    0.923824    -0.002428
    0.924925    -0.002393
    0.926026    -0.002358
    0.927127    -0.002323
    0.928228    -0.002288
    0.929329    -0.002253
    0.930430    -0.002218
    0.931532    -0.002183
    0.932633    -0.002148
    0.933734    -0.002113
    0.934835    -0.002078
    0.935936    -0.002043
    0.937037    -0.002008
    0.938138    -0.001973
    0.939239    -0.001938
    0.940340    -0.001903
    0.941441    -0.001867
    0.942543    -0.001832
    0.943644    -0.001797
    0.944745    -0.001762
    0.945846    -0.001727
    0.946947    -0.001692
    0.948048    -0.001657
    0.949149    -0.001622
    0.950250    -0.001587
    0.951351    -0.001552
    0.952452    -0.001517
    0.953554    -0.001482
    0.954655    -0.001447
    0.955756    -0.001412
    0.956857    -0.001377
    0.957958    -0.001342
    0.959059    -0.001306
    0.960160    -0.001271
    0.961261    -0.001236
    0.962362    -0.001201
    0.963463    -0.001166
    0.964565    -0.001131
    0.965666    -0.001096
    0.966767    -0.001061
    0.967868    -0.001026
    0.968969    -0.000991
    0.970070    -0.000955
    0.971171    -0.000920
    0.972272    -0.000885
    0.973373    -0.000850
    0.974474    -0.000815
    0.975576    -0.000780
    0.976677    -0.000745
    0.977778    -0.000710
    0.978879    -0.000674
    0.979980    -0.000639
    0.981081    -0.000604
    0.982182    -0.000569
    0.983283    -0.000534
    0.984384    -0.000499
    0.985485    -0.000464
    0.986587    -0.000428
    0.987688    -0.000393
    0.988789    -0.000358
    0.989890    -0.000323
    0.990991    -0.000288
    0.992092    -0.000253
    0.993193    -0.000217
    0.994294    -0.000182
    0.995395    -0.000147
    0.996496    -0.000112
    0.997598    -0.000077
    0.998699    -0.000042
    0.999800    -0.000006
    1.000901     0.000029
    1.002002     0.000064
    1.003103     0.000099
    1.004204     0.000134
    1.005305     0.000170
    1.006406     0.000205
    1.007508     0.000240
    1.008609     0.000275
    1.009710     0.000310
    1.010811     0.000346
    1.011912     0.000381
    1.013013     0.000416
    1.014114     0.000451
    1.015215     0.000486
    1.016316     0.000522
    1.017417     0.000557
    1.018519     0.000592
    1.019620     0.000627
    1.020721     0.000663
    1.021822     0.000698
    1.022923     0.000733
    1.024024     0.000768
    1.025125     0.000804
    1.026226     0.000839
    1.027327     0.000874
    1.028428     0.000909
    1.029530     0.000945
    1.030631     0.000980
    1.031732     0.001015
    1.032833     0.001050
    1.033934     0.001086
    1.035035     0.001121
    1.036136     0.001156
    1.037237     0.001191
    1.038338     0.001227
    1.039439     0.001262
    1.040541     0.001297
    1.041642     0.001332
    1.042743     0.001368
    1.043844     0.001403
    1.044945     0.001438
    1.046046     0.001474
    1.047147     0.001509
    1.048248     0.001544
    1.049349     0.001579
    1.050450     0.001615
    1.051552     0.001650
    1.052653     0.001685
    1.053754     0.001721
    1.054855     0.001756
    1.055956     0.001791
    1.057057     0.001827
    1.058158     0.001862
    1.059259     0.001897
    1.060360     0.001933
    1.061461     0.001968
    1.062563     0.002003
    1.063664     0.002038
    1.064765     0.002074
    1.065866     0.002109
    1.066967     0.002144
    1.068068     0.002180
    1.069169     0.002215
    1.070270     0.002250
    1.071371     0.002286
    1.072472     0.002321
    1.073574     0.002356
    1.074675     0.002392
    1.075776     0.002427
    1.076877     0.002462
    1.077978     0.002498
    1.079079     0.002533
    1.080180     0.002569
    1.081281     0.002604
    1.082382     0.002639
    1.083483     0.002675
    1.084585     0.002710
    1.085686     0.002745
    1.086787     0.002781
    1.087888     0.002816
    1.088989     0.002851
    1.090090     0.002887
    1.091191     0.002922
    1.092292     0.002958
    1.093393     0.002993
    1.094494     0.003028
    1.095596     0.003064
    1.096697     0.003099
    1.097798     0.003134
    1.098899     0.003170
    1.100000     0.003205
