    0.000000    -0.020000
    0.001101    -0.020000
    0.002202    -0.020000
    0.003303    -0.020000
    0.004404    -0.020000
    0.005506    -0.020000
    0.006607    -0.020000
    0.007708    -0.020000
    0.008809    -0.020000
    0.009910    -0.020000
    0.011011    -0.020000
    0.012112    -0.020000
    0.013213    -0.020000
    0.014314    -0.020000
    0.015415    -0.020000
    0.016517    -0.020000
    0.017618    -0.020000
    0.018719    -0.020000
    0.019820    -0.020000
    0.020921    -0.020000
    0.022022    -0.020000
    0.023123    -0.020000
    0.024224    -0.020000
    0.025325    -0.020000
    0.026426    -0.020000
    0.027528    -0.020000
    0.028629    -0.020000
    0.029730    -0.020000
    0.030831    -0.020000
    0.031932    -0.020000
    0.033033    -0.019999
    0.034134    -0.019999
    0.035235    -0.019999
    0.036336    -0.019999
    0.037437    -0.019999
    0.038539    -0.019999
    0.039640    -0.019999
    0.040741    -0.019999
    0.041842    -0.019999
    0.042943    -0.019999
    0.044044    -0.019999
    0.045145    -0.019999
    0.046246    -0.019999
    0.047347    -0.019999
    0.048448    -0.019999
    0.049550    -0.019999
    0.050651    -0.019999
    0.051752    -0.019999
    0.052853    -0.019999
    0.053954    -0.019999
    0.055055    -0.019999
    0.056156    -0.019999
    0.057257    -0.019998
    0.058358    -0.019998
    0.059459    -0.019998
    0.060561    -0.019998
    0.061662    -0.019998
    0.062763    -0.019998
    0.063864    -0.019998
    0.064965    -0.019998
    0.066066    -0.019998
    0.067167    -0.019998
    0.068268    -0.019998
    0.069369    -0.019997
    0.070470    -0.019997
    0.071572    -0.019997
    0.072673    -0.019997
    0.073774    -0.019997
    0.074875    -0.019997
    0.075976    -0.019997
    0.077077    -0.019997
    0.078178    -0.019996
    0.079279    -0.019996
    0.080380    -0.019996
    0.081481    -0.019996
    0.082583    -0.019996
    0.083684    -0.019995
    0.084785    -0.019995
    0.085886    -0.019995
    0.086987    -0.019995
    0.088088    -0.019995
    0.089189    -0.019994
    0.090290    -0.019994
    0.091391    -0.019994
    0.092492    -0.019994
    0.093594    -0.019993
    0.094695    -0.019993
    0.095796    -0.019993
    0.096897    -0.019992
    0.097998    -0.019992
    0.099099    -0.019992
    0.100200    -0.019991
    0.101301    -0.019991
    0.102402    -0.019991
    0.103504    -0.019990
    0.104605    -0.019990
    0.105706    -0.019989
    0.106807    -0.019989
    0.107908    -0.019988
    0.109009    -0.019988
    0.110110    -0.019987
    0.111211    -0.019987
    0.112312    -0.019986
    0.113413    -0.019986
    0.114515    -0.019985
    0.115616    -0.019984
    0.116717    -0.019984
    0.117818    -0.019983
    0.118919    -0.019982
    0.120020    -0.019982
    0.121121    -0.019981
    0.122222    -0.019980
    0.123323    -0.019979
    0.124424    -0.019978
    0.125526    -0.019977
    0.126627    -0.019976
    0.127728    -0.019975
    0.128829    -0.019974
    0.129930    -0.019973
    0.131031    -0.019972
    0.132132    -0.019971
    0.133233    -0.019970
    0.134334    -0.019968
    0.135435    -0.019967
    0.136537    -0.019966
    0.137638    -0.019964
    0.138739    -0.019963
    0.139840    -0.019961
    0.140941    -0.019960
    0.142042    -0.019958
    0.143143    -0.019956
    0.144244    -0.019955
    0.145345    -0.019953
    0.146446    -0.019951
    0.147548    -0.019949
    0.148649    -0.019947
    0.149750    -0.019944
    0.150851    -0.019942
    0.151952    -0.019940
    0.153053    -0.019938
    0.154154    -0.019935
    0.155255    -0.019932
    0.156356    -0.019930
    0.157457    -0.019927
    0.158559    -0.019924
    0.159660    -0.019921
    0.160761    -0.019918
    0.161862    -0.019915
    0.162963    -0.019911
    0.164064    -0.019908
    0.165165    -0.019905
    0.166266    -0.019901
    0.167367    -0.019897
    0.168468    -0.019893
    0.169570    -0.019889
    0.170671    -0.019885
    0.171772    -0.019881
    0.172873    -0.019876
    0.173974    -0.019872
    0.175075    -0.019867
    0.176176    -0.019862
    0.177277    -0.019857
    0.178378    -0.019852
    0.179479    -0.019846
    0.180581    -0.019841
    0.181682    -0.019835
    0.182783    -0.019829
    0.183884    -0.019823
    0.184985    -0.019817
    0.186086    -0.019811
    0.187187    -0.019804
    0.188288    -0.019798
    0.189389    -0.019791
    0.190490    -0.019784
    0.191592    -0.019777
    0.192693    -0.019769
    0.193794    -0.019762
    0.194895    -0.019754
    0.195996    -0.019746
    0.197097    -0.019738
    0.198198    -0.019730
    0.199299    -0.019721
    0.200400    -0.019712
    0.201502    -0.019703
    0.202603    -0.019694
    0.203704    -0.019685
    0.204805    -0.019675
    0.205906    -0.019666
    0.207007    -0.019656
    0.208108    -0.019646
    0.209209    -0.019635
    0.210310    -0.019625
    0.211411    -0.019614
    0.212513    -0.019603
    0.213614    -0.019592
    0.214715    -0.019581
    0.215816    -0.019570
    0.216917    -0.019558
    0.218018    -0.019546
    0.219119    -0.019534
    0.220220    -0.019522
    0.221321    -0.019509
    0.222422    -0.019497
    0.223524    -0.019484
    0.224625    -0.019471
    0.225726    -0.019457
    0.226827    -0.019444
    0.227928    -0.019430
    0.229029    -0.019417
    0.230130    -0.019403
    0.231231    -0.019388
    0.232332    -0.019374
    0.233433    -0.019360
    0.234535    -0.019345
    0.235636    -0.019330
    0.236737    -0.019315
    0.237838    -0.019300
    0.238939    -0.019284
    0.240040    -0.019269
    0.241141    -0.019253
    0.242242    -0.019237
    0.243343    -0.019221
    0.244444    -0.019205
    0.245546    -0.019188
    0.246647    -0.019172
    0.247748    -0.019155
    0.248849    -0.019138
    0.249950    -0.019121
    0.251051    -0.019104
    0.252152    -0.019087
    0.253253    -0.019069
    0.254354    -0.019052
    0.255455    -0.019034
    0.256557    -0.019016
    0.257658    -0.018998
    0.258759    -0.018980
    0.259860    -0.018962
    0.260961    -0.018943
    0.262062    -0.018925
    0.263163    -0.018906
    0.264264    -0.018887
    0.265365    -0.018868
    0.266466    -0.018849
    0.267568    -0.018830
    0.268669    -0.018810
    0.269770    -0.018791
    0.270871    -0.018771
    0.271972    -0.018752
    0.273073    -0.018732
    0.274174    -0.018712
    0.275275    -0.018692
    0.276376    -0.018672
    0.277477    -0.018651
    0.278579    -0.018631
    0.279680    -0.018611
    0.280781    -0.018590
    0.281882    -0.018569
    0.282983    -0.018548
    0.284084    -0.018528
    0.285185    -0.018507
    0.286286    -0.018485
    0.287387    -0.018464
    0.288488    -0.018443
    0.289590    -0.018422
    0.290691    -0.018400
    0.291792    -0.018379
    0.292893    -0.018357
    0.293994    -0.018335
    0.295095    -0.018313
    0.296196    -0.018291
    0.297297    -0.018269
    0.298398    -0.018247
    0.299499    -0.018225
    0.300601    -0.018203
    0.301702    -0.018180
    0.302803    -0.018158
    0.303904    -0.018136
    0.305005    -0.018113
    0.306106    -0.018090
    0.307207    -0.018068
    0.308308    -0.018045
    0.309409    -0.018022
    0.310511    -0.017999
    0.311612    -0.017976
    0.312713    -0.017953
    0.313814    -0.017930
    0.314915    -0.017907
    0.316016    -0.017883
    0.317117    -0.017860
    0.318218    -0.017837
    0.319319    -0.017813
    0.320420    -0.017789
    0.321522    -0.017766
    0.322623    -0.017742
    0.323724    -0.017718
    0.324825    -0.017695
    0.325926    -0.017671
    0.327027    -0.017647
    0.328128    -0.017623
    0.329229    -0.017599
    0.330330    -0.017575
    0.331431    -0.017551
    0.332533    -0.017526
    0.333634    -0.017502
    0.334735    -0.017478
    0.335836    -0.017454
    0.336937    -0.017429
    0.338038    -0.017405
    0.339139    -0.017380
    0.340240    -0.017356
    0.341341    -0.017331
    0.342442    -0.017306
    0.343544    -0.017282
    0.344645    -0.017257
    0.345746    -0.017232
    0.346847    -0.017207
    0.347948    -0.017182
    0.349049    -0.017157
    0.350150    -0.017132
    0.351251    -0.017107
    0.352352    -0.017082
    0.353453    -0.017057
    0.354555    -0.017032
    0.355656    -0.017007
    0.356757    -0.016981
    0.357858    -0.016956
    0.358959    -0.016931
    0.360060    -0.016905
    0.361161    -0.016880
    0.362262    -0.016855
    0.363363    -0.016829
    0.364464    -0.016804
    0.365566    -0.016778
    0.366667    -0.016752
    0.367768    -0.016727
    0.368869    -0.016701
    0.369970    -0.016675
    0.371071    -0.016650
    0.372172    -0.016624
    0.373273    -0.016598
    0.374374    -0.016572
    0.375475    -0.016546
    0.376577    -0.016520
    0.377678    -0.016494
    0.378779    -0.016468
    0.379880    -0.016442
    0.380981    -0.016416
    0.382082    -0.016390
    0.383183    -0.016364
    0.384284    -0.016338
    0.385385    -0.016312
    0.386486    -0.016285
    0.387588    -0.016259
    0.388689    -0.016233
    0.389790    -0.016206
    0.390891    -0.016180
    0.391992    -0.016154
    0.393093    -0.016127
    0.394194    -0.016101
    0.395295    -0.016074
    0.396396    -0.016048
    0.397497    -0.016021
    0.398599    -0.015995
    0.399700    -0.015968
    0.400801    -0.015942
    0.401902    -0.015915
    0.403003    -0.015888
    0.404104    -0.015862
    0.405205    -0.015835
    0.406306    -0.015808
    0.407407    -0.015782
    0.408509    -0.015755
    0.409610    -0.015728
    0.410711    -0.015701
    0.411812    -0.015674
    0.412913    -0.015647
    0.414014    -0.015620
    0.415115    -0.015594
    0.416216    -0.015567
    0.417317    -0.015540
    0.418418    -0.015513
    0.419520    -0.015486
    0.420621    -0.015459
    0.421722    -0.015431
    0.422823    -0.015404
    0.423924    -0.015377
    0.425025    -0.015350
    0.426126    -0.015323
    0.427227    -0.015296
    0.428328    -0.015269
    0.429429    -0.015241
    0.430531    -0.015214
    0.431632    -0.015187
    0.432733    -0.015160
    0.433834    -0.015132
    0.434935    -0.015105
    0.436036    -0.015078
    0.437137    -0.015050
    0.438238    -0.015023
    0.439339    -0.014995
    0.440440    -0.014968
    0.441542    -0.014941
    0.442643    -0.014913
    0.443744    -0.014886
    0.444845    -0.014858
    0.445946    -0.014831
    0.447047    -0.014803
    0.448148    -0.014776
    0.449249    -0.014748
    0.450350    -0.014720
    0.451451    -0.014693
    0.452553    -0.014665
    0.453654    -0.014637
    0.454755    -0.014610
    0.455856    -0.014582
    0.456957    -0.014554
    0.458058    -0.014527
    0.459159    -0.014499
    0.460260    -0.014471
    0.461361    -0.014444
    0.462462    -0.014416
    0.463564    -0.014388
    0.464665    -0.014360
    0.465766    -0.014332
    0.466867    -0.014304
    0.467968    -0.014277
    0.469069    -0.014249
    0.470170    -0.014221
    0.471271    -0.014193
    0.472372    -0.014165
    0.473473    -0.014137
    0.474575    -0.014109
    0.475676    -0.014081
    0.476777    -0.014053
    0.477878    -0.014025
    0.478979    -0.013997
    0.480080    -0.013969
    0.481181    -0.013941
    0.482282    -0.013913
    0.483383    -0.013885
    0.484484    -0.013857
    0.485586    -0.013829
    0.486687    -0.013801
    0.487788    -0.013773
    0.488889    -0.013745
    0.489990    -0.013716
    0.491091    -0.013688
    0.492192    -0.013660
    0.493293    -0.013632
    0.494394    -0.013604
    0.495495    -0.013575
    0.496597    -0.013547
    0.497698    -0.013519
    0.498799    -0.013491
    0.499900    -0.013463
    0.501001    -0.013434
    0.502102    -0.013406
    0.503203    -0.013378
    0.504304    -0.013349
    0.505405    -0.013321
    0.506507    -0.013293
    0.507608    -0.013264
    0.508709    -0.013236
    0.509810    -0.013208
    0.510911    -0.013179
    0.512012    -0.013151
    0.513113    -0.013122
    0.514214    -0.013094
    0.515315    -0.013066
    0.516416    -0.013037
    0.517518    -0.013009
    0.518619    -0.012980
    0.519720    -0.012952
    0.520821    -0.012923
    0.521922    -0.012895
    0.523023    -0.012866
    0.524124    -0.012838
    0.525225    -0.012809
    0.526326    -0.012781
    0.527427    -0.012752
    0.528529    -0.012724
    0.529630    -0.012695
    0.530731    -0.012667
    0.531832    -0.012638
    0.532933    -0.012609
    0.534034    -0.012581
    0.535135    -0.012552
    0.536236    -0.012524
    0.537337    -0.012495
    0.538438    -0.012466
    0.539540    -0.012438
    0.540641    -0.012409
    0.541742    -0.012380
    0.542843    -0.012352
    0.543944    -0.012323
    0.545045    -0.012294
    0.546146    -0.012265
    0.547247    -0.012237
    0.548348    -0.012208
    0.549449    -0.012179
    0.550551    -0.012150
    0.551652    -0.012122
    0.552753    -0.012093
    0.553854    -0.012064
    0.554955    -0.012035
    0.556056    -0.012007
    0.557157    -0.011978
    0.558258    -0.011949
    0.559359    -0.011920
    0.560460    -0.011891
    0.561562    -0.011863
    0.562663    -0.011834
    0.563764    -0.011805
    0.564865    -0.011776
    0.565966    -0.011747
    0.567067    -0.011718
    0.568168    -0.011689
    0.569269    -0.011660
    0.570370    -0.011632
    0.571471    -0.011603
    0.572573    -0.011574
    0.573674    -0.011545
    0.574775    -0.011516
    0.575876    -0.011487
    0.576977    -0.011458
    0.578078    -0.011429
    0.579179    -0.011400
    0.580280    -0.011371
    0.581381    -0.011342
    0.582482    -0.011313
    0.583584    -0.011284
    0.584685    -0.011255
    0.585786    -0.011226
    0.586887    -0.011197
    0.587988    -0.011168
    0.589089    -0.011139
    0.590190    -0.011110
    0.591291    -0.011081
    0.592392    -0.011052
    0.593493    -0.011023
    0.594595    -0.010994
    0.595696    -0.010965
    0.596797    -0.010935
    0.597898    -0.010906
    0.598999    -0.010877
    0.600100    -0.010848
    0.601201    -0.010819
    0.602302    -0.010790
    0.603403    -0.010761
    0.604505    -0.010732
    0.605606    -0.010703
    0.606707    -0.010673
    0.607808    -0.010644
    0.608909    -0.010615
    0.610010    -0.010586
    0.611111    -0.010557
    0.612212    -0.010528
    0.613313    -0.010498
    0.614414    -0.010469
    0.615516    -0.010440
    0.616617    -0.010411
    0.617718    -0.010382
    0.618819    -0.010352
    0.619920    -0.010323
    0.621021    -0.010294
    0.622122    -0.010265
    0.623223    -0.010235
    0.624324    -0.010206
    0.625425    -0.010177
    0.626527    -0.010148
    0.627628    -0.010118
    0.628729    -0.010089
    0.629830    -0.010060
    0.630931    -0.010031
    0.632032    -0.010001
    0.633133    -0.009972
    0.634234    -0.009943
    0.635335    -0.009913
    0.636436    -0.009884
    0.637538    -0.009855
    0.638639    -0.009825
    0.639740    -0.009796
    0.640841    -0.009767
    0.641942    -0.009737
    0.643043    -0.009708
    0.644144    -0.009679
    0.645245    -0.009649
    0.646346    -0.009620
    0.647447    -0.009591
    0.648549    -0.009561
    0.649650    -0.009532
    0.650751    -0.009502
    0.651852    -0.009473
    0.652953    -0.009444
    0.654054    -0.009414
    0.655155    -0.009385
    0.656256    -0.009355
    0.657357    -0.009326
    0.658458    -0.009297
    0.659560    -0.009267
    0.660661    -0.009238
    0.661762    -0.009208
    0.662863    -0.009179
    0.663964    -0.009149
    0.665065    -0.009120
    0.666166    -0.009090
    0.667267    -0.009061
    0.668368    -0.009031
    0.669469    -0.009002
    0.670571    -0.008972
    0.671672    -0.008943
    0.672773    -0.008913
    0.673874    -0.008884
    0.674975    -0.008854
    0.676076    -0.008825
    0.677177    -0.008795
    0.678278    -0.008766
    0.679379    -0.008736
    0.680480    -0.008707
    0.681582    -0.008677
    0.682683    -0.008648
    0.683784    -0.008618
    0.684885    -0.008589
    0.685986    -0.008559
    0.687087    -0.008530
    0.688188    -0.008500
    0.689289    -0.008471
    0.690390    -0.008441
    0.691491    -0.008411
    0.692593    -0.008382
    0.693694    -0.008352
    0.694795    -0.008323
    0.695896    -0.008293
    0.696997    -0.008263
    0.698098    -0.008234
    0.699199    -0.008204
    0.700300    -0.008175
    0.701401    -0.008145
    0.702503    -0.008115
    0.703604    -0.008086
    0.704705    -0.008056
    0.705806    -0.008027
    0.706907    -0.007997
    0.708008    -0.007967
    0.709109    -0.007938
    0.710210    -0.007908
    0.711311    -0.007878
    0.712412    -0.007849
    0.713514    -0.007819
    0.714615    -0.007789
    0.715716    -0.007760
    0.716817    -0.007730
    0.717918    -0.007700
    0.719019    -0.007671
    0.720120    -0.007641
    0.721221    -0.007611
    0.722322    -0.007582
    0.723423    -0.007552
    0.724525    -0.007522
    0.725626    -0.007493
    0.726727    -0.007463
    0.727828    -0.007433
    0.728929    -0.007403
    0.730030    -0.007374
    0.731131    -0.007344
    0.732232    -0.007314
    0.733333    -0.007284
    0.734434    -0.007255
    0.735536    -0.007225
    0.736637    -0.007195
    0.737738    -0.007166
    0.738839    -0.007136
    0.739940    -0.007106
    0.741041    -0.007076
    0.742142    -0.007046
    0.743243    -0.007017
    0.744344    -0.006987
    0.745445    -0.006957
    0.746547    -0.006927
    0.747648    -0.006898
    0.748749    -0.006868
    0.749850    -0.006838
    0.750951    -0.006808
    0.752052    -0.006778
    0.753153    -0.006749
    0.754254    -0.006719
    0.755355    -0.006689
    0.756456    -0.006659
    0.757558    -0.006629
    0.758659    -0.006600
    0.759760    -0.006570
    0.760861    -0.006540
    0.761962    -0.006510
    0.763063    -0.006480
    0.764164    -0.006451
    0.765265    -0.006421
    0.766366    -0.006391
    0.767467    -0.006361
    0.768569    -0.006331
    0.769670    -0.006301
    0.770771    -0.006271
    0.771872    -0.006242
    0.772973    -0.006212
    0.774074    -0.006182
    0.775175    -0.006152
    0.776276    -0.006122
    0.777377    -0.006092
    0.778478    -0.006062
    0.779580    -0.006033
    0.780681    -0.006003
    0.781782    -0.005973
    0.782883    -0.005943
    0.783984    -0.005913
    0.785085    -0.005883
    0.786186    -0.005853
    0.787287    -0.005823
    0.788388    -0.005793
    0.789489    -0.005763
    0.790591    -0.005734
    0.791692    -0.005704
    0.792793    -0.005674
    0.793894    -0.005644
    0.794995    -0.005614
    0.796096    -0.005584
    0.797197    -0.005554
    0.798298    -0.005524
    0.799399    -0.005494
    0.800501    -0.005464
    0.801602    -0.005434
    0.802703    -0.005404
    0.803804    -0.005374
    0.804905    -0.005344
    0.806006    -0.005315
    0.807107    -0.005285
    0.808208    -0.005255
    0.809309    -0.005225
    0.810410    -0.005195
    0.811512    -0.005165
    0.812613    -0.005135
    0.813714    -0.005105
    0.814815    -0.005075
    0.815916    -0.005045
    0.817017    -0.005015
    0.818118    -0.004985
    0.819219    -0.004955
    0.820320    -0.004925
    0.821421    -0.004895
    0.822523    -0.004865
    0.823624    -0.004835
    0.824725    -0.004805
    0.825826    -0.004775
    0.826927    -0.004745
    0.828028    -0.004715
    0.829129    -0.004685
    0.830230    -0.004655
    0.831331    -0.004625
    0.832432    -0.004595
    0.833534    -0.004565
    0.834635    -0.004535
    0.835736    -0.004505
    0.836837    -0.004475
    0.837938    -0.004445
    0.839039    -0.004415
    0.840140    -0.004385
    0.841241    -0.004355
    0.842342    -0.004325
    0.843443    -0.004294
    0.844545    -0.004264
    0.845646    -0.004234
    0.846747    -0.004204
    0.847848    -0.004174
    0.848949    -0.004144
    0.850050    -0.004114
    0.851151    -0.004084
    0.852252    -0.004054
    0.853353    -0.004024
    0.854454    -0.003994
    0.855556    -0.003964
    0.856657    -0.003934
    0.857758    -0.003904
    0.858859    -0.003874
    0.859960    -0.003843
    0.861061    -0.003813
    0.862162    -0.003783
    0.863263    -0.003753
    0.864364    -0.003723
    0.865465    -0.003693
    0.866567    -0.003663
    0.867668    -0.003633
    0.868769    -0.003603
    0.869870    -0.003573
    0.870971    -0.003543
    0.872072    -0.003512
    0.873173    -0.003482
    0.874274    -0.003452
    0.875375    -0.003422
    0.876476    -0.003392
    0.877578    -0.003362
    0.878679    -0.003332
    0.879780    -0.003302
    0.880881    -0.003271
    0.881982    -0.003241
    0.883083    -0.003211
    0.884184    -0.003181
    0.885285    -0.003151
    0.886386    -0.003121
    0.887487    -0.003091
    0.888589    -0.003060
    0.889690    -0.003030
    0.890791    -0.003000
    0.891892    -0.002970
    0.892993    -0.002940
    0.894094    -0.002910
    0.895195    -0.002880
    0.896296    -0.002849
    0.897397    -0.002819
    0.898498    -0.002789
    0.899600    -0.002759
    0.900701    -0.002729
    0.901802    -0.002699
    0.902903    -0.002668
    0.904004    -0.002638
    0.905105    -0.002608
    0.906206    -0.002578
    0.907307    -0.002548
    0.908408    -0.002518
    0.909510    -0.002487
    0.910611    -0.002457
    0.911712    -0.002427
    0.912813    -0.002397
    0.913914    -0.002367
    0.915015    -0.002336
    0.916116    -0.002306
    0.917217    -0.002276
    0.918318    -0.002246
    0.919419    -0.002216
    0.920521    -0.002185
    0.921622    -0.002155
    0.922723    -0.002125
    0.923824    -0.002095
    0.924925    -0.002065
    0.926026    -0.002034
    0.927127    -0.002004
    0.928228    -0.001974
    0.929329    -0.001944
    0.930430    -0.001913
    0.931532    -0.001883
    0.932633    -0.001853
    0.933734    -0.001823
    0.934835    -0.001792
    0.935936    -0.001762
    0.937037    -0.001732
    0.938138    -0.001702
    0.939239    -0.001672
    0.940340    -0.001641
    0.941441    -0.001611
    0.942543    -0.001581
    0.943644    -0.001551
    0.944745    -0.001520
    0.945846    -0.001490
    0.946947    -0.001460
    0.948048    -0.001430
    0.949149    -0.001399
    0.950250    -0.001369
    0.951351    -0.001339
    0.952452    -0.001309
    0.953554    -0.001278
    0.954655    -0.001248
    0.955756    -0.001218
    0.956857    -0.001187
    0.957958    -0.001157
    0.959059    -0.001127
    0.960160    -0.001097
    0.961261    -0.001066
    0.962362    -0.001036
    0.963463    -0.001006
    0.964565    -0.000976
    0.965666    -0.000945
    0.966767    -0.000915
    0.967868    -0.000885
    0.968969    -0.000854
    0.970070    -0.000824
    0.971171    -0.000794
    0.972272    -0.000763
    0.973373    -0.000733
    0.974474    -0.000703
    0.975576    -0.000673
    0.976677    -0.000642
    0.977778    -0.000612
    0.978879    -0.000582
    0.979980    -0.000551
    0.981081    -0.000521
    0.982182    -0.000491
    0.983283    -0.000460
    0.984384    -0.000430
    0.985485    -0.000400
    0.986587    -0.000369
    0.987688    -0.000339
    0.988789    -0.000309
    0.989890    -0.000279
    0.990991    -0.000248
    0.992092    -0.000218
    0.993193    -0.000188
    0.994294    -0.000157
    0.995395    -0.000127
    0.996496    -0.000097
    0.997598    -0.000066
    0.998699    -0.000036
    0.999800    -0.000006
    1.000901     0.000025
    1.002002     0.000055
    1.003103     0.000086
    1.004204     0.000116
    1.005305     0.000146
    1.006406     0.000177
    1.007508     0.000207
    1.008609     0.000237
    1.009710     0.000268
    1.010811     0.000298
    1.011912     0.000328
    1.013013     0.000359
    1.014114     0.000389
    1.015215     0.000419
    1.016316     0.000450
    1.017417     0.000480
    1.018519     0.000510
    1.019620     0.000541
    1.020721     0.000571
    1.021822     0.000602
    1.022923     0.000632
    1.024024     0.000662
    1.025125     0.000693
    1.026226     0.000723
    1.027327     0.000753
    1.028428     0.000784
    1.029530     0.000814
    1.030631     0.000845
    1.031732     0.000875
    1.032833     0.000905
    1.033934     0.000936
    1.035035     0.000966
    1.036136     0.000997
    1.037237     0.001027
    1.038338     0.001057
    1.039439     0.001088
    1.040541     0.001118
    1.041642     0.001149
    1.042743     0.001179
    1.043844     0.001209
    1.044945     0.001240
    1.046046     0.001270
    1.047147     0.001301
    1.048248     0.001331
    1.049349     0.001361
    1.050450     0.001392
    1.051552     0.001422
    1.052653     0.001453
    1.053754     0.001483
    1.054855     0.001513
    1.055956     0.001544
    1.057057     0.001574
    1.058158     0.001605
    1.059259     0.001635
    1.060360     0.001665
    1.061461     0.001696
    1.062563     0.001726
    1.063664     0.001757
    1.064765     0.001787
    1.065866     0.001818
    1.066967     0.001848
    1.068068     0.001878
    1.069169     0.001909
    1.070270     0.001939
    1.071371     0.001970
    1.072472     0.002000
    1.073574     0.002031
    1.074675     0.002061
    1.075776     0.002092
    1.076877     0.002122
    1.077978     0.002152
    1.079079     0.002183
    1.080180     0.002213
    1.081281     0.002244
    1.082382     0.002274
    1.083483     0.002305
    1.084585     0.002335
    1.085686     0.002366
    1.086787     0.002396
    1.087888     0.002426
    1.088989     0.002457
    1.090090     0.002487
    1.091191     0.002518
    1.092292     0.002548
    1.093393     0.002579
    1.094494     0.002609
    1.095596     0.002640
    1.096697     0.002670
    1.097798     0.002701
    1.098899     0.002731
    1.100000     0.002762
