    0.000000    -0.019961
    0.001101    -0.019931
    0.002202    -0.020060
    0.003303    -0.020000
    0.004404    -0.020014
    0.005506    -0.020028
    0.006607    -0.020085
    0.007708    -0.019945
    0.008809    -0.020033
    0.009910    -0.019785
    0.011011    -0.019884
    0.012112    -0.019877
    0.013213    -0.019858
    0.014314    -0.019778
    0.015415    -0.019930
    0.016517    -0.019953
    0.017618    -0.019861
    0.018719    -0.019782
    0.019820    -0.019868
    0.020921    -0.019847
    0.022022    -0.019831
    0.023123    -0.019772
    0.024224    -0.019796
    0.025325    -0.019865
    0.026426    -0.019864
    0.027528    -0.019877
    0.028629    -0.019867
    0.029730    -0.019713
    0.030831    -0.019778
    0.031932    -0.019870
    0.033033    -0.019828
    0.034134    -0.019634
    0.035235    -0.019640
    0.036336    -0.019741
    0.037437    -0.019858
    0.038539    -0.019711
    0.039640    -0.019617
    0.040741    -0.019762
    0.041842    -0.019602
    0.042943    -0.019670
    0.044044    -0.019711
    0.045145    -0.019603
    0.046246    -0.019676
    0.047347    -0.019682
    0.048448    -0.019686
    0.049550    -0.019704
    0.050651    -0.019639
    0.051752    -0.019676
    0.052853    -0.019637
    0.053954    -0.019550
    0.055055    -0.019641
    0.056156    -0.019572
    0.057257    -0.019592
    0.058358    -0.019582
    0.059459    -0.019624
    0.060561    -0.019542
    0.061662    -0.019459
    0.062763    -0.019581
    0.063864    -0.019541
    0.064965    -0.019523
    0.066066    -0.019491
    0.067167    -0.019566
    0.068268    -0.019410
    0.069369    -0.019642
    0.070470    -0.019481
    0.071572    -0.019419
    0.072673    -0.019493
    0.073774    -0.019455
    0.074875    -0.019324
    0.075976    -0.019466
    0.077077    -0.019595
    0.078178    -0.019414
    0.079279    -0.019534
    0.080380    -0.019422
    0.081481    -0.019305
    0.082583    -0.019462
    0.083684    -0.019351
    0.084785    -0.019314
    0.085886    -0.019326
    0.086987    -0.019463
    0.088088    -0.019468
    0.089189    -0.019287
    0.090290    -0.019280
    0.091391    -0.019323
    0.092492    -0.019362
    0.093594    -0.019342
    0.094695    -0.019354
    0.095796    -0.019465
    0.096897    -0.019205
    0.097998    -0.019264
    0.099099    -0.019274
    0.100200    -0.019117
    0.101301    -0.019269
    0.102402    -0.019347
    0.103504    -0.019292
    0.104605    -0.019163
    0.105706    -0.019181
    0.106807    -0.019329
    0.107908    -0.019016
    0.109009    -0.019050
    0.110110    -0.019243
    0.111211    -0.019165
    0.112312    -0.019101
    0.113413    -0.019083
    0.114515    -0.019070
    0.115616    -0.019117
    0.116717    -0.019113
    0.117818    -0.018914
    0.118919    -0.018974
    0.120020    -0.019108
    0.121121    -0.019127
    0.122222    -0.019057
    0.123323    -0.019107
    0.124424    -0.018968
    0.125526    -0.018961
    0.126627    -0.018945
    0.127728    -0.019088
    0.128829    -0.018969
    0.129930    -0.018911
    0.131031    -0.018999
    0.132132    -0.019112
    0.133233    -0.018863
    0.134334    -0.018909
    0.135435    -0.018938
    0.136537    -0.018805
    0.137638    -0.018857
    0.138739    -0.018916
    0.139840    -0.019032
    0.140941    -0.018831
    0.142042    -0.018914
    0.143143    -0.018889
    0.144244    -0.018772
    0.145345    -0.018697
    0.146446    -0.018888
    0.147548    -0.018931
    0.148649    -0.018823
    0.149750    -0.018809
    0.150851    -0.018844
    0.151952    -0.018764
    0.153053    -0.018749
    0.154154    -0.018770
    0.155255    -0.018821
    0.156356    -0.018749
    0.157457    -0.018821
    0.158559    -0.018889
    0.159660    -0.018721
    0.160761    -0.018635
    0.161862    -0.018556
    0.162963    -0.018762
    0.164064    -0.018784
    0.165165    -0.018665
    0.166266    -0.018630
    0.167367    -0.018752
    0.168468    -0.018714
    0.169570    -0.018631
    0.170671    -0.018573
    0.171772    -0.018484
    0.172873    -0.018627
    0.173974    -0.018614
    0.175075    -0.018658
    0.176176    -0.018568
    0.177277    -0.018535
    0.178378    -0.018463
    0.179479    -0.018600
    0.180581    -0.018628
    0.181682    -0.018381
    0.182783    -0.018536
    0.183884    -0.018621
    0.184985    -0.018367
    0.186086    -0.018472
    0.187187    -0.018542
    0.188288    -0.018442
    0.189389    -0.018340
    0.190490    -0.018537
    0.191592    -0.018376
    0.192693    -0.018415
    0.193794    -0.018262
    0.194895    -0.018372
    0.195996    -0.018278
    0.197097    -0.018385
    0.198198    -0.018276
    0.199299    -0.018260
    0.200400    -0.018278
    0.201502    -0.018369
    0.202603    -0.018246
    0.203704    -0.018250
    0.204805    -0.018297
    0.205906    -0.018216
    0.207007    -0.018323
    0.208108    -0.018367
    0.209209    -0.018157
    0.210310    -0.018167
    0.211411    -0.018124
    0.212513    -0.018212
    0.213614    -0.018182
    0.214715    -0.018320
    0.215816    -0.018236
    0.216917    -0.018086
    0.218018    -0.018069
    0.219119    -0.017904
    0.220220    -0.018170
    0.221321    -0.018213
    0.222422    -0.017990
    0.223524    -0.018025
    0.224625    -0.017872
    0.225726    -0.018114
    0.226827    -0.017922
    0.227928    -0.018085
    0.229029    -0.017884
    0.230130    -0.018020
    0.231231    -0.017932
    0.232332    -0.017879
    0.233433    -0.017871
    0.234535    -0.017897
    0.235636    -0.017871
    0.236737    -0.017930
    0.237838    -0.017999
    0.238939    -0.017962
    0.240040    -0.017970
    0.241141    -0.017908
    0.242242    -0.017786
    0.243343    -0.017915
    0.244444    -0.017976
    0.245546    -0.017830
    0.246647    -0.017759
    0.247748    -0.017769
    0.248849    -0.017833
    0.249950    -0.017694
    0.251051    -0.017707
    0.252152    -0.017698
    0.253253    -0.017776
    0.254354    -0.017581
    0.255455    -0.017740
    0.256557    -0.017601
    0.257658    -0.017698
    0.258759    -0.017672
    0.259860    -0.017546
    0.260961    -0.017570
    0.262062    -0.017737
    0.263163    -0.017628
    0.264264    -0.017438
    0.265365    -0.017583
    0.266466    -0.017425
    0.267568    -0.017447
    0.268669    -0.017529
    0.269770    -0.017502
    0.270871    -0.017353
    0.271972    -0.017410
    0.273073    -0.017384
    0.274174    -0.017333
    0.275275    -0.017395
    0.276376    -0.017434
    0.277477    -0.017342
    0.278579    -0.017278
    0.279680    -0.017381
    0.280781    -0.017359
    0.281882    -0.017405
    0.282983    -0.017312
    0.284084    -0.017213
    0.285185    -0.017298
    0.286286    -0.017317
    0.287387    -0.017164
    0.288488    -0.017286
    0.289590    -0.017225
    0.290691    -0.017206
    0.291792    -0.017264
    0.292893    -0.017085
    0.293994    -0.016951
    0.295095    -0.017100
    0.296196    -0.017105
    0.297297    -0.017088
    0.298398    -0.017096
    0.299499    -0.016954
    0.300601    -0.017024
    0.301702    -0.017070
    0.302803    -0.017108
    0.303904    -0.017034
    0.305005    -0.017079
    0.306106    -0.017017
    0.307207    -0.016908
    0.308308    -0.017012
    0.309409    -0.016883
    0.310511    -0.016928
    0.311612    -0.016915
    0.312713    -0.016949
    0.313814    -0.016902
    0.314915    -0.016845
    0.316016    -0.016980
    0.317117    -0.016900
    0.318218    -0.016885
    0.319319    -0.016724
    0.320420    -0.016819
    0.321522    -0.016737
    0.322623    -0.016701
    0.323724    -0.016687
    0.324825    -0.016721
    0.325926    -0.016775
    0.327027    -0.016889
    0.328128    -0.016606
    0.329229    -0.016713
    0.330330    -0.016610
    0.331431    -0.016563
    0.332533    -0.016621
    0.333634    -0.016592
    0.334735    -0.016541
    0.335836    -0.016681
    0.336937    -0.016488
    0.338038    -0.016461
    0.339139    -0.016495
    0.340240    -0.016577
    0.341341    -0.016520
    0.342442    -0.016433
    0.343544    -0.016481
    0.344645    -0.016463
    0.345746    -0.016370
    0.346847    -0.016357
    0.347948    -0.016334
    0.349049    -0.016470
    0.350150    -0.016254
    0.351251    -0.016176
    0.352352    -0.016203
    0.353453    -0.016236
    0.354555    -0.016305
    0.355656    -0.016283
    0.356757    -0.016188
    0.357858    -0.016308
    0.358959    -0.016092
    0.360060    -0.016164
    0.361161    -0.016176
    0.362262    -0.016051
    0.363363    -0.016071
    0.364464    -0.016010
    0.365566    -0.016068
    0.366667    -0.015963
    0.367768    -0.016006
    0.368869    -0.016041
    0.369970    -0.016082
    0.371071    -0.015936
    0.372172    -0.015998
    0.373273    -0.015980
    0.374374    -0.015966
    0.375475    -0.015991
    0.376577    -0.015893
    0.377678    -0.015835
    0.378779    -0.015830
    0.379880    -0.015760
    0.380981    -0.015998
    0.382082    -0.015773
    0.383183    -0.015702
    0.384284    -0.015857
    0.385385    -0.015744
    0.386486    -0.015661
    0.387588    -0.015867
    0.388689    -0.015643
    0.389790    -0.015628
    0.390891    -0.015549
    0.391992    -0.015658
    0.393093    -0.015538
    0.394194    -0.015671
    0.395295    -0.015502
    0.396396    -0.015526
    0.397497    -0.015622
    0.398599    -0.015528
    0.399700    -0.015534
    0.400801    -0.015493
    0.401902    -0.015403
    0.403003    -0.015503
    0.404104    -0.015306
    0.405205    -0.015346
    0.406306    -0.015426
    0.407407    -0.015203
    0.408509    -0.015265
    0.409610    -0.015323
    0.410711    -0.015174
    0.411812    -0.015279
    0.412913    -0.015237
    0.414014    -0.015307
    0.415115    -0.015235
    0.416216    -0.015114
    0.417317    -0.015165
    0.418418    -0.015030
    0.419520    -0.015197
    0.420621    -0.015076
    0.421722    -0.015085
    0.422823    -0.015032
    0.423924    -0.015060
    0.425025    -0.015044
    0.426126    -0.015023
    0.427227    -0.015154
    0.428328    -0.014809
    0.429429    -0.014860
    0.430531    -0.014921
    0.431632    -0.014747
    0.432733    -0.014811
    0.433834    -0.014846
    0.434935    -0.014911
    0.436036    -0.014892
    0.437137    -0.014745
    0.438238    -0.014828
    0.439339    -0.014806
    0.440440    -0.014754
    0.441542    -0.014741
    0.442643    -0.014668
    0.443744    -0.014715
    0.444845    -0.014674
    0.445946    -0.014607
    0.447047    -0.014580
    0.448148    -0.014642
    0.449249    -0.014440
    0.450350    -0.014523
    0.451451    -0.014465
    0.452553    -0.014460
    0.453654    -0.014447
    0.454755    -0.014484
    0.455856    -0.014629
    0.456957    -0.014427
    0.458058    -0.014342
    0.459159    -0.014415
    0.460260    -0.014396
    0.461361    -0.014262
    0.462462    -0.014358
    0.463564    -0.014243
    0.464665    -0.014283
    0.465766    -0.014197
    0.466867    -0.014280
    0.467968    -0.014312
    0.469069    -0.014104
    0.470170    -0.014188
    0.471271    -0.014104
    0.472372    -0.013997
    0.473473    -0.014102
    0.474575    -0.014180
    0.475676    -0.013909
    0.476777    -0.014235
    0.477878    -0.013911
    0.478979    -0.013870
    0.480080    -0.013945
    0.481181    -0.013997
    0.482282    -0.013887
    0.483383    -0.013834
    0.484484    -0.013852
    0.485586    -0.013894
    0.486687    -0.013812
    0.487788    -0.014016
    0.488889    -0.013770
    0.489990    -0.013764
    0.491091    -0.013753
    0.492192    -0.013928
    0.493293    -0.013803
    0.494394    -0.013694
    0.495495    -0.013659
    0.496597    -0.013531
    0.497698    -0.013635
    0.498799    -0.013635
    0.499900    -0.013566
    0.501001    -0.013480
    0.502102    -0.013520
    0.503203    -0.013427
    0.504304    -0.013460
    0.505405    -0.013298
    0.506507    -0.013459
    0.507608    -0.013453
    0.508709    -0.013496
    0.509810    -0.013263
    0.510911    -0.013241
    0.512012    -0.013254
    0.513113    -0.013262
    0.514214    -0.013299
    0.515315    -0.013195
    0.516416    -0.013215
    0.517518    -0.013306
    0.518619    -0.013334
    0.519720    -0.013203
    0.520821    -0.012982
    0.521922    -0.013072
    0.523023    -0.013049
    0.524124    -0.013124
    0.525225    -0.013013
    0.526326    -0.013021
    0.527427    -0.013109
    0.528529    -0.013013
    0.529630    -0.012939
    0.530731    -0.012782
    0.531832    -0.012842
    0.532933    -0.012831
    0.534034    -0.012820
    0.535135    -0.012857
    0.536236    -0.012723
    0.537337    -0.012572
    0.538438    -0.012686
    0.539540    -0.012691
    0.540641    -0.012652
    0.541742    -0.012544
    0.542843    -0.012552
    0.543944    -0.012556
    0.545045    -0.012626
    0.546146    -0.012553
    0.547247    -0.012551
    0.548348    -0.012572
    0.549449    -0.012439
    0.550551    -0.012534
    0.551652    -0.012341
    0.552753    -0.012456
    0.553854    -0.012348
    0.554955    -0.012388
    0.556056    -0.012329
    0.557157    -0.012372
    0.558258    -0.012256
    0.559359    -0.012219
    0.560460    -0.012210
    0.561562    -0.012294
    0.562663    -0.012100
    0.563764    -0.012067
    0.564865    -0.012163
    0.565966    -0.012094
    0.567067    -0.011972
    0.568168    -0.012128
    0.569269    -0.012058
    0.570370    -0.012025
    0.571471    -0.011996
    0.572573    -0.012005
    0.573674    -0.011783
    0.574775    -0.011902
    0.575876    -0.011994
    0.576977    -0.011922
    0.578078    -0.011756
    0.579179    -0.011881
    0.580280    -0.011831
    0.581381    -0.011682
    0.582482    -0.011701
    0.583584    -0.011708
    0.584685    -0.011730
    0.585786    -0.011544
    0.586887    -0.011492
    0.587988    -0.011467
    0.589089    -0.011701
    0.590190    -0.011443
    0.591291    -0.011508
    0.592392    -0.011650
    0.593493    -0.011473
    0.594595    -0.011529
    0.595696    -0.011332
    0.596797    -0.011400
    0.597898    -0.011396
    0.598999    -0.011393
    0.600100    -0.011261
    0.601201    -0.011174
    0.602302    -0.011259
    0.603403    -0.011122
    0.604505    -0.011152
    0.605606    -0.011120
    0.606707    -0.011189
    0.607808    -0.011023
    0.608909    -0.010908
    0.610010    -0.011035
    0.611111    -0.011056
    0.612212    -0.011080
    0.613313    -0.010957
    0.614414    -0.010895
    0.615516    -0.010887
    0.616617    -0.011024
    0.617718    -0.010855
    0.618819    -0.010860
    0.619920    -0.010838
    0.621021    -0.010762
    0.622122    -0.010802
    0.623223    -0.010577
    0.624324    -0.010630
    0.625425    -0.010534
    0.626527    -0.010588
    0.627628    -0.010540
    0.628729    -0.010582
    0.629830    -0.010597
    0.630931    -0.010594
    0.632032    -0.010500
    0.633133    -0.010377
    0.634234    -0.010496
    0.635335    -0.010509
    0.636436    -0.010321
    0.637538    -0.010308
    0.638639    -0.010290
    0.639740    -0.010332
    0.640841    -0.010430
    0.641942    -0.010327
    0.643043    -0.010134
    0.644144    -0.010113
    0.645245    -0.010265
    0.646346    -0.010033
    0.647447    -0.010169
    0.648549    -0.010022
    0.649650    -0.010120
    0.650751    -0.009990
    0.651852    -0.010015
    0.652953    -0.009998
    0.654054    -0.010059
    0.655155    -0.009962
    0.656256    -0.009879
    0.657357    -0.009813
    0.658458    -0.009962
    0.659560    -0.009709
    0.660661    -0.009799
    0.661762    -0.009729
    0.662863    -0.009628
    0.663964    -0.009769
    0.665065    -0.009628
    0.666166    -0.009690
    0.667267    -0.009711
    0.668368    -0.009593
    0.669469    -0.009689
    0.670571    -0.009458
    0.671672    -0.009459
    0.672773    -0.009552
    0.673874    -0.009481
    0.674975    -0.009466
    0.676076    -0.009276
    0.677177    -0.009448
    0.678278    -0.009214
    0.679379    -0.009103
    0.680480    -0.009335
    0.681582    -0.009161
    0.682683    -0.009223
    0.683784    -0.009168
    0.684885    -0.009179
    0.685986    -0.009140
    0.687087    -0.009136
    0.688188    -0.009115
    0.689289    -0.008999
    0.690390    -0.009039
    0.691491    -0.008943
    0.692593    -0.008975
    0.693694    -0.008923
    0.694795    -0.008819
    0.695896    -0.008807
    0.696997    -0.008751
    0.698098    -0.008732
    0.699199    -0.009025
    0.700300    -0.008816
    0.701401    -0.008618
    0.702503    -0.008608
    0.703604    -0.008524
    0.704705    -0.008541
    0.705806    -0.008639
    0.706907    -0.008549
    0.708008    -0.008514
    0.709109    -0.008491
    0.710210    -0.008488
    0.711311    -0.008541
    0.712412    -0.008405
    0.713514    -0.008463
    0.714615    -0.008236
    0.715716    -0.008343
    0.716817    -0.008353
    0.717918    -0.008240
    0.719019    -0.008244
    0.720120    -0.008308
    0.721221    -0.008223
    0.722322    -0.008164
    0.723423    -0.008028
    0.724525    -0.008040
    0.725626    -0.007997
    0.726727    -0.008083
    0.727828    -0.008096
    0.728929    -0.007907
    0.730030    -0.007841
    0.731131    -0.007874
    0.732232    -0.007927
    0.733333    -0.007808
    0.734434    -0.007802
    0.735536    -0.007830
    0.736637    -0.007872
    0.737738    -0.007643
    0.738839    -0.007643
    0.739940    -0.007593
    0.741041    -0.007656
    0.742142    -0.007647
    0.743243    -0.007542
    0.744344    -0.007659
    0.745445    -0.007524
    0.746547    -0.007468
    0.747648    -0.007457
    0.748749    -0.007467
    0.749850    -0.007408
    0.750951    -0.007413
    0.752052    -0.007367
    0.753153    -0.007232
    0.754254    -0.007313
    0.755355    -0.007307
    0.756456    -0.007283
    0.757558    -0.007399
    0.758659    -0.007084
    0.759760    -0.007199
    0.760861    -0.007057
    0.761962    -0.007117
    0.763063    -0.006925
    0.764164    -0.007032
    0.765265    -0.006795
    0.766366    -0.006883
    0.767467    -0.006950
    0.768569    -0.006861
    0.769670    -0.006941
    0.770771    -0.006757
    0.771872    -0.006805
    0.772973    -0.006962
    0.774074    -0.006763
    0.775175    -0.006713
    0.776276    -0.006772
    0.777377    -0.006700
    0.778478    -0.006624
    0.779580    -0.006622
    0.780681    -0.006732
    0.781782    -0.006472
    0.782883    -0.006438
    0.783984    -0.006479
    0.785085    -0.006508
    0.786186    -0.006456
    0.787287    -0.006382
    0.788388    -0.006212
    0.789489    -0.006261
    0.790591    -0.006232
    0.791692    -0.006206
    0.792793    -0.006152
    0.793894    -0.006164
    0.794995    -0.006309
    0.796096    -0.006107
    0.797197    -0.006115
    0.798298    -0.006216
    0.799399    -0.006034
    0.800501    -0.005919
    0.801602    -0.005907
    0.802703    -0.005929
    0.803804    -0.005823
    0.804905    -0.005898
    0.806006    -0.005850
    0.807107    -0.005783
    0.808208    -0.005618
    0.809309    -0.005808
    0.810410    -0.005586
    0.811512    -0.005504
    0.812613    -0.005554
    0.813714    -0.005569
    0.814815    -0.005624
    0.815916    -0.005592
    0.817017    -0.005471
    0.818118    -0.005426
    0.819219    -0.005339
    0.820320    -0.005287
    0.821421    -0.005422
    0.822523    -0.005272
    0.823624    -0.005422
    0.824725    -0.005275
    0.825826    -0.005304
    0.826927    -0.005255
    0.828028    -0.005259
    0.829129    -0.005092
    0.830230    -0.004975
    0.831331    -0.005113
    0.832432    -0.005071
    0.833534    -0.004916
    0.834635    -0.005082
    0.835736    -0.004951
    0.836837    -0.005024
    0.837938    -0.004880
    0.839039    -0.004891
    0.840140    -0.004897
    0.841241    -0.004879
    0.842342    -0.004760
    0.843443    -0.004713
    0.844545    -0.004574
    0.845646    -0.004740
    0.846747    -0.004669
    0.847848    -0.004608
    0.848949    -0.004681
    0.850050    -0.004444
    0.851151    -0.004510
    0.852252    -0.004452
    0.853353    -0.004436
    0.854454    -0.004417
    0.855556    -0.004223
    0.856657    -0.004314
    0.857758    -0.004373
    0.858859    -0.004305
    0.859960    -0.004171
    0.861061    -0.004200
    0.862162    -0.004248
    0.863263    -0.004280
    0.864364    -0.004163
    0.865465    -0.004038
    0.866567    -0.004052
    0.867668    -0.003982
    0.868769    -0.004082
    0.869870    -0.003839
    0.870971    -0.003852
    0.872072    -0.003854
    0.873173    -0.003830
    0.874274    -0.003828
    0.875375    -0.003783
    0.876476    -0.003796
    0.877578    -0.003722
    0.878679    -0.003645
    0.879780    -0.003686
    0.880881    -0.003662
    0.881982    -0.003597
    0.883083    -0.003673
    0.884184    -0.003470
    0.885285    -0.003422
    0.886386    -0.003488
    0.887487    -0.003336
    0.888589    -0.003376
    0.889690    -0.003354
    0.890791    -0.003300
    0.891892    -0.003248
    0.892993    -0.003248
    0.894094    -0.003141
    0.895195    -0.003279
    0.896296    -0.003177
    0.897397    -0.003181
    0.898498    -0.003024
    0.899600    -0.003065
    0.900701    -0.002973
    0.901802    -0.003048
    0.902903    -0.003126
    0.904004    -0.002894
    0.905105    -0.002996
    0.906206    -0.002832
    0.907307    -0.002760
    0.908408    -0.002804
    0.909510    -0.002807
    0.910611    -0.002705
    0.911712    -0.002786
    0.912813    -0.002799
    0.913914    -0.002649
    0.915015    -0.002707
    0.916116    -0.002546
    0.917217    -0.002588
    0.918318    -0.002559
    0.919419    -0.002387
    0.920521    -0.002514
    0.921622    -0.002270
    0.922723    -0.002432
    0.923824    -0.002481
    0.924925    -0.002303
    0.926026    -0.002208
    0.927127    -0.002266
    0.928228    -0.002364
    0.929329    -0.002067
    0.930430    -0.002123
    0.931532    -0.002067
    0.932633    -0.002084
    0.933734    -0.001944
    0.934835    -0.002007
    0.935936    -0.001980
    0.937037    -0.001916
    0.938138    -0.001875
    0.939239    -0.001878
    0.940340    -0.001796
    0.941441    -0.001805
    0.942543    -0.001748
    0.943644    -0.001627
    0.944745    -0.001765
    0.945846    -0.001810
    0.946947    -0.001667
    0.948048    -0.001723
    0.949149    -0.001493
    0.950250    -0.001535
    0.951351    -0.001590
    0.952452    -0.001494
    0.953554    -0.001343
    0.954655    -0.001387
    0.955756    -0.001323
    0.956857    -0.001333
    0.957958    -0.001360
    0.959059    -0.001156
    0.960160    -0.001169
    0.961261    -0.001224
    0.962362    -0.001168
    0.963463    -0.001196
    0.964565    -0.001243
    0.965666    -0.001062
    0.966767    -0.001083
    0.967868    -0.000922
    0.968969    -0.000899
    0.970070    -0.000982
    0.971171    -0.000833
    0.972272    -0.000811
    0.973373    -0.000843
    0.974474    -0.000765
    0.975576    -0.000749
    0.976677    -0.000830
    0.977778    -0.000718
    0.978879    -0.000643
    0.979980    -0.000696
    0.981081    -0.000576
    0.982182    -0.000592
    0.983283    -0.000577
    0.984384    -0.000644
    0.985485    -0.000500
    0.986587    -0.000462
    0.987688    -0.000376
    0.988789    -0.000198
    0.989890    -0.000349
    0.990991    -0.000146
    0.992092    -0.000197
    0.993193    -0.000119
    0.994294    -0.000207
    0.995395    -0.000025
    0.996496    -0.000056
    0.997598    -0.000113
    0.998699    -0.000087
    0.999800    -0.000063
    1.000901     0.000115
    1.002002     0.000147
    1.003103     0.000153
    1.004204     0.000035
    1.005305     0.000234
    1.006406     0.000230
    1.007508     0.000260
    1.008609     0.000379
    1.009710     0.000157
    1.010811     0.000307
    1.011912     0.000256
    1.013013     0.000489
    1.014114     0.000374
    1.015215     0.000369
    1.016316     0.000642
    1.017417     0.000551
    1.018519     0.000442
    1.019620     0.000564
    1.020721     0.000720
    1.021822     0.000528
    1.022923     0.000542
    1.024024     0.000813
    1.025125     0.000900
    1.026226     0.000893
    1.027327     0.000729
    1.028428     0.000891
    1.029530     0.000938
    1.030631     0.000963
    1.031732     0.000934
    1.032833     0.001016
    1.033934     0.001036
    1.035035     0.001208
    1.036136     0.001055
    1.037237     0.001058
    1.038338     0.001111
    1.039439     0.001119
    1.040541     0.001139
    1.041642     0.001316
    1.042743     0.001451
    1.043844     0.001457
    1.044945     0.001272
    1.046046     0.001383
    1.047147     0.001567
    1.048248     0.001617
    1.049349     0.001660
    1.050450     0.001593
    1.051552     0.001687
    1.052653     0.001758
    1.053754     0.001654
    1.054855     0.001815
    1.055956     0.001706
    1.057057     0.001830
    1.058158     0.001929
    1.059259     0.001779
    1.060360     0.001818
    1.061461     0.001864
    1.062563     0.001990
    1.063664     0.002082
    1.064765     0.002130
    1.065866     0.002027
    1.066967     0.002210
    1.068068     0.002225
    1.069169     0.002157
    1.070270     0.002194
    1.071371     0.002399
    1.072472     0.002376
    1.073574     0.002486
    1.074675     0.002459
    1.075776     0.002352
    1.076877     0.002476
    1.077978     0.002485
    1.079079     0.002517
    1.080180     0.002535
    1.081281     0.002694
    1.082382     0.002624
    1.083483     0.002647
    1.084585     0.002622
    1.085686     0.002728
    1.086787     0.002793
    1.087888     0.002866
    1.088989     0.002835
    1.090090     0.002876
    1.091191     0.002943
    1.092292     0.003032
    1.093393     0.003006
    1.094494     0.003039
    1.095596     0.003108
    1.096697     0.003103
    1.097798     0.003045
    1.098899     0.003193
    1.100000     0.003232
