    0.000000    -0.020023
    0.001101    -0.019966
    0.002202    -0.020074
    0.003303    -0.020073
    0.004404    -0.019954
    0.005506    -0.020088
    0.006607    -0.019996
    0.007708    -0.020040
    0.008809    -0.019926
    0.009910    -0.019964
    0.011011    -0.020000
    0.012112    -0.019911
    0.013213    -0.019995
    0.014314    -0.020049
    0.015415    -0.019933
    0.016517    -0.019998
    0.017618    -0.019950
    0.018719    -0.019855
    0.019820    -0.020064
    0.020921    -0.020096
    0.022022    -0.019838
    0.023123    -0.020132
    0.024224    -0.019930
    0.025325    -0.019949
    0.026426    -0.019960
    0.027528    -0.020012
    0.028629    -0.020027
    0.029730    -0.019948
    0.030831    -0.019944
    0.031932    -0.019934
    0.033033    -0.020109
    0.034134    -0.020095
    0.035235    -0.020059
    0.036336    -0.019883
    0.037437    -0.020004
    0.038539    -0.019963
    0.039640    -0.020186
    0.040741    -0.020012
    0.041842    -0.019944
    0.042943    -0.019984
    0.044044    -0.020031
    0.045145    -0.019888
    0.046246    -0.019960
    0.047347    -0.019910
    0.048448    -0.019940
    0.049550    -0.019887
    0.050651    -0.020143
    0.051752    -0.020051
    0.052853    -0.019881
    0.053954    -0.020046
    0.055055    -0.019939
    0.056156    -0.019901
    0.057257    -0.020042
    0.058358    -0.019924
    0.059459    -0.020054
    0.060561    -0.019916
    0.061662    -0.020011
    0.062763    -0.020038
    0.063864    -0.019906
    0.064965    -0.019998
    0.066066    -0.020002
    0.067167    -0.019900
    0.068268    -0.019956
    0.069369    -0.019869
    0.070470    -0.020039
    0.071572    -0.019954
    0.072673    -0.020001
    0.073774    -0.020018
    0.074875    -0.019798
    0.075976    -0.019917
    0.077077    -0.019957
    0.078178    -0.019971
    0.079279    -0.020047
    0.080380    -0.020099
    0.081481    -0.019997
    0.082583    -0.019888
    0.083684    -0.019890
    0.084785    -0.020021
    0.085886    -0.020066
    0.086987    -0.020035
    0.088088    -0.019897
    0.089189    -0.019843
    0.090290    -0.020007
    0.091391    -0.019960
    0.092492    -0.019892
    0.093594    -0.019848
    0.094695    -0.019981
    0.095796    -0.019958
    0.096897    -0.019984
    0.097998    -0.019876
    0.099099    -0.019812
    0.100200    -0.019957
    0.101301    -0.019860
    0.102402    -0.020109
    0.103504    -0.019989
    0.104605    -0.019898
    0.105706    -0.019950
    0.106807    -0.020131
    0.107908    -0.020088
    0.109009    -0.020017
    0.110110    -0.019871
    0.111211    -0.020053
    0.112312    -0.019943
    0.113413    -0.019874
    0.114515    -0.019938
    0.115616    -0.019941
    0.116717    -0.020019
    0.117818    -0.019996
    0.118919    -0.020055
    0.120020    -0.019961
    0.121121    -0.019936
    0.122222    -0.019984
    0.123323    -0.019999
    0.124424    -0.019968
    0.125526    -0.019929
    0.126627    -0.019947
    0.127728    -0.019948
    0.128829    -0.020056
    0.129930    -0.019994
    0.131031    -0.019956
    0.132132    -0.020004
    0.133233    -0.019865
    0.134334    -0.019876
    0.135435    -0.020030
    0.136537    -0.019796
    0.137638    -0.019987
    0.138739    -0.019854
    0.139840    -0.019966
    0.140941    -0.020050
    0.142042    -0.019868
    0.143143    -0.019829
    0.144244    -0.019930
    0.145345    -0.020086
    0.146446    -0.019928
    0.147548    -0.019920
    0.148649    -0.019839
    0.149750    -0.019844
    0.150851    -0.019923
    0.151952    -0.019929
    0.153053    -0.019917
    0.154154    -0.020014
    0.155255    -0.020040
    0.156356    -0.019886
    0.157457    -0.019929
    0.158559    -0.019889
    0.159660    -0.019936
    0.160761    -0.019967
    0.161862    -0.019905
    0.162963    -0.019935
    0.164064    -0.019987
    0.165165    -0.019785
    0.166266    -0.019898
    0.167367    -0.019895
    0.168468    -0.019928
    0.169570    -0.019913
    0.170671    -0.019859
    0.171772    -0.019967
    0.172873    -0.019832
    0.173974    -0.019959
    0.175075    -0.019737
    0.176176    -0.019742
    0.177277    -0.019856
    0.178378    -0.019827
    0.179479    -0.020022
    0.180581    -0.019895
    0.181682    -0.019830
    0.182783    -0.019743
    0.183884    -0.019789
    0.184985    -0.019974
    0.186086    -0.020046
    0.187187    -0.019881
    0.188288    -0.019929
    0.189389    -0.020092
    0.190490    -0.019850
    0.191592    -0.019832
    0.192693    -0.019847
    0.193794    -0.019871
    0.194895    -0.019838
    0.195996    -0.019789
    0.197097    -0.019731
    0.198198    -0.019860
    0.199299    -0.019809
    0.200400    -0.019966
    0.201502    -0.020040
    0.202603    -0.019908
    0.203704    -0.019812
    0.204805    -0.019770
    0.205906    -0.019682
    0.207007    -0.019732
    0.208108    -0.019840
    0.209209    -0.019758
    0.210310    -0.019774
    0.211411    -0.019678
    0.212513    -0.019695
    0.213614    -0.019617
    0.214715    -0.019831
    0.215816    -0.019689
    0.216917    -0.019791
    0.218018    -0.019759
    0.219119    -0.019851
    0.220220    -0.019807
    0.221321    -0.019827
    0.222422    -0.019724
    0.223524    -0.019828
    0.224625    -0.019626
    0.225726    -0.019766
    0.226827    -0.019779
    0.227928    -0.019780
    0.229029    -0.019702
    0.230130    -0.019756
    0.231231    -0.019785
    0.232332    -0.019821
    0.233433    -0.019713
    0.234535    -0.019823
    0.235636    -0.019719
    0.236737    -0.019708
    0.237838    -0.019661
    0.238939    -0.019709
    0.240040    -0.019805
    0.241141    -0.019628
    0.242242    -0.019731
    0.243343    -0.019797
    0.244444    -0.019716
    0.245546    -0.019682
    0.246647    -0.019731
    0.247748    -0.019631
    0.248849    -0.019707
    0.249950    -0.019661
    0.251051    -0.019698
    0.252152    -0.019653
    0.253253    -0.019630
    0.254354    -0.019660
    0.255455    -0.019619
    0.256557    -0.019708
    0.257658    -0.019598
    0.258759    -0.019636
    0.259860    -0.019586
    0.260961    -0.019601
    0.262062    -0.019421
    0.263163    -0.019692
    0.264264    -0.019351
    0.265365    -0.019347
    0.266466    -0.019398
    0.267568    -0.019561
    0.268669    -0.019610
    0.269770    -0.019517
    0.270871    -0.019382
    0.271972    -0.019561
    0.273073    -0.019585
    0.274174    -0.019506
    0.275275    -0.019531
    0.276376    -0.019488
    0.277477    -0.019479
    0.278579    -0.019297
    0.279680    -0.019431
    0.280781    -0.019535
    0.281882    -0.019447
    0.282983    -0.019402
    0.284084    -0.019298
    0.285185    -0.019456
    0.286286    -0.019508
    0.287387    -0.019460
    0.288488    -0.019420
    0.289590    -0.019538
    0.290691    -0.019261
    0.291792    -0.019337
    0.292893    -0.019256
    0.293994    -0.019453
    0.295095    -0.019483
    0.296196    -0.019273
    0.297297    -0.019564
    0.298398    -0.019198
    0.299499    -0.019384
    0.300601    -0.019250
    0.301702    -0.019164
    0.302803    -0.019391
    0.303904    -0.019320
    0.305005    -0.019276
    0.306106    -0.019245
    0.307207    -0.019264
    0.308308    -0.019247
    0.309409    -0.019280
    0.310511    -0.019302
    0.311612    -0.019135
    0.312713    -0.019247
    0.313814    -0.019324
    0.314915    -0.019252
    0.316016    -0.019216
    0.317117    -0.019059
    0.318218    -0.019213
    0.319319    -0.019190
    0.320420    -0.019110
    0.321522    -0.019176
    0.322623    -0.019109
    0.323724    -0.019049
    0.324825    -0.019166
    0.325926    -0.019005
    0.327027    -0.019082
    0.328128    -0.019049
    0.329229    -0.019046
    0.330330    -0.019020
    0.331431    -0.019014
    0.332533    -0.018953
    0.333634    -0.018847
    0.334735    -0.019003
    0.335836    -0.018950
    0.336937    -0.018869
    0.338038    -0.018919
    0.339139    -0.018996
    0.340240    -0.018835
    0.341341    -0.018798
    0.342442    -0.018865
    0.343544    -0.018911
    0.344645    -0.018771
    0.345746    -0.018722
    0.346847    -0.018721
    0.347948    -0.018731
    0.349049    -0.018836
    0.350150    -0.018785
    0.351251    -0.018883
    0.352352    -0.018719
    0.353453    -0.018702
    0.354555    -0.018729
    0.355656    -0.018919
    0.356757    -0.018628
    0.357858    -0.018613
    0.358959    -0.018685
    0.360060    -0.018595
    0.361161    -0.018617
    0.362262    -0.018536
    0.363363    -0.018490
    0.364464    -0.018580
    0.365566    -0.018584
    0.366667    -0.018488
    0.367768    -0.018578
    0.368869    -0.018469
    0.369970    -0.018469
    0.371071    -0.018512
    0.372172    -0.018356
    0.373273    -0.018572
    0.374374    -0.018432
    0.375475    -0.018461
    0.376577    -0.018345
    0.377678    -0.018423
    0.378779    -0.018358
    0.379880    -0.018430
    0.380981    -0.018364
    0.382082    -0.018333
    0.383183    -0.018296
    0.384284    -0.018486
    0.385385    -0.018154
    0.386486    -0.018327
    0.387588    -0.018204
    0.388689    -0.018280
    0.389790    -0.018131
    0.390891    -0.018086
    0.391992    -0.018071
    0.393093    -0.018315
    0.394194    -0.018139
    0.395295    -0.018194
    0.396396    -0.018050
    0.397497    -0.018115
    0.398599    -0.017984
    0.399700    -0.017961
    0.400801    -0.018077
    0.401902    -0.017970
    0.403003    -0.018044
    0.404104    -0.017943
    0.405205    -0.018093
    0.406306    -0.017904
    0.407407    -0.017865
    0.408509    -0.017978
    0.409610    -0.017878
    0.410711    -0.017998
    0.411812    -0.017688
    0.412913    -0.017786
    0.414014    -0.017787
    0.415115    -0.017777
    0.416216    -0.017656
    0.417317    -0.017725
    0.418418    -0.017672
    0.419520    -0.017742
    0.420621    -0.017616
    0.421722    -0.017569
    0.422823    -0.017663
    0.423924    -0.017498
    0.425025    -0.017446
    0.426126    -0.017445
    0.427227    -0.017487
    0.428328    -0.017516
    0.429429    -0.017527
    0.430531    -0.017466
    0.431632    -0.017489
    0.432733    -0.017434
    0.433834    -0.017372
    0.434935    -0.017478
    0.436036    -0.017250
    0.437137    -0.017341
    0.438238    -0.017405
    0.439339    -0.017247
    0.440440    -0.017234
    0.441542    -0.017164
    0.442643    -0.017269
    0.443744    -0.017303
    0.444845    -0.017194
    0.445946    -0.017028
    0.447047    -0.017174
    0.448148    -0.017047
    0.449249    -0.017031
    0.450350    -0.017139
    0.451451    -0.017110
    0.452553    -0.016970
    0.453654    -0.017012
    0.454755    -0.016879
    0.455856    -0.016862
    0.456957    -0.016812
    0.458058    -0.016835
    0.459159    -0.016744
    0.460260    -0.016879
    0.461361    -0.016723
    0.462462    -0.016661
    0.463564    -0.016702
    0.464665    -0.016908
    0.465766    -0.016804
    0.466867    -0.016663
    0.467968    -0.016704
    0.469069    -0.016702
    0.470170    -0.016590
    0.471271    -0.016494
    0.472372    -0.016549
    0.473473    -0.016542
    0.474575    -0.016557
    0.475676    -0.016466
    0.476777    -0.016490
    0.477878    -0.016393
    0.478979    -0.016372
    0.480080    -0.016553
    0.481181    -0.016488
    0.482282    -0.016262
    0.483383    -0.016306
    0.484484    -0.016330
    0.485586    -0.016290
    0.486687    -0.016383
    0.487788    -0.016264
    0.488889    -0.016204
    0.489990    -0.016274
    0.491091    -0.016084
    0.492192    -0.016099
    0.493293    -0.016060
    0.494394    -0.015837
    0.495495    -0.016025
    0.496597    -0.015979
    0.497698    -0.015903
    0.498799    -0.015994
    0.499900    -0.015839
    0.501001    -0.015855
    0.502102    -0.015800
    0.503203    -0.015801
    0.504304    -0.016004
    0.505405    -0.015805
    0.506507    -0.015588
    0.507608    -0.015645
    0.508709    -0.015614
    0.509810    -0.015592
    0.510911    -0.015717
    0.512012    -0.015395
    0.513113    -0.015617
    0.514214    -0.015479
    0.515315    -0.015447
    0.516416    -0.015430
    0.517518    -0.015545
    0.518619    -0.015438
    0.519720    -0.015310
    0.520821    -0.015369
    0.521922    -0.015368
    0.523023    -0.015463
    0.524124    -0.015290
    0.525225    -0.015430
    0.526326    -0.015137
    0.527427    -0.015095
    0.528529    -0.015154
    0.529630    -0.015092
    0.530731    -0.015211
    0.531832    -0.015052
    0.532933    -0.015203
    0.534034    -0.015017
    0.535135    -0.014851
    0.536236    -0.014979
    0.537337    -0.014842
    0.538438    -0.014992
    0.539540    -0.014746
    0.540641    -0.014903
    0.541742    -0.014854
    0.542843    -0.014812
    0.543944    -0.014792
    0.545045    -0.014780
    0.546146    -0.014805
    0.547247    -0.014517
    0.548348    -0.014757
    0.549449    -0.014649
    0.550551    -0.014653
    0.551652    -0.014513
    0.552753    -0.014477
    0.553854    -0.014582
    0.554955    -0.014529
    0.556056    -0.014452
    0.557157    -0.014369
    0.558258    -0.014371
    0.559359    -0.014268
    0.560460    -0.014370
    0.561562    -0.014329
    0.562663    -0.014318
    0.563764    -0.014249
    0.564865    -0.014169
    0.565966    -0.014297
    0.567067    -0.014131
    0.568168    -0.014056
    0.569269    -0.013982
    0.570370    -0.013925
    0.571471    -0.014053
    0.572573    -0.014035
    0.573674    -0.014000
    0.574775    -0.013942
    0.575876    -0.013802
    0.576977    -0.014026
    0.578078    -0.013873
    0.579179    -0.013879
    0.580280    -0.013858
    0.581381    -0.013777
    0.582482    -0.013817
    0.583584    -0.013749
    0.584685    -0.013711
    0.585786    -0.013661
    0.586887    -0.013592
    0.587988    -0.013429
    0.589089    -0.013525
    0.590190    -0.013666
    0.591291    -0.013358
    0.592392    -0.013442
    0.593493    -0.013396
    0.594595    -0.013298
    0.595696    -0.013451
    0.596797    -0.013385
    0.597898    -0.013233
    0.598999    -0.013261
    0.600100    -0.013393
    0.601201    -0.013236
    0.602302    -0.013118
    0.603403    -0.013107
    0.604505    -0.013200
    0.605606    -0.013088
    0.606707    -0.012948
    0.607808    -0.012866
    0.608909    -0.013004
    0.610010    -0.012914
    0.611111    -0.012883
    0.612212    -0.012962
    0.613313    -0.012776
    0.614414    -0.012792
    0.615516    -0.012805
    0.616617    -0.012644
    0.617718    -0.012909
    0.618819    -0.012775
    0.619920    -0.012505
    0.621021    -0.012584
    0.622122    -0.012517
    0.623223    -0.012440
    0.624324    -0.012685
    0.625425    -0.012529
    0.626527    -0.012490
    0.627628    -0.012393
    0.628729    -0.012299
    0.629830    -0.012288
    0.630931    -0.012250
    0.632032    -0.012188
    0.633133    -0.012100
    0.634234    -0.012134
    0.635335    -0.012132
    0.636436    -0.012182
    0.637538    -0.012127
    0.638639    -0.012018
    0.639740    -0.011986
    0.640841    -0.012144
    0.641942    -0.011969
    0.643043    -0.011893
    0.644144    -0.011880
    0.645245    -0.011966
    0.646346    -0.011986
    0.647447    -0.011682
    0.648549    -0.011904
    0.649650    -0.011603
    0.650751    -0.011588
    0.651852    -0.011682
    0.652953    -0.011663
    0.654054    -0.011606
    0.655155    -0.011544
    0.656256    -0.011586
    0.657357    -0.011575
    0.658458    -0.011602
    0.659560    -0.011430
    0.660661    -0.011481
    0.661762    -0.011356
    0.662863    -0.011300
    0.663964    -0.011340
    0.665065    -0.011213
    0.666166    -0.011141
    0.667267    -0.011234
    0.668368    -0.011196
    0.669469    -0.011093
    0.670571    -0.011079
    0.671672    -0.010996
    0.672773    -0.010824
    0.673874    -0.010986
    0.674975    -0.010959
    0.676076    -0.010886
    0.677177    -0.010982
    0.678278    -0.010889
    0.679379    -0.010729
    0.680480    -0.010876
    0.681582    -0.010750
    0.682683    -0.010655
    0.683784    -0.010741
    0.684885    -0.010649
    0.685986    -0.010637
    0.687087    -0.010465
    0.688188    -0.010401
    0.689289    -0.010370
    0.690390    -0.010363
    0.691491    -0.010504
    0.692593    -0.010562
    0.693694    -0.010397
    0.694795    -0.010358
    0.695896    -0.010268
    0.696997    -0.010245
    0.698098    -0.010209
    0.699199    -0.010381
    0.700300    -0.010083
    0.701401    -0.010196
    0.702503    -0.009808
    0.703604    -0.009978
    0.704705    -0.009989
    0.705806    -0.009894
    0.706907    -0.010008
    0.708008    -0.009965
    0.709109    -0.009877
    0.710210    -0.009945
    0.711311    -0.009834
    0.712412    -0.009640
    0.713514    -0.009604
    0.714615    -0.009777
    0.715716    -0.009628
    0.716817    -0.009645
    0.717918    -0.009648
    0.719019    -0.009731
    0.720120    -0.009566
    0.721221    -0.009613
    0.722322    -0.009526
    0.723423    -0.009483
    0.724525    -0.009371
    0.725626    -0.009405
    0.726727    -0.009424
    0.727828    -0.009328
    0.728929    -0.009096
    0.730030    -0.009195
    0.731131    -0.009320
    0.732232    -0.009029
    0.733333    -0.009050
    0.734434    -0.009084
    0.735536    -0.008995
    0.736637    -0.008890
    0.737738    -0.008836
    0.738839    -0.009075
    0.739940    -0.008853
    0.741041    -0.008937
    0.742142    -0.008787
    0.743243    -0.008894
    0.744344    -0.008695
    0.745445    -0.008615
    0.746547    -0.008585
    0.747648    -0.008628
    0.748749    -0.008632
    0.749850    -0.008685
    0.750951    -0.008578
    0.752052    -0.008526
    0.753153    -0.008492
    0.754254    -0.008305
    0.755355    -0.008662
    0.756456    -0.008507
    0.757558    -0.008275
    0.758659    -0.008233
    0.759760    -0.008200
    0.760861    -0.008105
    0.761962    -0.008115
    0.763063    -0.008095
    0.764164    -0.007831
    0.765265    -0.008103
    0.766366    -0.008030
    0.767467    -0.008102
    0.768569    -0.007960
    0.769670    -0.007809
    0.770771    -0.007908
    0.771872    -0.007802
    0.772973    -0.007712
    0.774074    -0.007811
    0.775175    -0.007859
    0.776276    -0.007761
    0.777377    -0.007638
    0.778478    -0.007695
    0.779580    -0.007539
    0.780681    -0.007637
    0.781782    -0.007433
    0.782883    -0.007406
    0.783984    -0.007460
    0.785085    -0.007182
    0.786186    -0.007403
    0.787287    -0.007425
    0.788388    -0.007351
    0.789489    -0.007282
    0.790591    -0.007231
    0.791692    -0.007103
    0.792793    -0.007197
    0.793894    -0.007085
    0.794995    -0.007048
    0.796096    -0.007029
    0.797197    -0.006883
    0.798298    -0.006978
    0.799399    -0.006987
    0.800501    -0.006877
    0.801602    -0.007060
    0.802703    -0.006733
    0.803804    -0.006758
    0.804905    -0.006820
    0.806006    -0.006737
    0.807107    -0.006758
    0.808208    -0.006716
    0.809309    -0.006640
    0.810410    -0.006520
    0.811512    -0.006404
    0.812613    -0.006437
    0.813714    -0.006501
    0.814815    -0.006519
    0.815916    -0.006362
    0.817017    -0.006440
    0.818118    -0.006168
    0.819219    -0.006363
    0.820320    -0.006264
    0.821421    -0.006192
    0.822523    -0.006109
    0.823624    -0.006004
    0.824725    -0.006217
    0.825826    -0.006122
    0.826927    -0.006117
    0.828028    -0.005923
    0.829129    -0.005896
    0.830230    -0.005908
    0.831331    -0.005878
    0.832432    -0.005810
    0.833534    -0.005899
    0.834635    -0.005712
    0.835736    -0.005735
    0.836837    -0.005646
    0.837938    -0.005532
    0.839039    -0.005638
    0.840140    -0.005522
    0.841241    -0.005487
    0.842342    -0.005521
    0.843443    -0.005428
    0.844545    -0.005426
    0.845646    -0.005234
    0.846747    -0.005391
    0.847848    -0.005320
    0.848949    -0.005244
    0.850050    -0.005242
    0.851151    -0.005047
    0.852252    -0.005383
    0.853353    -0.005100
    0.854454    -0.005112
    0.855556    -0.004899
    0.856657    -0.004997
    0.857758    -0.004935
    0.858859    -0.004738
    0.859960    -0.004870
    0.861061    -0.004649
    0.862162    -0.004782
    0.863263    -0.004730
    0.864364    -0.004656
    0.865465    -0.004561
    0.866567    -0.004551
    0.867668    -0.004670
    0.868769    -0.004462
    0.869870    -0.004538
    0.870971    -0.004553
    0.872072    -0.004513
    0.873173    -0.004383
    0.874274    -0.004388
    0.875375    -0.004302
    0.876476    -0.004332
    0.877578    -0.004344
    0.878679    -0.004147
    0.879780    -0.004110
    0.880881    -0.004045
    0.881982    -0.004025
    0.883083    -0.004178
    0.884184    -0.004190
    0.885285    -0.004044
    0.886386    -0.003923
    0.887487    -0.003840
    0.888589    -0.003949
    0.889690    -0.004022
    0.890791    -0.003855
    0.891892    -0.003888
    0.892993    -0.003685
    0.894094    -0.003697
    0.895195    -0.003653
    0.896296    -0.003665
    0.897397    -0.003676
    0.898498    -0.003715
    0.899600    -0.003438
    0.900701    -0.003509
    0.901802    -0.003480
    0.902903    -0.003452
    0.904004    -0.003428
    0.905105    -0.003348
    0.906206    -0.003230
    0.907307    -0.003197
    0.908408    -0.003158
    0.909510    -0.003278
    0.910611    -0.003082
    0.911712    -0.003029
    0.912813    -0.003082
    0.913914    -0.003082
    0.915015    -0.003018
    0.916116    -0.002999
    0.917217    -0.002878
    0.918318    -0.002848
    0.919419    -0.002774
    0.920521    -0.002801
    0.921622    -0.002786
    0.922723    -0.002835
    0.923824    -0.002735
    0.924925    -0.002721
    0.926026    -0.002654
    0.927127    -0.002597
    0.928228    -0.002450
    0.929329    -0.002471
    0.930430    -0.002377
    0.931532    -0.002440
    0.932633    -0.002294
    0.933734    -0.002335
    0.934835    -0.002235
    0.935936    -0.002227
    0.937037    -0.002274
    0.938138    -0.002214
    0.939239    -0.002167
    0.940340    -0.002010
    0.941441    -0.001985
    0.942543    -0.002055
    0.943644    -0.002062
    0.944745    -0.001965
    0.945846    -0.001772
    0.946947    -0.001909
    0.948048    -0.001792
    0.949149    -0.001791
    0.950250    -0.001706
    0.951351    -0.001770
    0.952452    -0.001593
    0.953554    -0.001585
    0.954655    -0.001589
    0.955756    -0.001712
    0.956857    -0.001450
    0.957958    -0.001454
    0.959059    -0.001272
    0.960160    -0.001486
    0.961261    -0.001252
    0.962362    -0.001279
    0.963463    -0.001184
    0.964565    -0.001262
    0.965666    -0.001296
    0.966767    -0.001175
    0.967868    -0.001096
    0.968969    -0.001012
    0.970070    -0.001057
    0.971171    -0.000969
    0.972272    -0.000959
    0.973373    -0.000975
    0.974474    -0.000998
    0.975576    -0.000897
    0.976677    -0.000763
    0.977778    -0.000798
    0.978879    -0.000819
    0.979980    -0.000704
    0.981081    -0.000768
    0.982182    -0.000630
    0.983283    -0.000560
    0.984384    -0.000484
    0.985485    -0.000667
    0.986587    -0.000536
    0.987688    -0.000415
    0.988789    -0.000311
    0.989890    -0.000387
    0.990991    -0.000129
    0.992092    -0.000269
    0.993193    -0.000221
    0.994294    -0.000213
    0.995395    -0.000162
    0.996496    -0.000137
    0.997598    -0.000127
    0.998699    -0.000045
    0.999800    -0.000008
    1.000901     0.000013
    1.002002     0.000052
    1.003103    -0.000042
    1.004204     0.000030
    1.005305     0.000138
    1.006406     0.000265
    1.007508     0.000265
    1.008609     0.000271
    1.009710     0.000388
    1.010811     0.000477
    1.011912     0.000359
    1.013013     0.000554
    1.014114     0.000332
    1.015215     0.000565
    1.016316     0.000662
    1.017417     0.000625
    1.018519     0.000582
    1.019620     0.000621
    1.020721     0.000756
    1.021822     0.000706
    1.022923     0.000945
    1.024024     0.000802
    1.025125     0.000767
    1.026226     0.000759
    1.027327     0.001007
    1.028428     0.001076
    1.029530     0.000936
    1.030631     0.001037
    1.031732     0.001103
    1.032833     0.001138
    1.033934     0.001137
    1.035035     0.001292
    1.036136     0.001252
    1.037237     0.001262
    1.038338     0.001373
    1.039439     0.001404
    1.040541     0.001410
    1.041642     0.001455
    1.042743     0.001506
    1.043844     0.001549
    1.044945     0.001449
    1.046046     0.001623
    1.047147     0.001759
    1.048248     0.001676
    1.049349     0.001684
    1.050450     0.001799
    1.051552     0.001745
    1.052653     0.001895
    1.053754     0.001944
    1.054855     0.002109
    1.055956     0.001965
    1.057057     0.001986
    1.058158     0.002162
    1.059259     0.002152
    1.060360     0.002110
    1.061461     0.002145
    1.062563     0.002037
    1.063664     0.002063
    1.064765     0.002364
    1.065866     0.002290
    1.066967     0.002396
    1.068068     0.002552
    1.069169     0.002562
    1.070270     0.002554
    1.071371     0.002536
    1.072472     0.002427
    1.073574     0.002477
    1.074675     0.002605
    1.075776     0.002644
    1.076877     0.002770
    1.077978     0.002738
    1.079079     0.002952
    1.080180     0.002799
    1.081281     0.002880
    1.082382     0.002902
    1.083483     0.002913
    1.084585     0.002910
    1.085686     0.002989
    1.086787     0.003198
    1.087888     0.003125
    1.088989     0.003171
    1.090090     0.003107
    1.091191     0.003248
    1.092292     0.003222
    1.093393     0.003234
    1.094494     0.003273
    1.095596     0.003443
    1.096697     0.003662
    1.097798     0.003629
    1.098899     0.003463
    1.100000     0.003593
