    0.000000    -0.019947
    0.001101    -0.019976
    0.002202    -0.019828
    0.003303    -0.019768
    0.004404    -0.019959
    0.005506    -0.019973
    0.006607    -0.020048
    0.007708    -0.019355
    0.008809    -0.019896
    0.009910    -0.020243
    0.011011    -0.020235
    0.012112    -0.020047
    0.013213    -0.019730
    0.014314    -0.020036
    0.015415    -0.020148
    0.016517    -0.020004
    0.017618    -0.019981
    0.018719    -0.020152
    0.019820    -0.019982
    0.020921    -0.019839
    0.022022    -0.019261
    0.023123    -0.020065
    0.024224    -0.020059
    0.025325    -0.020122
    0.026426    -0.020225
    0.027528    -0.019683
    0.028629    -0.020355
    0.029730    -0.020279
    0.030831    -0.019373
    0.031932    -0.019375
    0.033033    -0.019911
    0.034134    -0.019785
    0.035235    -0.020063
    0.036336    -0.019830
    0.037437    -0.020355
    0.038539    -0.019960
    0.039640    -0.019818
    0.040741    -0.019897
    0.041842    -0.019390
    0.042943    -0.019961
    0.044044    -0.019908
    0.045145    -0.020248
    0.046246    -0.019878
    0.047347    -0.019871
    0.048448    -0.020205
    0.049550    -0.020441
    0.050651    -0.020226
    0.051752    -0.020058
    0.052853    -0.020282
    0.053954    -0.019710
    0.055055    -0.019873
    0.056156    -0.019569
    0.057257    -0.019889
    0.058358    -0.020124
    0.059459    -0.020150
    0.060561    -0.020035
    0.061662    -0.019883
    0.062763    -0.020215
    0.063864    -0.020240
    0.064965    -0.020038
    0.066066    -0.019942
    0.067167    -0.020104
    0.068268    -0.020420
    0.069369    -0.020228
    0.070470    -0.020527
    0.071572    -0.019912
    0.072673    -0.020070
    0.073774    -0.020081
    0.074875    -0.020285
    0.075976    -0.019993
    0.077077    -0.020023
    0.078178    -0.019745
    0.079279    -0.019673
    0.080380    -0.020140
    0.081481    -0.020033
    0.082583    -0.019920
    0.083684    -0.019893
    0.084785    -0.019900
    0.085886    -0.020211
    0.086987    -0.019832
    0.088088    -0.019728
    0.089189    -0.019625
    0.090290    -0.020505
    0.091391    -0.020593
    0.092492    -0.019976
    0.093594    -0.019933
    0.094695    -0.020140
    0.095796    -0.019951
    0.096897    -0.020197
    0.097998    -0.020077
    0.099099    -0.020027
    0.100200    -0.020018
    0.101301    -0.019887
    0.102402    -0.020255
    0.103504    -0.019515
    0.104605    -0.020295
    0.105706    -0.020176
    0.106807    -0.019885
    0.107908    -0.020026
    0.109009    -0.019807
    0.110110    -0.020149
    0.111211    -0.020006
    0.112312    -0.019953
    0.113413    -0.020186
    0.114515    -0.019786
    0.115616    -0.019705
    0.116717    -0.019880
    0.117818    -0.019839
    0.118919    -0.019907
    0.120020    -0.020161
    0.121121    -0.020272
    0.122222    -0.019826
    0.123323    -0.020195
    0.124424    -0.019981
    0.125526    -0.019945
    0.126627    -0.019967
    0.127728    -0.019708
    0.128829    -0.019683
    0.129930    -0.020152
    0.131031    -0.019701
    0.132132    -0.020202
    0.133233    -0.019737
    0.134334    -0.019893
    0.135435    -0.020231
    0.136537    -0.020395
    0.137638    -0.020003
    0.138739    -0.019889
    0.139840    -0.019826
    0.140941    -0.019773
    0.142042    -0.020240
    0.143143    -0.020442
    0.144244    -0.020201
    0.145345    -0.019277
    0.146446    -0.019968
    0.147548    -0.019792
    0.148649    -0.020099
    0.149750    -0.020052
    0.150851    -0.019845
    0.151952    -0.019823
    0.153053    -0.019586
    0.154154    -0.020066
    0.155255    -0.019859
    0.156356    -0.019981
    0.157457    -0.020276
    0.158559    -0.020026
    0.159660    -0.019808
    0.160761    -0.020340
    0.161862    -0.020314
    0.162963    -0.020006
    0.164064    -0.019812
    0.165165    -0.019813
    0.166266    -0.020373
    0.167367    -0.019827
    0.168468    -0.020462
    0.169570    -0.020102
    0.170671    -0.019700
    0.171772    -0.019829
    0.172873    -0.020135
    0.173974    -0.019835
    0.175075    -0.020121
    0.176176    -0.020393
    0.177277    -0.020098
    0.178378    -0.020028
    0.179479    -0.020198
    0.180581    -0.020051
    0.181682    -0.020651
    0.182783    -0.019725
    0.183884    -0.019774
    0.184985    -0.020054
    0.186086    -0.020192
    0.187187    -0.020056
    0.188288    -0.019882
    0.189389    -0.019883
    0.190490    -0.019751
    0.191592    -0.019782
    0.192693    -0.019487
    0.193794    -0.020089
    0.194895    -0.020210
    0.195996    -0.019486
    0.197097    -0.020012
    0.198198    -0.020507
    0.199299    -0.020252
    0.200400    -0.020130
    0.201502    -0.020074
    0.202603    -0.019955
    0.203704    -0.019969
    0.204805    -0.019879
    0.205906    -0.020102
    0.207007    -0.019698
    0.208108    -0.020247
    0.209209    -0.019717
    0.210310    -0.020464
    0.211411    -0.019736
    0.212513    -0.020096
    0.213614    -0.019680
    0.214715    -0.019797
    0.215816    -0.019874
    0.216917    -0.019726
    0.218018    -0.019906
    0.219119    -0.020139
    0.220220    -0.019945
    0.221321    -0.019857
    0.222422    -0.020435
    0.223524    -0.019559
    0.224625    -0.019976
    0.225726    -0.020179
    0.226827    -0.020232
    0.227928    -0.019972
    0.229029    -0.020003
    0.230130    -0.019846
    0.231231    -0.020309
    0.232332    -0.019984
    0.233433    -0.020192
    0.234535    -0.020252
    0.235636    -0.020133
    0.236737    -0.019667
    0.237838    -0.019601
    0.238939    -0.020042
    0.240040    -0.019500
    0.241141    -0.020357
    0.242242    -0.019907
    0.243343    -0.019523
    0.244444    -0.020131
    0.245546    -0.020373
    0.246647    -0.019604
    0.247748    -0.019613
    0.248849    -0.019765
    0.249950    -0.020113
    0.251051    -0.019694
    0.252152    -0.019824
    0.253253    -0.020217
    0.254354    -0.019972
    0.255455    -0.020086
    0.256557    -0.019586
    0.257658    -0.020042
    0.258759    -0.020008
    0.259860    -0.019769
    0.260961    -0.020329
    0.262062    -0.020644
    0.263163    -0.019851
    0.264264    -0.020211
    0.265365    -0.020001
    0.266466    -0.019942
    0.267568    -0.019779
    0.268669    -0.020175
    0.269770    -0.020402
    0.270871    -0.020081
    0.271972    -0.020116
    0.273073    -0.020192
    0.274174    -0.020404
    0.275275    -0.019713
    0.276376    -0.020023
    0.277477    -0.019892
    0.278579    -0.019663
    0.279680    -0.020199
    0.280781    -0.019893
    0.281882    -0.019693
    0.282983    -0.019941
    0.284084    -0.019689
    0.285185    -0.019995
    0.286286    -0.019661
    0.287387    -0.020005
    0.288488    -0.020158
    0.289590    -0.019765
    0.290691    -0.020474
    0.291792    -0.020492
    0.292893    -0.019726
    0.293994    -0.019896
    0.295095    -0.019856
    0.296196    -0.020055
    0.297297    -0.019699
    0.298398    -0.020041
    0.299499    -0.019886
    0.300601    -0.020219
    0.301702    -0.019617
    0.302803    -0.019723
    0.303904    -0.019980
    0.305005    -0.020648
    0.306106    -0.020467
    0.307207    -0.020159
    0.308308    -0.019873
    0.309409    -0.019808
    0.310511    -0.020107
    0.311612    -0.020207
    0.312713    -0.020073
    0.313814    -0.019714
    0.314915    -0.020382
    0.316016    -0.019656
    0.317117    -0.020359
    0.318218    -0.019566
    0.319319    -0.019746
    0.320420    -0.020439
    0.321522    -0.019956
    0.322623    -0.020747
    0.323724    -0.019772
    0.324825    -0.019913
    0.325926    -0.020146
    0.327027    -0.019955
    0.328128    -0.020141
    0.329229    -0.020239
    0.330330    -0.020111
    0.331431    -0.019884
    0.332533    -0.020231
    0.333634    -0.020193
    0.334735    -0.019861
    0.335836    -0.020252
    0.336937    -0.019787
    0.338038    -0.019778
    0.339139    -0.019633
    0.340240    -0.019899
    0.341341    -0.020383
    0.342442    -0.019865
    0.343544    -0.019550
    0.344645    -0.019511
    0.345746    -0.019701
    0.346847    -0.020346
    0.347948    -0.020277
    0.349049    -0.020396
    0.350150    -0.019755
    0.351251    -0.019964
    0.352352    -0.020172
    0.353453    -0.019917
    0.354555    -0.020192
    0.355656    -0.019621
    0.356757    -0.020177
    0.357858    -0.019929
    0.358959    -0.019944
    0.360060    -0.020139
    0.361161    -0.020059
    0.362262    -0.020006
    0.363363    -0.019706
    0.364464    -0.019886
    0.365566    -0.020374
    0.366667    -0.020129
    0.367768    -0.019747
    0.368869    -0.019988
    0.369970    -0.019528
    0.371071    -0.019928
    0.372172    -0.020333
    0.373273    -0.020333
    0.374374    -0.019842
    0.375475    -0.020057
    0.376577    -0.020151
    0.377678    -0.020109
    0.378779    -0.019926
    0.379880    -0.020115
    0.380981    -0.019812
    0.382082    -0.019978
    0.383183    -0.019841
    0.384284    -0.019984
    0.385385    -0.020425
    0.386486    -0.020004
    0.387588    -0.020434
    0.388689    -0.019871
    0.389790    -0.019764
    0.390891    -0.019633
    0.391992    -0.019933
    0.393093    -0.019977
    0.394194    -0.019989
    0.395295    -0.020041
    0.396396    -0.020238
    0.397497    -0.019821
    0.398599    -0.020221
    0.399700    -0.020232
    0.400801    -0.020411
    0.401902    -0.020487
    0.403003    -0.019808
    0.404104    -0.019989
    0.405205    -0.019961
    0.406306    -0.020345
    0.407407    -0.020269
    0.408509    -0.019827
    0.409610    -0.020045
    0.410711    -0.020084
    0.411812    -0.019640
    0.412913    -0.020243
    0.414014    -0.019855
    0.415115    -0.020067
    0.416216    -0.019799
    0.417317    -0.019962
    0.418418    -0.020207
    0.419520    -0.020044
    0.420621    -0.019874
    0.421722    -0.019350
    0.422823    -0.020473
    0.423924    -0.020380
    0.425025    -0.019766
    0.426126    -0.020172
    0.427227    -0.020604
    0.428328    -0.019933
    0.429429    -0.019331
    0.430531    -0.019960
    0.431632    -0.020368
    0.432733    -0.019969
    0.433834    -0.020125
    0.434935    -0.020229
    0.436036    -0.019588
    0.437137    -0.020326
    0.438238    -0.019803
    0.439339    -0.020138
    0.440440    -0.019848
    0.441542    -0.020355
    0.442643    -0.019935
    0.443744    -0.019935
    0.444845    -0.020202
    0.445946    -0.020363
    0.447047    -0.019916
    0.448148    -0.020215
    0.449249    -0.019762
    0.450350    -0.019411
    0.451451    -0.019995
    0.452553    -0.020477
    0.453654    -0.020261
    0.454755    -0.020800
    0.455856    -0.019771
    0.456957    -0.019805
    0.458058    -0.020097
    0.459159    -0.019899
    0.460260    -0.020084
    0.461361    -0.020121
    0.462462    -0.020031
    0.463564    -0.019940
    0.464665    -0.020049
    0.465766    -0.020065
    0.466867    -0.020118
    0.467968    -0.020152
    0.469069    -0.020243
    0.470170    -0.020022
    0.471271    -0.019840
    0.472372    -0.019220
    0.473473    -0.020108
    0.474575    -0.019739
    0.475676    -0.019876
    0.476777    -0.019777
    0.477878    -0.019758
    0.478979    -0.020051
    0.480080    -0.020249
    0.481181    -0.019721
    0.482282    -0.019763
    0.483383    -0.020669
    0.484484    -0.020044
    0.485586    -0.019696
    0.486687    -0.019832
    0.487788    -0.019757
    0.488889    -0.020028
    0.489990    -0.020085
    0.491091    -0.019916
    0.492192    -0.020309
    0.493293    -0.019971
    0.494394    -0.019958
    0.495495    -0.019730
    0.496597    -0.020174
    0.497698    -0.019841
    0.498799    -0.020036
    0.499900    -0.020155
    0.501001    -0.020495
    0.502102    -0.019681
    0.503203    -0.020313
    0.504304    -0.020171
    0.505405    -0.019767
    0.506507    -0.019627
    0.507608    -0.020102
    0.508709    -0.020211
    0.509810    -0.019807
    0.510911    -0.019803
    0.512012    -0.020227
    0.513113    -0.020213
    0.514214    -0.019872
    0.515315    -0.020439
    0.516416    -0.019817
    0.517518    -0.019837
    0.518619    -0.020302
    0.519720    -0.020165
    0.520821    -0.020153
    0.521922    -0.019870
    0.523023    -0.019625
    0.524124    -0.019939
    0.525225    -0.019677
    0.526326    -0.020145
    0.527427    -0.019945
    0.528529    -0.019650
    0.529630    -0.020116
    0.530731    -0.019892
    0.531832    -0.019947
    0.532933    -0.020017
    0.534034    -0.019917
    0.535135    -0.020216
    0.536236    -0.019895
    0.537337    -0.019720
    0.538438    -0.019969
    0.539540    -0.019707
    0.540641    -0.019931
    0.541742    -0.020305
    0.542843    -0.019902
    0.543944    -0.020165
    0.545045    -0.019732
    0.546146    -0.020044
    0.547247    -0.020121
    0.548348    -0.020409
    0.549449    -0.019709
    0.550551    -0.019992
    0.551652    -0.020173
    0.552753    -0.020184
    0.553854    -0.020455
    0.554955    -0.020375
    0.556056    -0.019924
    0.557157    -0.020368
    0.558258    -0.020562
    0.559359    -0.019955
    0.560460    -0.019787
    0.561562    -0.019577
    0.562663    -0.020174
    0.563764    -0.020112
    0.564865    -0.020078
    0.565966    -0.019714
    0.567067    -0.020203
    0.568168    -0.020230
    0.569269    -0.019717
    0.570370    -0.019387
    0.571471    -0.020420
    0.572573    -0.019900
    0.573674    -0.020469
    0.574775    -0.020317
    0.575876    -0.019928
    0.576977    -0.020073
    0.578078    -0.019881
    0.579179    -0.020103
    0.580280    -0.020040
    0.581381    -0.019710
    0.582482    -0.019851
    0.583584    -0.019659
    0.584685    -0.019995
    0.585786    -0.020015
    0.586887    -0.020270
    0.587988    -0.019997
    0.589089    -0.020170
    0.590190    -0.020441
    0.591291    -0.019540
    0.592392    -0.019970
    0.593493    -0.020551
    0.594595    -0.019443
    0.595696    -0.020052
    0.596797    -0.019900
    0.597898    -0.019960
    0.598999    -0.019898
    0.600100    -0.019441
    0.601201    -0.019932
    0.602302    -0.020218
    0.603403    -0.020233
    0.604505    -0.020243
    0.605606    -0.019768
    0.606707    -0.019859
    0.607808    -0.019716
    0.608909    -0.019930
    0.610010    -0.020263
    0.611111    -0.019743
    0.612212    -0.019930
    0.613313    -0.019662
    0.614414    -0.020141
    0.615516    -0.020101
    0.616617    -0.019322
    0.617718    -0.019869
    0.618819    -0.019987
    0.619920    -0.020025
    0.621021    -0.019867
    0.622122    -0.020115
    0.623223    -0.020001
    0.624324    -0.020082
    0.625425    -0.020075
    0.626527    -0.019498
    0.627628    -0.019746
    0.628729    -0.020061
    0.629830    -0.019981
    0.630931    -0.020133
    0.632032    -0.019978
    0.633133    -0.020061
    0.634234    -0.019781
    0.635335    -0.020058
    0.636436    -0.019724
    0.637538    -0.020043
    0.638639    -0.019974
    0.639740    -0.019985
    0.640841    -0.019846
    0.641942    -0.020006
    0.643043    -0.020153
    0.644144    -0.019903
    0.645245    -0.019820
    0.646346    -0.020191
    0.647447    -0.020030
    0.648549    -0.019948
    0.649650    -0.019854
    0.650751    -0.020147
    0.651852    -0.020091
    0.652953    -0.020499
    0.654054    -0.020001
    0.655155    -0.019609
    0.656256    -0.020319
    0.657357    -0.020402
    0.658458    -0.020284
    0.659560    -0.020295
    0.660661    -0.019958
    0.661762    -0.019879
    0.662863    -0.019804
    0.663964    -0.019949
    0.665065    -0.019704
    0.666166    -0.020005
    0.667267    -0.020266
    0.668368    -0.020014
    0.669469    -0.020332
    0.670571    -0.019982
    0.671672    -0.019985
    0.672773    -0.019941
    0.673874    -0.019931
    0.674975    -0.019776
    0.676076    -0.020104
    0.677177    -0.019714
    0.678278    -0.019975
    0.679379    -0.020356
    0.680480    -0.020315
    0.681582    -0.020236
    0.682683    -0.019908
    0.683784    -0.019684
    0.684885    -0.020045
    0.685986    -0.019671
    0.687087    -0.019684
    0.688188    -0.020093
    0.689289    -0.019723
    0.690390    -0.019722
    0.691491    -0.019647
    0.692593    -0.019714
    0.693694    -0.019515
    0.694795    -0.020082
    0.695896    -0.020306
    0.696997    -0.020383
    0.698098    -0.020328
    0.699199    -0.019573
    0.700300    -0.020131
    0.701401    -0.019525
    0.702503    -0.020534
    0.703604    -0.019891
    0.704705    -0.019844
    0.705806    -0.020181
    0.706907    -0.020011
    0.708008    -0.019959
    0.709109    -0.019342
    0.710210    -0.020245
    0.711311    -0.019555
    0.712412    -0.020298
    0.713514    -0.020356
    0.714615    -0.019753
    0.715716    -0.019846
    0.716817    -0.019747
    0.717918    -0.020282
    0.719019    -0.020134
    0.720120    -0.020075
    0.721221    -0.020224
    0.722322    -0.020127
    0.723423    -0.020088
    0.724525    -0.020127
    0.725626    -0.020267
    0.726727    -0.019575
    0.727828    -0.019753
    0.728929    -0.020326
    0.730030    -0.019805
    0.731131    -0.020119
    0.732232    -0.020048
    0.733333    -0.019529
    0.734434    -0.019460
    0.735536    -0.019946
    0.736637    -0.020130
    0.737738    -0.020328
    0.738839    -0.019741
    0.739940    -0.020498
    0.741041    -0.020344
    0.742142    -0.020461
    0.743243    -0.020052
    0.744344    -0.019511
    0.745445    -0.020368
    0.746547    -0.019834
    0.747648    -0.019753
    0.748749    -0.019620
    0.749850    -0.019646
    0.750951    -0.020306
    0.752052    -0.019855
    0.753153    -0.019769
    0.754254    -0.019787
    0.755355    -0.020113
    0.756456    -0.020159
    0.757558    -0.019906
    0.758659    -0.020075
    0.759760    -0.020165
    0.760861    -0.019620
    0.761962    -0.019921
    0.763063    -0.019992
    0.764164    -0.020244
    0.765265    -0.019988
    0.766366    -0.019995
    0.767467    -0.019965
    0.768569    -0.020020
    0.769670    -0.020496
    0.770771    -0.020419
    0.771872    -0.020044
    0.772973    -0.019825
    0.774074    -0.019596
    0.775175    -0.019659
    0.776276    -0.020057
    0.777377    -0.020302
    0.778478    -0.019835
    0.779580    -0.019942
    0.780681    -0.020469
    0.781782    -0.020317
    0.782883    -0.020103
    0.783984    -0.019905
    0.785085    -0.019806
    0.786186    -0.019672
    0.787287    -0.020085
    0.788388    -0.020089
    0.789489    -0.020336
    0.790591    -0.019816
    0.791692    -0.019849
    0.792793    -0.019619
    0.793894    -0.020055
    0.794995    -0.020554
    0.796096    -0.020731
    0.797197    -0.020225
    0.798298    -0.019909
    0.799399    -0.019663
    0.800501    -0.020329
    0.801602    -0.020095
    0.802703    -0.020252
    0.803804    -0.020125
    0.804905    -0.019820
    0.806006    -0.020204
    0.807107    -0.019923
    0.808208    -0.019940
    0.809309    -0.020036
    0.810410    -0.019914
    0.811512    -0.019738
    0.812613    -0.019983
    0.813714    -0.019955
    0.814815    -0.020039
    0.815916    -0.020322
    0.817017    -0.019774
    0.818118    -0.019989
    0.819219    -0.019878
    0.820320    -0.019929
    0.821421    -0.019939
    0.822523    -0.019808
    0.823624    -0.019860
    0.824725    -0.019966
    0.825826    -0.019847
    0.826927    -0.020185
    0.828028    -0.019803
    0.829129    -0.019823
    0.830230    -0.019987
    0.831331    -0.020252
    0.832432    -0.020222
    0.833534    -0.019680
    0.834635    -0.020281
    0.835736    -0.020076
    0.836837    -0.019962
    0.837938    -0.019991
    0.839039    -0.020099
    0.840140    -0.019547
    0.841241    -0.019686
    0.842342    -0.019525
    0.843443    -0.020068
    0.844545    -0.020042
    0.845646    -0.019685
    0.846747    -0.019796
    0.847848    -0.020188
    0.848949    -0.019885
    0.850050    -0.019588
    0.851151    -0.019776
    0.852252    -0.019404
    0.853353    -0.019933
    0.854454    -0.019510
    0.855556    -0.019818
    0.856657    -0.020055
    0.857758    -0.020140
    0.858859    -0.019911
    0.859960    -0.019965
    0.861061    -0.019853
    0.862162    -0.019841
    0.863263    -0.019974
    0.864364    -0.019738
    0.865465    -0.019759
    0.866567    -0.020207
    0.867668    -0.019720
    0.868769    -0.019373
    0.869870    -0.019979
    0.870971    -0.019900
    0.872072    -0.020007
    0.873173    -0.020291
    0.874274    -0.019784
    0.875375    -0.020075
    0.876476    -0.019809
    0.877578    -0.019418
    0.878679    -0.020023
    0.879780    -0.019696
    0.880881    -0.019704
    0.881982    -0.019808
    0.883083    -0.019735
    0.884184    -0.019892
    0.885285    -0.019291
    0.886386    -0.019865
    0.887487    -0.019866
    0.888589    -0.019489
    0.889690    -0.019343
    0.890791    -0.019595
    0.891892    -0.019634
    0.892993    -0.019728
    0.894094    -0.020340
    0.895195    -0.019453
    0.896296    -0.019677
    0.897397    -0.019587
    0.898498    -0.019814
    0.899600    -0.019717
    0.900701    -0.019538
    0.901802    -0.019589
    0.902903    -0.019501
    0.904004    -0.019606
    0.905105    -0.019629
    0.906206    -0.019642
    0.907307    -0.019503
    0.908408    -0.019279
    0.909510    -0.019553
    0.910611    -0.019398
    0.911712    -0.019080
    0.912813    -0.019199
    0.913914    -0.018864
    0.915015    -0.019133
    0.916116    -0.019247
    0.917217    -0.019536
    0.918318    -0.018303
    0.919419    -0.019395
    0.920521    -0.019091
    0.921622    -0.019109
    0.922723    -0.018526
    0.923824    -0.018696
    0.924925    -0.019025
    0.926026    -0.019016
    0.927127    -0.019017
    0.928228    -0.018764
    0.929329    -0.018400
    0.930430    -0.018326
    0.931532    -0.018473
    0.932633    -0.017835
    0.933734    -0.018412
    0.934835    -0.018470
    0.935936    -0.017884
    0.937037    -0.018113
    0.938138    -0.018705
    0.939239    -0.017645
    0.940340    -0.017947
    0.941441    -0.017731
    0.942543    -0.017665
    0.943644    -0.017215
    0.944745    -0.017720
    0.945846    -0.016998
    0.946947    -0.017425
    0.948048    -0.017224
    0.949149    -0.017456
    0.950250    -0.017079
    0.951351    -0.016508
    0.952452    -0.016560
    0.953554    -0.016241
    0.954655    -0.016497
    0.955756    -0.016521
    0.956857    -0.016036
    0.957958    -0.015922
    0.959059    -0.015856
    0.960160    -0.014981
    0.961261    -0.015579
    0.962362    -0.015105
    0.963463    -0.014786
    0.964565    -0.014123
    0.965666    -0.014419
    0.966767    -0.013715
    0.967868    -0.014186
    0.968969    -0.014099
    0.970070    -0.013454
    0.971171    -0.013156
    0.972272    -0.012657
    0.973373    -0.012326
    0.974474    -0.011977
    0.975576    -0.012226
    0.976677    -0.011007
    0.977778    -0.010856
    0.978879    -0.011048
    0.979980    -0.010089
    0.981081    -0.009865
    0.982182    -0.009796
    0.983283    -0.009211
    0.984384    -0.008395
    0.985485    -0.007868
    0.986587    -0.007922
    0.987688    -0.007346
    0.988789    -0.006526
    0.989890    -0.006388
    0.990991    -0.005604
    0.992092    -0.004788
    0.993193    -0.004542
    0.994294    -0.003623
    0.995395    -0.003557
    0.996496    -0.001939
    0.997598    -0.001614
    0.998699    -0.001536
    0.999800    -0.000647
    1.000901     0.000736
    1.002002     0.001573
    1.003103     0.002751
    1.004204     0.003110
    1.005305     0.003725
    1.006406     0.004799
    1.007508     0.006294
    1.008609     0.006918
    1.009710     0.008296
    1.010811     0.008920
    1.011912     0.010724
    1.013013     0.011522
    1.014114     0.012683
    1.015215     0.014000
    1.016316     0.015616
    1.017417     0.017040
    1.018519     0.018397
    1.019620     0.019776
    1.020721     0.021329
    1.021822     0.022789
    1.022923     0.024419
    1.024024     0.025267
    1.025125     0.027756
    1.026226     0.028996
    1.027327     0.030997
    1.028428     0.033194
    1.029530     0.034619
    1.030631     0.036871
    1.031732     0.038653
    1.032833     0.040832
    1.033934     0.042918
    1.035035     0.045181
    1.036136     0.047361
    1.037237     0.049742
    1.038338     0.052124
    1.039439     0.054563
    1.040541     0.056874
    1.041642     0.059466
    1.042743     0.062293
    1.043844     0.065129
    1.044945     0.068082
    1.046046     0.070578
    1.047147     0.073326
    1.048248     0.076310
    1.049349     0.079308
    1.050450     0.082457
    1.051552     0.085369
    1.052653     0.088850
    1.053754     0.092469
    1.054855     0.095269
    1.055956     0.098835
    1.057057     0.102315
    1.058158     0.106113
    1.059259     0.109425
    1.060360     0.113245
    1.061461     0.117169
    1.062563     0.120890
    1.063664     0.124926
    1.064765     0.128512
    1.065866     0.132394
    1.066967     0.137592
    1.068068     0.141610
    1.069169     0.145697
    1.070270     0.149607
    1.071371     0.154102
    1.072472     0.158600
    1.073574     0.163330
    1.074675     0.167759
    1.075776     0.172334
    1.076877     0.176928
    1.077978     0.182017
    1.079079     0.187071
    1.080180     0.191714
    1.081281     0.196433
    1.082382     0.202260
    1.083483     0.206934
    1.084585     0.212458
    1.085686     0.217118
    1.086787     0.222736
    1.087888     0.227894
    1.088989     0.233562
    1.090090     0.238330
    1.091191     0.244114
    1.092292     0.250048
    1.093393     0.255197
    1.094494     0.261686
    1.095596     0.267216
    1.096697     0.272723
    1.097798     0.278963
    1.098899     0.284706
    1.100000     0.290590
