    0.000000    -0.019894
    0.001101    -0.020110
    0.002202    -0.019883
    0.003303    -0.019911
    0.004404    -0.019737
    0.005506    -0.019956
    0.006607    -0.020162
    0.007708    -0.020049
    0.008809    -0.019937
    0.009910    -0.019946
    0.011011    -0.019849
    0.012112    -0.019884
    0.013213    -0.020120
    0.014314    -0.019940
    0.015415    -0.020102
    0.016517    -0.020018
    0.017618    -0.020055
    0.018719    -0.020027
    0.019820    -0.019882
    0.020921    -0.019897
    0.022022    -0.020106
    0.023123    -0.020146
    0.024224    -0.019882
    0.025325    -0.020102
    0.026426    -0.019997
    0.027528    -0.020164
    0.028629    -0.019886
    0.029730    -0.019927
    0.030831    -0.019981
    0.031932    -0.020034
    0.033033    -0.019812
    0.034134    -0.019922
    0.035235    -0.019952
    0.036336    -0.020014
    0.037437    -0.020089
    0.038539    -0.020220
    0.039640    -0.020012
    0.040741    -0.019912
    0.041842    -0.019958
    0.042943    -0.020103
    0.044044    -0.019985
    0.045145    -0.020015
    0.046246    -0.019969
    0.047347    -0.020107
    0.048448    -0.019894
    0.049550    -0.019936
    0.050651    -0.020034
    0.051752    -0.020055
    0.052853    -0.019889
    0.053954    -0.020011
    0.055055    -0.019944
    0.056156    -0.020116
    0.057257    -0.020107
    0.058358    -0.019898
    0.059459    -0.019944
    0.060561    -0.020090
    0.061662    -0.020063
    0.062763    -0.020134
    0.063864    -0.019956
    0.064965    -0.020164
    0.066066    -0.019969
    0.067167    -0.020134
    0.068268    -0.019953
    0.069369    -0.019983
    0.070470    -0.019962
    0.071572    -0.019999
    0.072673    -0.020040
    0.073774    -0.020096
    0.074875    -0.019813
    0.075976    -0.019960
    0.077077    -0.019883
    0.078178    -0.020087
    0.079279    -0.019975
    0.080380    -0.019848
    0.081481    -0.019947
    0.082583    -0.020013
    0.083684    -0.019953
    0.084785    -0.020023
    0.085886    -0.020160
    0.086987    -0.019980
    0.088088    -0.019860
    0.089189    -0.019985
    0.090290    -0.020026
    0.091391    -0.019870
    0.092492    -0.020019
    0.093594    -0.019912
    0.094695    -0.019942
    0.095796    -0.020102
    0.096897    -0.020093
    0.097998    -0.019896
    0.099099    -0.019913
    0.100200    -0.019819
    0.101301    -0.020150
    0.102402    -0.019900
    0.103504    -0.020013
    0.104605    -0.020005
    0.105706    -0.020094
    0.106807    -0.019958
    0.107908    -0.019956
    0.109009    -0.020000
    0.110110    -0.019980
    0.111211    -0.019990
    0.112312    -0.020041
    0.113413    -0.020014
    0.114515    -0.019944
    0.115616    -0.019956
    0.116717    -0.020020
    0.117818    -0.019898
    0.118919    -0.019872
    0.120020    -0.019900
    0.121121    -0.019788
    0.122222    -0.020013
    0.123323    -0.020010
    0.124424    -0.020069
    0.125526    -0.019936
    0.126627    -0.019972
    0.127728    -0.020052
    0.128829    -0.020029
    0.129930    -0.020073
    0.131031    -0.019835
    0.132132    -0.019975
    0.133233    -0.020066
    0.134334    -0.019916
    0.135435    -0.019813
    0.136537    -0.020148
    0.137638    -0.020051
    0.138739    -0.020154
    0.139840    -0.019998
    0.140941    -0.019706
    0.142042    -0.020041
    0.143143    -0.019787
    0.144244    -0.020052
    0.145345    -0.019970
    0.146446    -0.020012
    0.147548    -0.019790
    0.148649    -0.020026
    0.149750    -0.020029
    0.150851    -0.019981
    0.151952    -0.019934
    0.153053    -0.019917
    0.154154    -0.019880
    0.155255    -0.019840
    0.156356    -0.020003
    0.157457    -0.019991
    0.158559    -0.019925
    0.159660    -0.019772
    0.160761    -0.019976
    0.161862    -0.020190
    0.162963    -0.019779
    0.164064    -0.019985
    0.165165    -0.019987
    0.166266    -0.019921
    0.167367    -0.020021
    0.168468    -0.019799
    0.169570    -0.019985
    0.170671    -0.020037
    0.171772    -0.020100
    0.172873    -0.019945
    0.173974    -0.019920
    0.175075    -0.020038
    0.176176    -0.020089
    0.177277    -0.019992
    0.178378    -0.019831
    0.179479    -0.019939
    0.180581    -0.019987
    0.181682    -0.019949
    0.182783    -0.019818
    0.183884    -0.019950
    0.184985    -0.020046
    0.186086    -0.019688
    0.187187    -0.019877
    0.188288    -0.019882
    0.189389    -0.019946
    0.190490    -0.020003
    0.191592    -0.020024
    0.192693    -0.019917
    0.193794    -0.020010
    0.194895    -0.020097
    0.195996    -0.019922
    0.197097    -0.019905
    0.198198    -0.019909
    0.199299    -0.020106
    0.200400    -0.020063
    0.201502    -0.019906
    0.202603    -0.019990
    0.203704    -0.019999
    0.204805    -0.019974
    0.205906    -0.019702
    0.207007    -0.020161
    0.208108    -0.020161
    0.209209    -0.020058
    0.210310    -0.019677
    0.211411    -0.020029
    0.212513    -0.019883
    0.213614    -0.020074
    0.214715    -0.020096
    0.215816    -0.019963
    0.216917    -0.020009
    0.218018    -0.019843
    0.219119    -0.019821
    0.220220    -0.020016
    0.221321    -0.020058
    0.222422    -0.019910
    0.223524    -0.019897
    0.224625    -0.020006
    0.225726    -0.019943
    0.226827    -0.019940
    0.227928    -0.020022
    0.229029    -0.019911
    0.230130    -0.019867
    0.231231    -0.020085
    0.232332    -0.019902
    0.233433    -0.019940
    0.234535    -0.019925
    0.235636    -0.019875
    0.236737    -0.019866
    0.237838    -0.019997
    0.238939    -0.019943
    0.240040    -0.019932
    0.241141    -0.019894
    0.242242    -0.019916
    0.243343    -0.019952
    0.244444    -0.020134
    0.245546    -0.019988
    0.246647    -0.019852
    0.247748    -0.020022
    0.248849    -0.019878
    0.249950    -0.020073
    0.251051    -0.019856
    0.252152    -0.019928
    0.253253    -0.020104
    0.254354    -0.019987
    0.255455    -0.019971
    0.256557    -0.019936
    0.257658    -0.020142
    0.258759    -0.019884
    0.259860    -0.019858
    0.260961    -0.019958
    0.262062    -0.020159
    0.263163    -0.019995
    0.264264    -0.019845
    0.265365    -0.019957
    0.266466    -0.019938
    0.267568    -0.020057
    0.268669    -0.019900
    0.269770    -0.019992
    0.270871    -0.019960
    0.271972    -0.019879
    0.273073    -0.019903
    0.274174    -0.019880
    0.275275    -0.020004
    0.276376    -0.020101
    0.277477    -0.019853
    0.278579    -0.020118
    0.279680    -0.020021
    0.280781    -0.019905
    0.281882    -0.019865
    0.282983    -0.020091
    0.284084    -0.019932
    0.285185    -0.019958
    0.286286    -0.020125
    0.287387    -0.019942
    0.288488    -0.019951
    0.289590    -0.020070
    0.290691    -0.019921
    0.291792    -0.019771
    0.292893    -0.019921
    0.293994    -0.020090
    0.295095    -0.019987
    0.296196    -0.020121
    0.297297    -0.019979
    0.298398    -0.019935
    0.299499    -0.019864
    0.300601    -0.019895
    0.301702    -0.019827
    0.302803    -0.019733
    0.303904    -0.019989
    0.305005    -0.019840
    0.306106    -0.019877
    0.307207    -0.019812
    0.308308    -0.019999
    0.309409    -0.019953
    0.310511    -0.019888
    0.311612    -0.020014
    0.312713    -0.019779
    0.313814    -0.019896
    0.314915    -0.019947
    0.316016    -0.019913
    0.317117    -0.020027
    0.318218    -0.019833
    0.319319    -0.019925
    0.320420    -0.019871
    0.321522    -0.019854
    0.322623    -0.019889
    0.323724    -0.019880
    0.324825    -0.019922
    0.325926    -0.019796
    0.327027    -0.020006
    0.328128    -0.019942
    0.329229    -0.019909
    0.330330    -0.019914
    0.331431    -0.019767
    0.332533    -0.019610
    0.333634    -0.019836
    0.334735    -0.019937
    0.335836    -0.019956
    0.336937    -0.019841
    0.338038    -0.019854
    0.339139    -0.019897
    0.340240    -0.020011
    0.341341    -0.019888
    0.342442    -0.019849
    0.343544    -0.019946
    0.344645    -0.019894
    0.345746    -0.019908
    0.346847    -0.019999
    0.347948    -0.019941
    0.349049    -0.019920
    0.350150    -0.019944
    0.351251    -0.019920
    0.352352    -0.019870
    0.353453    -0.019759
    0.354555    -0.019772
    0.355656    -0.019861
    0.356757    -0.019962
    0.357858    -0.019819
    0.358959    -0.019756
    0.360060    -0.019968
    0.361161    -0.019920
    0.362262    -0.020043
    0.363363    -0.019813
    0.364464    -0.019836
    0.365566    -0.020005
    0.366667    -0.020034
    0.367768    -0.020031
    0.368869    -0.019961
    0.369970    -0.019857
    0.371071    -0.019979
    0.372172    -0.019922
    0.373273    -0.019861
    0.374374    -0.019811
    0.375475    -0.019942
    0.376577    -0.019812
    0.377678    -0.019820
    0.378779    -0.019839
    0.379880    -0.019728
    0.380981    -0.019994
    0.382082    -0.019817
    0.383183    -0.019910
    0.384284    -0.019899
    0.385385    -0.019898
    0.386486    -0.019954
    0.387588    -0.020042
    0.388689    -0.019877
    0.389790    -0.020004
    0.390891    -0.019749
    0.391992    -0.019939
    0.393093    -0.019828
    0.394194    -0.019817
    0.395295    -0.019817
    0.396396    -0.019833
    0.397497    -0.019817
    0.398599    -0.019962
    0.399700    -0.019879
    0.400801    -0.019831
    0.401902    -0.019989
    0.403003    -0.020041
    0.404104    -0.019757
    0.405205    -0.019824
    0.406306    -0.019670
    0.407407    -0.019647
    0.408509    -0.019634
    0.409610    -0.019791
    0.410711    -0.019812
    0.411812    -0.019796
    0.412913    -0.019797
    0.414014    -0.019649
    0.415115    -0.019809
    0.416216    -0.019766
    0.417317    -0.019926
    0.418418    -0.019807
    0.419520    -0.019838
    0.420621    -0.019830
    0.421722    -0.019876
    0.422823    -0.019820
    0.423924    -0.019789
    0.425025    -0.019765
    0.426126    -0.019689
    0.427227    -0.019658
    0.428328    -0.019758
    0.429429    -0.019599
    0.430531    -0.019758
    0.431632    -0.019816
    0.432733    -0.019620
    0.433834    -0.019658
    0.434935    -0.019688
    0.436036    -0.019807
    0.437137    -0.019470
    0.438238    -0.019791
    0.439339    -0.019749
    0.440440    -0.019696
    0.441542    -0.019773
    0.442643    -0.019747
    0.443744    -0.019754
    0.444845    -0.019683
    0.445946    -0.019909
    0.447047    -0.019912
    0.448148    -0.019633
    0.449249    -0.019578
    0.450350    -0.019611
    0.451451    -0.019602
    0.452553    -0.019666
    0.453654    -0.019778
    0.454755    -0.019710
    0.455856    -0.019626
    0.456957    -0.019771
    0.458058    -0.019598
    0.459159    -0.019588
    0.460260    -0.019777
    0.461361    -0.019609
    0.462462    -0.019742
    0.463564    -0.019662
    0.464665    -0.019773
    0.465766    -0.019713
    0.466867    -0.019737
    0.467968    -0.019650
    0.469069    -0.019585
    0.470170    -0.020001
    0.471271    -0.019667
    0.472372    -0.019808
    0.473473    -0.019694
    0.474575    -0.019587
    0.475676    -0.019649
    0.476777    -0.019600
    0.477878    -0.019846
    0.478979    -0.019581
    0.480080    -0.019584
    0.481181    -0.019334
    0.482282    -0.019679
    0.483383    -0.019515
    0.484484    -0.019767
    0.485586    -0.019635
    0.486687    -0.019777
    0.487788    -0.019601
    0.488889    -0.019651
    0.489990    -0.019677
    0.491091    -0.019522
    0.492192    -0.019526
    0.493293    -0.019636
    0.494394    -0.019504
    0.495495    -0.019498
    0.496597    -0.019622
    0.497698    -0.019595
    0.498799    -0.019461
    0.499900    -0.019608
    0.501001    -0.019587
    0.502102    -0.019739
    0.503203    -0.019474
    0.504304    -0.019541
    0.505405    -0.019506
    0.506507    -0.019608
    0.507608    -0.019629
    0.508709    -0.019472
    0.509810    -0.019588
    0.510911    -0.019570
    0.512012    -0.019452
    0.513113    -0.019605
    0.514214    -0.019494
    0.515315    -0.019518
    0.516416    -0.019472
    0.517518    -0.019627
    0.518619    -0.019537
    0.519720    -0.019390
    0.520821    -0.019636
    0.521922    -0.019527
    0.523023    -0.019677
    0.524124    -0.019355
    0.525225    -0.019455
    0.526326    -0.019611
    0.527427    -0.019449
    0.528529    -0.019544
    0.529630    -0.019578
    0.530731    -0.019358
    0.531832    -0.019566
    0.532933    -0.019275
    0.534034    -0.019605
    0.535135    -0.019275
    0.536236    -0.019451
    0.537337    -0.019428
    0.538438    -0.019484
    0.539540    -0.019504
    0.540641    -0.019291
    0.541742    -0.019515
    0.542843    -0.019458
    0.543944    -0.019466
    0.545045    -0.019454
    0.546146    -0.019382
    0.547247    -0.019599
    0.548348    -0.019438
    0.549449    -0.019443
    0.550551    -0.019195
    0.551652    -0.019553
    0.552753    -0.019433
    0.553854    -0.019368
    0.554955    -0.019210
    0.556056    -0.019405
    0.557157    -0.019225
    0.558258    -0.019324
    0.559359    -0.019291
    0.560460    -0.019500
    0.561562    -0.019315
    0.562663    -0.019292
    0.563764    -0.019274
    0.564865    -0.019375
    0.565966    -0.019343
    0.567067    -0.019287
    0.568168    -0.019411
    0.569269    -0.019208
    0.570370    -0.019302
    0.571471    -0.019265
    0.572573    -0.019383
    0.573674    -0.019348
    0.574775    -0.019281
    0.575876    -0.019426
    0.576977    -0.019339
    0.578078    -0.019360
    0.579179    -0.019309
    0.580280    -0.019120
    0.581381    -0.019095
    0.582482    -0.019130
    0.583584    -0.019242
    0.584685    -0.019117
    0.585786    -0.019111
    0.586887    -0.019277
    0.587988    -0.019095
    0.589089    -0.018984
    0.590190    -0.019330
    0.591291    -0.019145
    0.592392    -0.019267
    0.593493    -0.018830
    0.594595    -0.019048
    0.595696    -0.018955
    0.596797    -0.019156
    0.597898    -0.019171
    0.598999    -0.019103
    0.600100    -0.018991
    0.601201    -0.019157
    0.602302    -0.019077
    0.603403    -0.019089
    0.604505    -0.019111
    0.605606    -0.019044
    0.606707    -0.018925
    0.607808    -0.018979
    0.608909    -0.019013
    0.610010    -0.018896
    0.611111    -0.019020
    0.612212    -0.019099
    0.613313    -0.018895
    0.614414    -0.019081
    0.615516    -0.018789
    0.616617    -0.018915
    0.617718    -0.018944
    0.618819    -0.018866
    0.619920    -0.018855
    0.621021    -0.019078
    0.622122    -0.018871
    0.623223    -0.019045
    0.624324    -0.018894
    0.625425    -0.018961
    0.626527    -0.018937
    0.627628    -0.018798
    0.628729    -0.018839
    0.629830    -0.018745
    0.630931    -0.018832
    0.632032    -0.018882
    0.633133    -0.018770
    0.634234    -0.018799
    0.635335    -0.018579
    0.636436    -0.018916
    0.637538    -0.018989
    0.638639    -0.018682
    0.639740    -0.018737
    0.640841    -0.018835
    0.641942    -0.018707
    0.643043    -0.018576
    0.644144    -0.018585
    0.645245    -0.018788
    0.646346    -0.018849
    0.647447    -0.018738
    0.648549    -0.018753
    0.649650    -0.018686
    0.650751    -0.018603
    0.651852    -0.018622
    0.652953    -0.018555
    0.654054    -0.018641
    0.655155    -0.018617
    0.656256    -0.018442
    0.657357    -0.018578
    0.658458    -0.018625
    0.659560    -0.018412
    0.660661    -0.018589
    0.661762    -0.018512
    0.662863    -0.018354
    0.663964    -0.018332
    0.665065    -0.018599
    0.666166    -0.018517
    0.667267    -0.018593
    0.668368    -0.018225
    0.669469    -0.018513
    0.670571    -0.018473
    0.671672    -0.018559
    0.672773    -0.018408
    0.673874    -0.018319
    0.674975    -0.018179
    0.676076    -0.018355
    0.677177    -0.018363
    0.678278    -0.018153
    0.679379    -0.018453
    0.680480    -0.018456
    0.681582    -0.018312
    0.682683    -0.018341
    0.683784    -0.018353
    0.684885    -0.018283
    0.685986    -0.018296
    0.687087    -0.018234
    0.688188    -0.018250
    0.689289    -0.018220
    0.690390    -0.018085
    0.691491    -0.018207
    0.692593    -0.018179
    0.693694    -0.018095
    0.694795    -0.018168
    0.695896    -0.018105
    0.696997    -0.018043
    0.698098    -0.017999
    0.699199    -0.018127
    0.700300    -0.018206
    0.701401    -0.018155
    0.702503    -0.017928
    0.703604    -0.017908
    0.704705    -0.018034
    0.705806    -0.018033
    0.706907    -0.017927
    0.708008    -0.017799
    0.709109    -0.017801
    0.710210    -0.017742
    0.711311    -0.017936
    0.712412    -0.017767
    0.713514    -0.017822
    0.714615    -0.017654
    0.715716    -0.017724
    0.716817    -0.017685
    0.717918    -0.017782
    0.719019    -0.017615
    0.720120    -0.017624
    0.721221    -0.017714
    0.722322    -0.017755
    0.723423    -0.017558
    0.724525    -0.017782
    0.725626    -0.017534
    0.726727    -0.017374
    0.727828    -0.017650
    0.728929    -0.017491
    0.730030    -0.017413
    0.731131    -0.017554
    0.732232    -0.017497
    0.733333    -0.017547
    0.734434    -0.017328
    0.735536    -0.017338
    0.736637    -0.017216
    0.737738    -0.017349
    0.738839    -0.017233
    0.739940    -0.017282
    0.741041    -0.017390
    0.742142    -0.017298
    0.743243    -0.017272
    0.744344    -0.017211
    0.745445    -0.017248
    0.746547    -0.017143
    0.747648    -0.017124
    0.748749    -0.017207
    0.749850    -0.017230
    0.750951    -0.016959
    0.752052    -0.016971
    0.753153    -0.017014
    0.754254    -0.017104
    0.755355    -0.016812
    0.756456    -0.016971
    0.757558    -0.016914
    0.758659    -0.016868
    0.759760    -0.016730
    0.760861    -0.016954
    0.761962    -0.016932
    0.763063    -0.016849
    0.764164    -0.016771
    0.765265    -0.016679
    0.766366    -0.016740
    0.767467    -0.016597
    0.768569    -0.016378
    0.769670    -0.016574
    0.770771    -0.016716
    0.771872    -0.016346
    0.772973    -0.016371
    0.774074    -0.016441
    0.775175    -0.016426
    0.776276    -0.016507
    0.777377    -0.016397
    0.778478    -0.016330
    0.779580    -0.016309
    0.780681    -0.016270
    0.781782    -0.016407
    0.782883    -0.016187
    0.783984    -0.016226
    0.785085    -0.015934
    0.786186    -0.016348
    0.787287    -0.016019
    0.788388    -0.015986
    0.789489    -0.016184
    0.790591    -0.015974
    0.791692    -0.015958
    0.792793    -0.015879
    0.793894    -0.015876
    0.794995    -0.015850
    0.796096    -0.015756
    0.797197    -0.015917
    0.798298    -0.015791
    0.799399    -0.015824
    0.800501    -0.015686
    0.801602    -0.015583
    0.802703    -0.015405
    0.803804    -0.015634
    0.804905    -0.015369
    0.806006    -0.015414
    0.807107    -0.015479
    0.808208    -0.015508
    0.809309    -0.015326
    0.810410    -0.015441
    0.811512    -0.015328
    0.812613    -0.015285
    0.813714    -0.015259
    0.814815    -0.015223
    0.815916    -0.015016
    0.817017    -0.015167
    0.818118    -0.015057
    0.819219    -0.015113
    0.820320    -0.015141
    0.821421    -0.014868
    0.822523    -0.014948
    0.823624    -0.014741
    0.824725    -0.014608
    0.825826    -0.014797
    0.826927    -0.014778
    0.828028    -0.014677
    0.829129    -0.014530
    0.830230    -0.014651
    0.831331    -0.014635
    0.832432    -0.014391
    0.833534    -0.014550
    0.834635    -0.014457
    0.835736    -0.014390
    0.836837    -0.014362
    0.837938    -0.014417
    0.839039    -0.014251
    0.840140    -0.013977
    0.841241    -0.013928
    0.842342    -0.013949
    0.843443    -0.014032
    0.844545    -0.013937
    0.845646    -0.013999
    0.846747    -0.013953
    0.847848    -0.013741
    0.848949    -0.013595
    0.850050    -0.013597
    0.851151    -0.013631
    0.852252    -0.013486
    0.853353    -0.013487
    0.854454    -0.013397
    0.855556    -0.013279
    0.856657    -0.013382
    0.857758    -0.013297
    0.858859    -0.013312
    0.859960    -0.013189
    0.861061    -0.013088
    0.862162    -0.013027
    0.863263    -0.013034
    0.864364    -0.012887
    0.865465    -0.012931
    0.866567    -0.012669
    0.867668    -0.012744
    0.868769    -0.012810
    0.869870    -0.012754
    0.870971    -0.012565
    0.872072    -0.012596
    0.873173    -0.012655
    0.874274    -0.012414
    0.875375    -0.012261
    0.876476    -0.012279
    0.877578    -0.012218
    0.878679    -0.012162
    0.879780    -0.011999
    0.880881    -0.011860
    0.881982    -0.011767
    0.883083    -0.011833
    0.884184    -0.011747
    0.885285    -0.011673
    0.886386    -0.011805
    0.887487    -0.011713
    0.888589    -0.011608
    0.889690    -0.011340
    0.890791    -0.011385
    0.891892    -0.011250
    0.892993    -0.011245
    0.894094    -0.011189
    0.895195    -0.010901
    0.896296    -0.011011
    0.897397    -0.010751
    0.898498    -0.010972
    0.899600    -0.010826
    0.900701    -0.010574
    0.901802    -0.010576
    0.902903    -0.010509
    0.904004    -0.010621
    0.905105    -0.010393
    0.906206    -0.010202
    0.907307    -0.010132
    0.908408    -0.009900
    0.909510    -0.009888
    0.910611    -0.009963
    0.911712    -0.009724
    0.912813    -0.009565
    0.913914    -0.009621
    0.915015    -0.009594
    0.916116    -0.009722
    0.917217    -0.009397
    0.918318    -0.009267
    0.919419    -0.009133
    0.920521    -0.009103
    0.921622    -0.009064
    0.922723    -0.009052
    0.923824    -0.008764
    0.924925    -0.008704
    0.926026    -0.008662
    0.927127    -0.008420
    0.928228    -0.008360
    0.929329    -0.008502
    0.930430    -0.008122
    0.931532    -0.008006
    0.932633    -0.007946
    0.933734    -0.007893
    0.934835    -0.008104
    0.935936    -0.007677
    0.937037    -0.007514
    0.938138    -0.007502
    0.939239    -0.007568
    0.940340    -0.007348
    0.941441    -0.007166
    0.942543    -0.007133
    0.943644    -0.006890
    0.944745    -0.006753
    0.945846    -0.006725
    0.946947    -0.006876
    0.948048    -0.006585
    0.949149    -0.006513
    0.950250    -0.006396
    0.951351    -0.006235
    0.952452    -0.006171
    0.953554    -0.006048
    0.954655    -0.005963
    0.955756    -0.005787
    0.956857    -0.005680
    0.957958    -0.005308
    0.959059    -0.005461
    0.960160    -0.005377
    0.961261    -0.005162
    0.962362    -0.005126
    0.963463    -0.004852
    0.964565    -0.004719
    0.965666    -0.004609
    0.966767    -0.004440
    0.967868    -0.004365
    0.968969    -0.004267
    0.970070    -0.004135
    0.971171    -0.003986
    0.972272    -0.003820
    0.973373    -0.003867
    0.974474    -0.003551
    0.975576    -0.003411
    0.976677    -0.003182
    0.977778    -0.003072
    0.978879    -0.003086
    0.979980    -0.002869
    0.981081    -0.002579
    0.982182    -0.002430
    0.983283    -0.002415
    0.984384    -0.002341
    0.985485    -0.002065
    0.986587    -0.002003
    0.987688    -0.001870
    0.988789    -0.001626
    0.989890    -0.001711
    0.990991    -0.001287
    0.992092    -0.001089
    0.993193    -0.000994
    0.994294    -0.000936
    0.995395    -0.000740
    0.996496    -0.000510
    0.997598    -0.000385
    0.998699    -0.000072
    0.999800    -0.000035
    1.000901     0.000169
    1.002002     0.000324
    1.003103     0.000589
    1.004204     0.000608
    1.005305     0.000947
    1.006406     0.000947
    1.007508     0.001108
    1.008609     0.001374
    1.009710     0.001516
    1.010811     0.001813
    1.011912     0.001877
    1.013013     0.001948
    1.014114     0.002291
    1.015215     0.002472
    1.016316     0.002730
    1.017417     0.002855
    1.018519     0.002980
    1.019620     0.003311
    1.020721     0.003527
    1.021822     0.003534
    1.022923     0.003743
    1.024024     0.004059
    1.025125     0.004195
    1.026226     0.004351
    1.027327     0.004480
    1.028428     0.004572
    1.029530     0.005021
    1.030631     0.005427
    1.031732     0.005660
    1.032833     0.005695
    1.033934     0.005915
    1.035035     0.006210
    1.036136     0.006437
    1.037237     0.006554
    1.038338     0.006575
    1.039439     0.007017
    1.040541     0.007220
    1.041642     0.007606
    1.042743     0.007768
    1.043844     0.007992
    1.044945     0.008136
    1.046046     0.008458
    1.047147     0.008607
    1.048248     0.008967
    1.049349     0.009230
    1.050450     0.009187
    1.051552     0.009578
    1.052653     0.009670
    1.053754     0.009996
    1.054855     0.010229
    1.055956     0.010738
    1.057057     0.010787
    1.058158     0.010877
    1.059259     0.011226
    1.060360     0.011574
    1.061461     0.011902
    1.062563     0.012225
    1.063664     0.012456
    1.064765     0.012608
    1.065866     0.013022
    1.066967     0.013292
    1.068068     0.013492
    1.069169     0.013733
    1.070270     0.013975
    1.071371     0.014297
    1.072472     0.014595
    1.073574     0.014880
    1.074675     0.015330
    1.075776     0.015432
    1.076877     0.015748
    1.077978     0.016245
    1.079079     0.016364
    1.080180     0.016755
    1.081281     0.016923
    1.082382     0.017464
    1.083483     0.017772
    1.084585     0.017967
    1.085686     0.018301
    1.086787     0.018503
    1.087888     0.018801
    1.088989     0.019301
    1.090090     0.019445
    1.091191     0.019892
    1.092292     0.020159
    1.093393     0.020604
    1.094494     0.020994
    1.095596     0.021207
    1.096697     0.021533
    1.097798     0.021896
    1.098899     0.022462
    1.100000     0.022644
