    0.000000    -0.020051
    0.001101    -0.020065
    0.002202    -0.020108
    0.003303    -0.019891
    0.004404    -0.019913
    0.005506    -0.019942
    0.006607    -0.019860
    0.007708    -0.020218
    0.008809    -0.020147
    0.009910    -0.019878
    0.011011    -0.020079
    0.012112    -0.020346
    0.013213    -0.020184
    0.014314    -0.020050
    0.015415    -0.019933
    0.016517    -0.020032
    0.017618    -0.019959
    0.018719    -0.020176
    0.019820    -0.019917
    0.020921    -0.019903
    0.022022    -0.019900
    0.023123    -0.020077
    0.024224    -0.020121
    0.025325    -0.019833
    0.026426    -0.020143
    0.027528    -0.019959
    0.028629    -0.020112
    0.029730    -0.019904
    0.030831    -0.020085
    0.031932    -0.019872
    0.033033    -0.019978
    0.034134    -0.020056
    0.035235    -0.020216
    0.036336    -0.019773
    0.037437    -0.020046
    0.038539    -0.019965
    0.039640    -0.020109
    0.040741    -0.020094
    0.041842    -0.020050
    0.042943    -0.019986
    0.044044    -0.019983
    0.045145    -0.019899
    0.046246    -0.020138
    0.047347    -0.019865
    0.048448    -0.020160
    0.049550    -0.020127
    0.050651    -0.019956
    0.051752    -0.020046
    0.052853    -0.020088
    0.053954    -0.020106
    0.055055    -0.019998
    0.056156    -0.019862
    0.057257    -0.020153
    0.058358    -0.019979
    0.059459    -0.019834
    0.060561    -0.019932
    0.061662    -0.020178
    0.062763    -0.020187
    0.063864    -0.020034
    0.064965    -0.019866
    0.066066    -0.019913
    0.067167    -0.019915
    0.068268    -0.020226
    0.069369    -0.019931
    0.070470    -0.020063
    0.071572    -0.019880
    0.072673    -0.019929
    0.073774    -0.020153
    0.074875    -0.019968
    0.075976    -0.019925
    0.077077    -0.019933
    0.078178    -0.019877
    0.079279    -0.020045
    0.080380    -0.020052
    0.081481    -0.020073
    0.082583    -0.020242
    0.083684    -0.019983
    0.084785    -0.020008
    0.085886    -0.020055
    0.086987    -0.020109
    0.088088    -0.019852
    0.089189    -0.019955
    0.090290    -0.019851
    0.091391    -0.019909
    0.092492    -0.019954
    0.093594    -0.019826
    0.094695    -0.019891
    0.095796    -0.020017
    0.096897    -0.020024
    0.097998    -0.019848
    0.099099    -0.019996
    0.100200    -0.019929
    0.101301    -0.020125
    0.102402    -0.020041
    0.103504    -0.019894
    0.104605    -0.019996
    0.105706    -0.020013
    0.106807    -0.019830
    0.107908    -0.020273
    0.109009    -0.019859
    0.110110    -0.019980
    0.111211    -0.020040
    0.112312    -0.019806
    0.113413    -0.019937
    0.114515    -0.019994
    0.115616    -0.020120
    0.116717    -0.020186
    0.117818    -0.019932
    0.118919    -0.019786
    0.120020    -0.019935
    0.121121    -0.019955
    0.122222    -0.019936
    0.123323    -0.020139
    0.124424    -0.020213
    0.125526    -0.020023
    0.126627    -0.019854
    0.127728    -0.020037
    0.128829    -0.019973
    0.129930    -0.020229
    0.131031    -0.019840
    0.132132    -0.019911
    0.133233    -0.020010
    0.134334    -0.020074
    0.135435    -0.020032
    0.136537    -0.020223
    0.137638    -0.020027
    0.138739    -0.019784
    0.139840    -0.019870
    0.140941    -0.019974
    0.142042    -0.020163
    0.143143    -0.019800
    0.144244    -0.019991
    0.145345    -0.019939
    0.146446    -0.020102
    0.147548    -0.019769
    0.148649    -0.020021
    0.149750    -0.019970
    0.150851    -0.020144
    0.151952    -0.019819
    0.153053    -0.019983
    0.154154    -0.020055
    0.155255    -0.020205
    0.156356    -0.020090
    0.157457    -0.019909
    0.158559    -0.019828
    0.159660    -0.019805
    0.160761    -0.019944
    0.161862    -0.019886
    0.162963    -0.019860
    0.164064    -0.020094
    0.165165    -0.020095
    0.166266    -0.020023
    0.167367    -0.020157
    0.168468    -0.019705
    0.169570    -0.020029
    0.170671    -0.019954
    0.171772    -0.019919
    0.172873    -0.019898
    0.173974    -0.019875
    0.175075    -0.020047
    0.176176    -0.020238
    0.177277    -0.019897
    0.178378    -0.020200
    0.179479    -0.020109
    0.180581    -0.019922
    0.181682    -0.020148
    0.182783    -0.020218
    0.183884    -0.020004
    0.184985    -0.019824
    0.186086    -0.020085
    0.187187    -0.020059
    0.188288    -0.019929
    0.189389    -0.019828
    0.190490    -0.019886
    0.191592    -0.020060
    0.192693    -0.019951
    0.193794    -0.020007
    0.194895    -0.019809
    0.195996    -0.019882
    0.197097    -0.020021
    0.198198    -0.019950
    0.199299    -0.019897
    0.200400    -0.019979
    0.201502    -0.020056
    0.202603    -0.020019
    0.203704    -0.019956
    0.204805    -0.020108
    0.205906    -0.020089
    0.207007    -0.020007
    0.208108    -0.019883
    0.209209    -0.020200
    0.210310    -0.019959
    0.211411    -0.019928
    0.212513    -0.020058
    0.213614    -0.020091
    0.214715    -0.020028
    0.215816    -0.020022
    0.216917    -0.019824
    0.218018    -0.020076
    0.219119    -0.020161
    0.220220    -0.019920
    0.221321    -0.020286
    0.222422    -0.019982
    0.223524    -0.019791
    0.224625    -0.020155
    0.225726    -0.019934
    0.226827    -0.019831
    0.227928    -0.020012
    0.229029    -0.019913
    0.230130    -0.019926
    0.231231    -0.019800
    0.232332    -0.019948
    0.233433    -0.020018
    0.234535    -0.019898
    0.235636    -0.020058
    0.236737    -0.020089
    0.237838    -0.020039
    0.238939    -0.020204
    0.240040    -0.020075
    0.241141    -0.020081
    0.242242    -0.020132
    0.243343    -0.020060
    0.244444    -0.019807
    0.245546    -0.020056
    0.246647    -0.020272
    0.247748    -0.020007
    0.248849    -0.020039
    0.249950    -0.019956
    0.251051    -0.020159
    0.252152    -0.020026
    0.253253    -0.020092
    0.254354    -0.019947
    0.255455    -0.020111
    0.256557    -0.020037
    0.257658    -0.020027
    0.258759    -0.020193
    0.259860    -0.020024
    0.260961    -0.019838
    0.262062    -0.020058
    0.263163    -0.019898
    0.264264    -0.019902
    0.265365    -0.019890
    0.266466    -0.019914
    0.267568    -0.019892
    0.268669    -0.020140
    0.269770    -0.019861
    0.270871    -0.020210
    0.271972    -0.019906
    0.273073    -0.019934
    0.274174    -0.019951
    0.275275    -0.020021
    0.276376    -0.020155
    0.277477    -0.020121
    0.278579    -0.019944
    0.279680    -0.019861
    0.280781    -0.019991
    0.281882    -0.019915
    0.282983    -0.020131
    0.284084    -0.020068
    0.285185    -0.019967
    0.286286    -0.019841
    0.287387    -0.019810
    0.288488    -0.019866
    0.289590    -0.020101
    0.290691    -0.020278
    0.291792    -0.019939
    0.292893    -0.020113
    0.293994    -0.020163
    0.295095    -0.020228
    0.296196    -0.020092
    0.297297    -0.019967
    0.298398    -0.020049
    0.299499    -0.020007
    0.300601    -0.019876
    0.301702    -0.019915
    0.302803    -0.019898
    0.303904    -0.019834
    0.305005    -0.019891
    0.306106    -0.019874
    0.307207    -0.019861
    0.308308    -0.019953
    0.309409    -0.019880
    0.310511    -0.020105
    0.311612    -0.019986
    0.312713    -0.019943
    0.313814    -0.019984
    0.314915    -0.020122
    0.316016    -0.019926
    0.317117    -0.019881
    0.318218    -0.019830
    0.319319    -0.020122
    0.320420    -0.019987
    0.321522    -0.020111
    0.322623    -0.019861
    0.323724    -0.020040
    0.324825    -0.020150
    0.325926    -0.019932
    0.327027    -0.020167
    0.328128    -0.019942
    0.329229    -0.019939
    0.330330    -0.019890
    0.331431    -0.020084
    0.332533    -0.020018
    0.333634    -0.019778
    0.334735    -0.019923
    0.335836    -0.020183
    0.336937    -0.019870
    0.338038    -0.020094
    0.339139    -0.020318
    0.340240    -0.020048
    0.341341    -0.019935
    0.342442    -0.019855
    0.343544    -0.019925
    0.344645    -0.020107
    0.345746    -0.019921
    0.346847    -0.020157
    0.347948    -0.019991
    0.349049    -0.019845
    0.350150    -0.019978
    0.351251    -0.019973
    0.352352    -0.019805
    0.353453    -0.020016
    0.354555    -0.019898
    0.355656    -0.020109
    0.356757    -0.020064
    0.357858    -0.020163
    0.358959    -0.020071
    0.360060    -0.020035
    0.361161    -0.020096
    0.362262    -0.020056
    0.363363    -0.020083
    0.364464    -0.020115
    0.365566    -0.020085
    0.366667    -0.020100
    0.367768    -0.019974
    0.368869    -0.020095
    0.369970    -0.019951
    0.371071    -0.020014
    0.372172    -0.019923
    0.373273    -0.020050
    0.374374    -0.019979
    0.375475    -0.019954
    0.376577    -0.020100
    0.377678    -0.020112
    0.378779    -0.019997
    0.379880    -0.020042
    0.380981    -0.019978
    0.382082    -0.019841
    0.383183    -0.020088
    0.384284    -0.019855
    0.385385    -0.019920
    0.386486    -0.020097
    0.387588    -0.019826
    0.388689    -0.020144
    0.389790    -0.020059
    0.390891    -0.020109
    0.391992    -0.020137
    0.393093    -0.019704
    0.394194    -0.020043
    0.395295    -0.019864
    0.396396    -0.020019
    0.397497    -0.019993
    0.398599    -0.019878
    0.399700    -0.020039
    0.400801    -0.019929
    0.401902    -0.019947
    0.403003    -0.020075
    0.404104    -0.020009
    0.405205    -0.020007
    0.406306    -0.019995
    0.407407    -0.020094
    0.408509    -0.020008
    0.409610    -0.019973
    0.410711    -0.020018
    0.411812    -0.019951
    0.412913    -0.020128
    0.414014    -0.019993
    0.415115    -0.019941
    0.416216    -0.020025
    0.417317    -0.020000
    0.418418    -0.019808
    0.419520    -0.020071
    0.420621    -0.019910
    0.421722    -0.019797
    0.422823    -0.019853
    0.423924    -0.020151
    0.425025    -0.020120
    0.426126    -0.019940
    0.427227    -0.019905
    0.428328    -0.019854
    0.429429    -0.019999
    0.430531    -0.020076
    0.431632    -0.020066
    0.432733    -0.019976
    0.433834    -0.020110
    0.434935    -0.019969
    0.436036    -0.020035
    0.437137    -0.019938
    0.438238    -0.019967
    0.439339    -0.020010
    0.440440    -0.019839
    0.441542    -0.019929
    0.442643    -0.020069
    0.443744    -0.020172
    0.444845    -0.020236
    0.445946    -0.019877
    0.447047    -0.019894
    0.448148    -0.020012
    0.449249    -0.019992
    0.450350    -0.019976
    0.451451    -0.019990
    0.452553    -0.019813
    0.453654    -0.019969
    0.454755    -0.019815
    0.455856    -0.020139
    0.456957    -0.019978
    0.458058    -0.019818
    0.459159    -0.020002
    0.460260    -0.020023
    0.461361    -0.020333
    0.462462    -0.020156
    0.463564    -0.019855
    0.464665    -0.020192
    0.465766    -0.019873
    0.466867    -0.019958
    0.467968    -0.020056
    0.469069    -0.019960
    0.470170    -0.020215
    0.471271    -0.019966
    0.472372    -0.020110
    0.473473    -0.020004
    0.474575    -0.019968
    0.475676    -0.020161
    0.476777    -0.020113
    0.477878    -0.020062
    0.478979    -0.019878
    0.480080    -0.020058
    0.481181    -0.019851
    0.482282    -0.019927
    0.483383    -0.020108
    0.484484    -0.019969
    0.485586    -0.019814
    0.486687    -0.019882
    0.487788    -0.020023
    0.488889    -0.019881
    0.489990    -0.020133
    0.491091    -0.019916
    0.492192    -0.020034
    0.493293    -0.020134
    0.494394    -0.020176
    0.495495    -0.019958
    0.496597    -0.019960
    0.497698    -0.019983
    0.498799    -0.019951
    0.499900    -0.020141
    0.501001    -0.019828
    0.502102    -0.020208
    0.503203    -0.020195
    0.504304    -0.020081
    0.505405    -0.019977
    0.506507    -0.019868
    0.507608    -0.019954
    0.508709    -0.020072
    0.509810    -0.019857
    0.510911    -0.020041
    0.512012    -0.019838
    0.513113    -0.019918
    0.514214    -0.020000
    0.515315    -0.020121
    0.516416    -0.019937
    0.517518    -0.020090
    0.518619    -0.019917
    0.519720    -0.019816
    0.520821    -0.019970
    0.521922    -0.019891
    0.523023    -0.020054
    0.524124    -0.020005
    0.525225    -0.020186
    0.526326    -0.019757
    0.527427    -0.019904
    0.528529    -0.019814
    0.529630    -0.019994
    0.530731    -0.019986
    0.531832    -0.019903
    0.532933    -0.020054
    0.534034    -0.020136
    0.535135    -0.019947
    0.536236    -0.019920
    0.537337    -0.019910
    0.538438    -0.019953
    0.539540    -0.020043
    0.540641    -0.019942
    0.541742    -0.019871
    0.542843    -0.019838
    0.543944    -0.019998
    0.545045    -0.020146
    0.546146    -0.020016
    0.547247    -0.019839
    0.548348    -0.019814
    0.549449    -0.020000
    0.550551    -0.020140
    0.551652    -0.019976
    0.552753    -0.019988
    0.553854    -0.019992
    0.554955    -0.019841
    0.556056    -0.020123
    0.557157    -0.019969
    0.558258    -0.019899
    0.559359    -0.019931
    0.560460    -0.019836
    0.561562    -0.019771
    0.562663    -0.020085
    0.563764    -0.020113
    0.564865    -0.019846
    0.565966    -0.020041
    0.567067    -0.019901
    0.568168    -0.019968
    0.569269    -0.020020
    0.570370    -0.020114
    0.571471    -0.019893
    0.572573    -0.020061
    0.573674    -0.019995
    0.574775    -0.019788
    0.575876    -0.019668
    0.576977    -0.020036
    0.578078    -0.019849
    0.579179    -0.020043
    0.580280    -0.020150
    0.581381    -0.019984
    0.582482    -0.020136
    0.583584    -0.020066
    0.584685    -0.020151
    0.585786    -0.019883
    0.586887    -0.019807
    0.587988    -0.019967
    0.589089    -0.019839
    0.590190    -0.019750
    0.591291    -0.020060
    0.592392    -0.019974
    0.593493    -0.020007
    0.594595    -0.019886
    0.595696    -0.019805
    0.596797    -0.020088
    0.597898    -0.020055
    0.598999    -0.020086
    0.600100    -0.020206
    0.601201    -0.019750
    0.602302    -0.020025
    0.603403    -0.019887
    0.604505    -0.020032
    0.605606    -0.019950
    0.606707    -0.020169
    0.607808    -0.020030
    0.608909    -0.019853
    0.610010    -0.019957
    0.611111    -0.020128
    0.612212    -0.020040
    0.613313    -0.019906
    0.614414    -0.020039
    0.615516    -0.019936
    0.616617    -0.019987
    0.617718    -0.019987
    0.618819    -0.020034
    0.619920    -0.019821
    0.621021    -0.020037
    0.622122    -0.019981
    0.623223    -0.019985
    0.624324    -0.020053
    0.625425    -0.019947
    0.626527    -0.019958
    0.627628    -0.019876
    0.628729    -0.019842
    0.629830    -0.019862
    0.630931    -0.020163
    0.632032    -0.020032
    0.633133    -0.019894
    0.634234    -0.019797
    0.635335    -0.019851
    0.636436    -0.019999
    0.637538    -0.019841
    0.638639    -0.019848
    0.639740    -0.019902
    0.640841    -0.019807
    0.641942    -0.019879
    0.643043    -0.020061
    0.644144    -0.019987
    0.645245    -0.019786
    0.646346    -0.019933
    0.647447    -0.019796
    0.648549    -0.019890
    0.649650    -0.019904
    0.650751    -0.019827
    0.651852    -0.019872
    0.652953    -0.019882
    0.654054    -0.019853
    0.655155    -0.019941
    0.656256    -0.019882
    0.657357    -0.019925
    0.658458    -0.019789
    0.659560    -0.019826
    0.660661    -0.019974
    0.661762    -0.019920
    0.662863    -0.019768
    0.663964    -0.019900
    0.665065    -0.019814
    0.666166    -0.019873
    0.667267    -0.019734
    0.668368    -0.019846
    0.669469    -0.019918
    0.670571    -0.019870
    0.671672    -0.019663
    0.672773    -0.019880
    0.673874    -0.019910
    0.674975    -0.019865
    0.676076    -0.019995
    0.677177    -0.020072
    0.678278    -0.019923
    0.679379    -0.019880
    0.680480    -0.019553
    0.681582    -0.020042
    0.682683    -0.019904
    0.683784    -0.020053
    0.684885    -0.019950
    0.685986    -0.019897
    0.687087    -0.019782
    0.688188    -0.019927
    0.689289    -0.019635
    0.690390    -0.019910
    0.691491    -0.019788
    0.692593    -0.019842
    0.693694    -0.019773
    0.694795    -0.019725
    0.695896    -0.020007
    0.696997    -0.019732
    0.698098    -0.019704
    0.699199    -0.019896
    0.700300    -0.019766
    0.701401    -0.019896
    0.702503    -0.019727
    0.703604    -0.019812
    0.704705    -0.019659
    0.705806    -0.019678
    0.706907    -0.019858
    0.708008    -0.019635
    0.709109    -0.019618
    0.710210    -0.019920
    0.711311    -0.019803
    0.712412    -0.019642
    0.713514    -0.019789
    0.714615    -0.019774
    0.715716    -0.019684
    0.716817    -0.019328
    0.717918    -0.019601
    0.719019    -0.019698
    0.720120    -0.019700
    0.721221    -0.019770
    0.722322    -0.019873
    0.723423    -0.019924
    0.724525    -0.019548
    0.725626    -0.019648
    0.726727    -0.019540
    0.727828    -0.019714
    0.728929    -0.019575
    0.730030    -0.019802
    0.731131    -0.019460
    0.732232    -0.019717
    0.733333    -0.019633
    0.734434    -0.019552
    0.735536    -0.019791
    0.736637    -0.019437
    0.737738    -0.019638
    0.738839    -0.019559
    0.739940    -0.019746
    0.741041    -0.019589
    0.742142    -0.019609
    0.743243    -0.019563
    0.744344    -0.019757
    0.745445    -0.019611
    0.746547    -0.019503
    0.747648    -0.019524
    0.748749    -0.019782
    0.749850    -0.019544
    0.750951    -0.019576
    0.752052    -0.019551
    0.753153    -0.019414
    0.754254    -0.019509
    0.755355    -0.019584
    0.756456    -0.019436
    0.757558    -0.019529
    0.758659    -0.019567
    0.759760    -0.019436
    0.760861    -0.019555
    0.761962    -0.019614
    0.763063    -0.019364
    0.764164    -0.019393
    0.765265    -0.019416
    0.766366    -0.019424
    0.767467    -0.019389
    0.768569    -0.019565
    0.769670    -0.019546
    0.770771    -0.019562
    0.771872    -0.019553
    0.772973    -0.019227
    0.774074    -0.019369
    0.775175    -0.019572
    0.776276    -0.019255
    0.777377    -0.019406
    0.778478    -0.019284
    0.779580    -0.019371
    0.780681    -0.019189
    0.781782    -0.019220
    0.782883    -0.019201
    0.783984    -0.019303
    0.785085    -0.019444
    0.786186    -0.019272
    0.787287    -0.019118
    0.788388    -0.019032
    0.789489    -0.018902
    0.790591    -0.019365
    0.791692    -0.019157
    0.792793    -0.019108
    0.793894    -0.019053
    0.794995    -0.018992
    0.796096    -0.019000
    0.797197    -0.019047
    0.798298    -0.019134
    0.799399    -0.019126
    0.800501    -0.019034
    0.801602    -0.018983
    0.802703    -0.019043
    0.803804    -0.019197
    0.804905    -0.019092
    0.806006    -0.018984
    0.807107    -0.019162
    0.808208    -0.018867
    0.809309    -0.018754
    0.810410    -0.018823
    0.811512    -0.018659
    0.812613    -0.018940
    0.813714    -0.018999
    0.814815    -0.018872
    0.815916    -0.018715
    0.817017    -0.018662
    0.818118    -0.018514
    0.819219    -0.018700
    0.820320    -0.018825
    0.821421    -0.018583
    0.822523    -0.018513
    0.823624    -0.018558
    0.824725    -0.018505
    0.825826    -0.018560
    0.826927    -0.018689
    0.828028    -0.018442
    0.829129    -0.018664
    0.830230    -0.018618
    0.831331    -0.018564
    0.832432    -0.018690
    0.833534    -0.018597
    0.834635    -0.018615
    0.835736    -0.018467
    0.836837    -0.018462
    0.837938    -0.018426
    0.839039    -0.018198
    0.840140    -0.018179
    0.841241    -0.018209
    0.842342    -0.018416
    0.843443    -0.018188
    0.844545    -0.018070
    0.845646    -0.018066
    0.846747    -0.017915
    0.847848    -0.018248
    0.848949    -0.018066
    0.850050    -0.018037
    0.851151    -0.017790
    0.852252    -0.017955
    0.853353    -0.017883
    0.854454    -0.017830
    0.855556    -0.017843
    0.856657    -0.017646
    0.857758    -0.017663
    0.858859    -0.017832
    0.859960    -0.017664
    0.861061    -0.017810
    0.862162    -0.017495
    0.863263    -0.017704
    0.864364    -0.017368
    0.865465    -0.017337
    0.866567    -0.017419
    0.867668    -0.017224
    0.868769    -0.017426
    0.869870    -0.017168
    0.870971    -0.017507
    0.872072    -0.017127
    0.873173    -0.017073
    0.874274    -0.016970
    0.875375    -0.017098
    0.876476    -0.016930
    0.877578    -0.017032
    0.878679    -0.016764
    0.879780    -0.016833
    0.880881    -0.016709
    0.881982    -0.016505
    0.883083    -0.016637
    0.884184    -0.016569
    0.885285    -0.016512
    0.886386    -0.016499
    0.887487    -0.016410
    0.888589    -0.016344
    0.889690    -0.016591
    0.890791    -0.016099
    0.891892    -0.016325
    0.892993    -0.016288
    0.894094    -0.015905
    0.895195    -0.016120
    0.896296    -0.015867
    0.897397    -0.015760
    0.898498    -0.015494
    0.899600    -0.015625
    0.900701    -0.015628
    0.901802    -0.015677
    0.902903    -0.015451
    0.904004    -0.015287
    0.905105    -0.015249
    0.906206    -0.015366
    0.907307    -0.015189
    0.908408    -0.014997
    0.909510    -0.014877
    0.910611    -0.015043
    0.911712    -0.014719
    0.912813    -0.014701
    0.913914    -0.014698
    0.915015    -0.014385
    0.916116    -0.014732
    0.917217    -0.014310
    0.918318    -0.014003
    0.919419    -0.013991
    0.920521    -0.013981
    0.921622    -0.014006
    0.922723    -0.013837
    0.923824    -0.013733
    0.924925    -0.013719
    0.926026    -0.013669
    0.927127    -0.013516
    0.928228    -0.013236
    0.929329    -0.013197
    0.930430    -0.012912
    0.931532    -0.012854
    0.932633    -0.012696
    0.933734    -0.012727
    0.934835    -0.012552
    0.935936    -0.012532
    0.937037    -0.012180
    0.938138    -0.012168
    0.939239    -0.011914
    0.940340    -0.012033
    0.941441    -0.011620
    0.942543    -0.011845
    0.943644    -0.011567
    0.944745    -0.011400
    0.945846    -0.011500
    0.946947    -0.010889
    0.948048    -0.010925
    0.949149    -0.010817
    0.950250    -0.010641
    0.951351    -0.010305
    0.952452    -0.010296
    0.953554    -0.009871
    0.954655    -0.009937
    0.955756    -0.009710
    0.956857    -0.009743
    0.957958    -0.009580
    0.959059    -0.009271
    0.960160    -0.009158
    0.961261    -0.008873
    0.962362    -0.008551
    0.963463    -0.008506
    0.964565    -0.008262
    0.965666    -0.007892
    0.966767    -0.007805
    0.967868    -0.007684
    0.968969    -0.007388
    0.970070    -0.007293
    0.971171    -0.006968
    0.972272    -0.006934
    0.973373    -0.006537
    0.974474    -0.006505
    0.975576    -0.006169
    0.976677    -0.005914
    0.977778    -0.005392
    0.978879    -0.005597
    0.979980    -0.005204
    0.981081    -0.005003
    0.982182    -0.004753
    0.983283    -0.004523
    0.984384    -0.003885
    0.985485    -0.003722
    0.986587    -0.003803
    0.987688    -0.003266
    0.988789    -0.003110
    0.989890    -0.002755
    0.990991    -0.002738
    0.992092    -0.002208
    0.993193    -0.002028
    0.994294    -0.001564
    0.995395    -0.001415
    0.996496    -0.000844
    0.997598    -0.000767
    0.998699    -0.000464
    0.999800    -0.000041
    1.000901     0.000048
    1.002002     0.000533
    1.003103     0.000874
    1.004204     0.001334
    1.005305     0.001575
    1.006406     0.002148
    1.007508     0.002327
    1.008609     0.002875
    1.009710     0.002970
    1.010811     0.003575
    1.011912     0.003766
    1.013013     0.004184
    1.014114     0.004834
    1.015215     0.005011
    1.016316     0.005745
    1.017417     0.006010
    1.018519     0.006460
    1.019620     0.006776
    1.020721     0.007378
    1.021822     0.007550
    1.022923     0.008119
    1.024024     0.008639
    1.025125     0.009148
    1.026226     0.009564
    1.027327     0.010077
    1.028428     0.010566
    1.029530     0.011157
    1.030631     0.011422
    1.031732     0.011969
    1.032833     0.012753
    1.033934     0.013114
    1.035035     0.013709
    1.036136     0.014250
    1.037237     0.015030
    1.038338     0.015379
    1.039439     0.016046
    1.040541     0.016455
    1.041642     0.016988
    1.042743     0.017495
    1.043844     0.018368
    1.044945     0.019061
    1.046046     0.019785
    1.047147     0.019972
    1.048248     0.020791
    1.049349     0.021360
    1.050450     0.022187
    1.051552     0.022902
    1.052653     0.023515
    1.053754     0.024215
    1.054855     0.025066
    1.055956     0.025683
    1.057057     0.026216
    1.058158     0.027262
    1.059259     0.028053
    1.060360     0.028743
    1.061461     0.029312
    1.062563     0.030331
    1.063664     0.031047
    1.064765     0.031851
    1.065866     0.032600
    1.066967     0.033580
    1.068068     0.034401
    1.069169     0.035143
    1.070270     0.036151
    1.071371     0.037081
    1.072472     0.037792
    1.073574     0.038538
    1.074675     0.039893
    1.075776     0.040433
    1.076877     0.041724
    1.077978     0.042509
    1.079079     0.043778
    1.080180     0.044695
    1.081281     0.045775
    1.082382     0.046693
    1.083483     0.047501
    1.084585     0.048607
    1.085686     0.049900
    1.086787     0.050684
    1.087888     0.051848
    1.088989     0.052901
    1.090090     0.054077
    1.091191     0.055338
    1.092292     0.056392
    1.093393     0.057806
    1.094494     0.058787
    1.095596     0.059842
    1.096697     0.061161
    1.097798     0.062338
    1.098899     0.063748
    1.100000     0.065100
