    0.000000    -0.019977
    0.001101    -0.020049
    0.002202    -0.019844
    0.003303    -0.020135
    0.004404    -0.019788
    0.005506    -0.019904
    0.006607    -0.020096
    0.007708    -0.019883
    0.008809    -0.019953
    0.009910    -0.020108
    0.011011    -0.020020
    0.012112    -0.020037
    0.013213    -0.019791
    0.014314    -0.019955
    0.015415    -0.019860
    0.016517    -0.019897
    0.017618    -0.019949
    0.018719    -0.019841
    0.019820    -0.019946
    0.020921    -0.019845
    0.022022    -0.019858
    0.023123    -0.020056
    0.024224    -0.019750
    0.025325    -0.019965
    0.026426    -0.019866
    0.027528    -0.019893
    0.028629    -0.019875
    0.029730    -0.020041
    0.030831    -0.020005
    0.031932    -0.019761
    0.033033    -0.019653
    0.034134    -0.019849
    0.035235    -0.019810
    0.036336    -0.019981
    0.037437    -0.019724
    0.038539    -0.019673
    0.039640    -0.019824
    0.040741    -0.019854
    0.041842    -0.019916
    0.042943    -0.019751
    0.044044    -0.019735
    0.045145    -0.019859
    0.046246    -0.019833
    0.047347    -0.019860
    0.048448    -0.019694
    0.049550    -0.019755
    0.050651    -0.019804
    0.051752    -0.019684
    0.052853    -0.019825
    0.053954    -0.019601
    0.055055    -0.019691
    0.056156    -0.019459
    0.057257    -0.019625
    0.058358    -0.019951
    0.059459    -0.019699
    0.060561    -0.019734
    0.061662    -0.019628
    0.062763    -0.019757
    0.063864    -0.019712
    0.064965    -0.019661
    0.066066    -0.019500
    0.067167    -0.019793
    0.068268    -0.019831
    0.069369    -0.019669
    0.070470    -0.019551
    0.071572    -0.019613
    0.072673    -0.019671
    0.073774    -0.019587
    0.074875    -0.019505
    0.075976    -0.019585
    0.077077    -0.019751
    0.078178    -0.019695
    0.079279    -0.019658
    0.080380    -0.019727
    0.081481    -0.019577
    0.082583    -0.019798
    0.083684    -0.019501
    0.084785    -0.019729
    0.085886    -0.019463
    0.086987    -0.019377
    0.088088    -0.019535
    0.089189    -0.019604
    0.090290    -0.019653
    0.091391    -0.019558
    0.092492    -0.019615
    0.093594    -0.019480
    0.094695    -0.019369
    0.095796    -0.019446
    0.096897    -0.019435
    0.097998    -0.019556
    0.099099    -0.019518
    0.100200    -0.019516
    0.101301    -0.019525
    0.102402    -0.019384
    0.103504    -0.019709
    0.104605    -0.019645
    0.105706    -0.019306
    0.106807    -0.019493
    0.107908    -0.019625
    0.109009    -0.019584
    0.110110    -0.019534
    0.111211    -0.019207
    0.112312    -0.019419
    0.113413    -0.019458
    0.114515    -0.019581
    0.115616    -0.019389
    0.116717    -0.019549
    0.117818    -0.019342
    0.118919    -0.019365
    0.120020    -0.019349
    0.121121    -0.019379
    0.122222    -0.019501
    0.123323    -0.019443
    0.124424    -0.019335
    0.125526    -0.019525
    0.126627    -0.019437
    0.127728    -0.019283
    0.128829    -0.019357
    0.129930    -0.019086
    0.131031    -0.019261
    0.132132    -0.019176
    0.133233    -0.019289
    0.134334    -0.019434
    0.135435    -0.019265
    0.136537    -0.019287
    0.137638    -0.019474
    0.138739    -0.019347
    0.139840    -0.019439
    0.140941    -0.019376
    0.142042    -0.019200
    0.143143    -0.019317
    0.144244    -0.019374
    0.145345    -0.019239
    0.146446    -0.019207
    0.147548    -0.019220
    0.148649    -0.019108
    0.149750    -0.019351
    0.150851    -0.019166
    0.151952    -0.019206
    0.153053    -0.019208
    0.154154    -0.019115
    0.155255    -0.019218
    0.156356    -0.019079
    0.157457    -0.019241
    0.158559    -0.019032
    0.159660    -0.019222
    0.160761    -0.019324
    0.161862    -0.018972
    0.162963    -0.019088
    0.164064    -0.019368
    0.165165    -0.019170
    0.166266    -0.019059
    0.167367    -0.019264
    0.168468    -0.019098
    0.169570    -0.019202
    0.170671    -0.019078
    0.171772    -0.019037
    0.172873    -0.019144
    0.173974    -0.019086
    0.175075    -0.019001
    0.176176    -0.019076
    0.177277    -0.019112
    0.178378    -0.019096
    0.179479    -0.019039
    0.180581    -0.019115
    0.181682    -0.019109
    0.182783    -0.019134
    0.183884    -0.019161
    0.184985    -0.019184
    0.186086    -0.019246
    0.187187    -0.018970
    0.188288    -0.019257
    0.189389    -0.019173
    0.190490    -0.019083
    0.191592    -0.019095
    0.192693    -0.019044
    0.193794    -0.018956
    0.194895    -0.018867
    0.195996    -0.019092
    0.197097    -0.018799
    0.198198    -0.018965
    0.199299    -0.019195
    0.200400    -0.019040
    0.201502    -0.019037
    0.202603    -0.019002
    0.203704    -0.019027
    0.204805    -0.019076
    0.205906    -0.019057
    0.207007    -0.018858
    0.208108    -0.018936
    0.209209    -0.018781
    0.210310    -0.018945
    0.211411    -0.018744
    0.212513    -0.018878
    0.213614    -0.018924
    0.214715    -0.018949
    0.215816    -0.018890
    0.216917    -0.018971
    0.218018    -0.018919
    0.219119    -0.018892
    0.220220    -0.018854
    0.221321    -0.018839
    0.222422    -0.018924
    0.223524    -0.018872
    0.224625    -0.018780
    0.225726    -0.018893
    0.226827    -0.018823
    0.227928    -0.018782
    0.229029    -0.018828
    0.230130    -0.018732
    0.231231    -0.018889
    0.232332    -0.018893
    0.233433    -0.019005
    0.234535    -0.018796
    0.235636    -0.018797
    0.236737    -0.018781
    0.237838    -0.018886
    0.238939    -0.018760
    0.240040    -0.019027
    0.241141    -0.018883
    0.242242    -0.018683
    0.243343    -0.018713
    0.244444    -0.018630
    0.245546    -0.018697
    0.246647    -0.018827
    0.247748    -0.018857
    0.248849    -0.018946
    0.249950    -0.018827
    0.251051    -0.018803
    0.252152    -0.018655
    0.253253    -0.018907
    0.254354    -0.018787
    0.255455    -0.018832
    0.256557    -0.018820
    0.257658    -0.018615
    0.258759    -0.018605
    0.259860    -0.018754
    0.260961    -0.018643
    0.262062    -0.018743
    0.263163    -0.018617
    0.264264    -0.018611
    0.265365    -0.018721
    0.266466    -0.018597
    0.267568    -0.018566
    0.268669    -0.018813
    0.269770    -0.018681
    0.270871    -0.018691
    0.271972    -0.018742
    0.273073    -0.018675
    0.274174    -0.018665
    0.275275    -0.018626
    0.276376    -0.018464
    0.277477    -0.018692
    0.278579    -0.018550
    0.279680    -0.018598
    0.280781    -0.018624
    0.281882    -0.018649
    0.282983    -0.018668
    0.284084    -0.018595
    0.285185    -0.018560
    0.286286    -0.018695
    0.287387    -0.018403
    0.288488    -0.018569
    0.289590    -0.018317
    0.290691    -0.018514
    0.291792    -0.018495
    0.292893    -0.018378
    0.293994    -0.018669
    0.295095    -0.018593
    0.296196    -0.018416
    0.297297    -0.018550
    0.298398    -0.018296
    0.299499    -0.018548
    0.300601    -0.018688
    0.301702    -0.018491
    0.302803    -0.018525
    0.303904    -0.018502
    0.305005    -0.018315
    0.306106    -0.018412
    0.307207    -0.018504
    0.308308    -0.018617
    0.309409    -0.018668
    0.310511    -0.018379
    0.311612    -0.018400
    0.312713    -0.018435
    0.313814    -0.018435
    0.314915    -0.018309
    0.316016    -0.018412
    0.317117    -0.018466
    0.318218    -0.018494
    0.319319    -0.018220
    0.320420    -0.018526
    0.321522    -0.018475
    0.322623    -0.018381
    0.323724    -0.018526
    0.324825    -0.018276
    0.325926    -0.018345
    0.327027    -0.018446
    0.328128    -0.018416
    0.329229    -0.018429
    0.330330    -0.018589
    0.331431    -0.018549
    0.332533    -0.018172
    0.333634    -0.018408
    0.334735    -0.018415
    0.335836    -0.018462
    0.336937    -0.018256
    0.338038    -0.018269
    0.339139    -0.018274
    0.340240    -0.018397
    0.341341    -0.018235
    0.342442    -0.018358
    0.343544    -0.018334
    0.344645    -0.018187
    0.345746    -0.018441
    0.346847    -0.018254
    0.347948    -0.018552
    0.349049    -0.018113
    0.350150    -0.018059
    0.351251    -0.018283
    0.352352    -0.018409
    0.353453    -0.018319
    0.354555    -0.018258
    0.355656    -0.018273
    0.356757    -0.018266
    0.357858    -0.018294
    0.358959    -0.018353
    0.360060    -0.018287
    0.361161    -0.018373
    0.362262    -0.018251
    0.363363    -0.018118
    0.364464    -0.018162
    0.365566    -0.018191
    0.366667    -0.018171
    0.367768    -0.018273
    0.368869    -0.018037
    0.369970    -0.018058
    0.371071    -0.018211
    0.372172    -0.018018
    0.373273    -0.018140
    0.374374    -0.017975
    0.375475    -0.018239
    0.376577    -0.018033
    0.377678    -0.018095
    0.378779    -0.018143
    0.379880    -0.017993
    0.380981    -0.018139
    0.382082    -0.018012
    0.383183    -0.017986
    0.384284    -0.018118
    0.385385    -0.018047
    0.386486    -0.018077
    0.387588    -0.018317
    0.388689    -0.018001
    0.389790    -0.017970
    0.390891    -0.017963
    0.391992    -0.018143
    0.393093    -0.017921
    0.394194    -0.018092
    0.395295    -0.018157
    0.396396    -0.018015
    0.397497    -0.017924
    0.398599    -0.018094
    0.399700    -0.017896
    0.400801    -0.018095
    0.401902    -0.018013
    0.403003    -0.017830
    0.404104    -0.017838
    0.405205    -0.018097
    0.406306    -0.017834
    0.407407    -0.017790
    0.408509    -0.018065
    0.409610    -0.017991
    0.410711    -0.017960
    0.411812    -0.017724
    0.412913    -0.017882
    0.414014    -0.017971
    0.415115    -0.017949
    0.416216    -0.017951
    0.417317    -0.017744
    0.418418    -0.017972
    0.419520    -0.017983
    0.420621    -0.017935
    0.421722    -0.017726
    0.422823    -0.018019
    0.423924    -0.017792
    0.425025    -0.017798
    0.426126    -0.017661
    0.427227    -0.017900
    0.428328    -0.017885
    0.429429    -0.017857
    0.430531    -0.017853
    0.431632    -0.017915
    0.432733    -0.017865
    0.433834    -0.017985
    0.434935    -0.017744
    0.436036    -0.017984
    0.437137    -0.017948
    0.438238    -0.017729
    0.439339    -0.017831
    0.440440    -0.018056
    0.441542    -0.017697
    0.442643    -0.017776
    0.443744    -0.017760
    0.444845    -0.018002
    0.445946    -0.017877
    0.447047    -0.017966
    0.448148    -0.017836
    0.449249    -0.017696
    0.450350    -0.017757
    0.451451    -0.017730
    0.452553    -0.017711
    0.453654    -0.017751
    0.454755    -0.017774
    0.455856    -0.017687
    0.456957    -0.017543
    0.458058    -0.017696
    0.459159    -0.017635
    0.460260    -0.017483
    0.461361    -0.017863
    0.462462    -0.017732
    0.463564    -0.017476
    0.464665    -0.017750
    0.465766    -0.017753
    0.466867    -0.017715
    0.467968    -0.017576
    0.469069    -0.017617
    0.470170    -0.017768
    0.471271    -0.017647
    0.472372    -0.017699
    0.473473    -0.017592
    0.474575    -0.017754
    0.475676    -0.017647
    0.476777    -0.017571
    0.477878    -0.017711
    0.478979    -0.017582
    0.480080    -0.017668
    0.481181    -0.017656
    0.482282    -0.017592
    0.483383    -0.017346
    0.484484    -0.017743
    0.485586    -0.017562
    0.486687    -0.017517
    0.487788    -0.017557
    0.488889    -0.017568
    0.489990    -0.017655
    0.491091    -0.017558
    0.492192    -0.017463
    0.493293    -0.017646
    0.494394    -0.017546
    0.495495    -0.017572
    0.496597    -0.017387
    0.497698    -0.017419
    0.498799    -0.017510
    0.499900    -0.017402
    0.501001    -0.017512
    0.502102    -0.017439
    0.503203    -0.017393
    0.504304    -0.017541
    0.505405    -0.017370
    0.506507    -0.017548
    0.507608    -0.017405
    0.508709    -0.017393
    0.509810    -0.017368
    0.510911    -0.017549
    0.512012    -0.017359
    0.513113    -0.017624
    0.514214    -0.017586
    0.515315    -0.017509
    0.516416    -0.017423
    0.517518    -0.017453
    0.518619    -0.017317
    0.519720    -0.017335
    0.520821    -0.017301
    0.521922    -0.017399
    0.523023    -0.017349
    0.524124    -0.017292
    0.525225    -0.017445
    0.526326    -0.017345
    0.527427    -0.017304
    0.528529    -0.017350
    0.529630    -0.017207
    0.530731    -0.017157
    0.531832    -0.017183
    0.532933    -0.017389
    0.534034    -0.017195
    0.535135    -0.017334
    0.536236    -0.017348
    0.537337    -0.017223
    0.538438    -0.017233
    0.539540    -0.017123
    0.540641    -0.017161
    0.541742    -0.017144
    0.542843    -0.017338
    0.543944    -0.017381
    0.545045    -0.017386
    0.546146    -0.017236
    0.547247    -0.017300
    0.548348    -0.017323
    0.549449    -0.017303
    0.550551    -0.017320
    0.551652    -0.017168
    0.552753    -0.017225
    0.553854    -0.017118
    0.554955    -0.017364
    0.556056    -0.017351
    0.557157    -0.017332
    0.558258    -0.017104
    0.559359    -0.017199
    0.560460    -0.017126
    0.561562    -0.017249
    0.562663    -0.017169
    0.563764    -0.017239
    0.564865    -0.017085
    0.565966    -0.017115
    0.567067    -0.017190
    0.568168    -0.017077
    0.569269    -0.017376
    0.570370    -0.017145
    0.571471    -0.017313
    0.572573    -0.017008
    0.573674    -0.017053
    0.574775    -0.017217
    0.575876    -0.017133
    0.576977    -0.017257
    0.578078    -0.016976
    0.579179    -0.016951
    0.580280    -0.016990
    0.581381    -0.017142
    0.582482    -0.017179
    0.583584    -0.017127
    0.584685    -0.017263
    0.585786    -0.017140
    0.586887    -0.016853
    0.587988    -0.017134
    0.589089    -0.016934
    0.590190    -0.016969
    0.591291    -0.017007
    0.592392    -0.017080
    0.593493    -0.016966
    0.594595    -0.016798
    0.595696    -0.016910
    0.596797    -0.016999
    0.597898    -0.016991
    0.598999    -0.016940
    0.600100    -0.016877
    0.601201    -0.016928
    0.602302    -0.017029
    0.603403    -0.016973
    0.604505    -0.016993
    0.605606    -0.016906
    0.606707    -0.016938
    0.607808    -0.016913
    0.608909    -0.016851
    0.610010    -0.016863
    0.611111    -0.016874
    0.612212    -0.016659
    0.613313    -0.016656
    0.614414    -0.016843
    0.615516    -0.016703
    0.616617    -0.016902
    0.617718    -0.016950
    0.618819    -0.016989
    0.619920    -0.016966
    0.621021    -0.016725
    0.622122    -0.016850
    0.623223    -0.016907
    0.624324    -0.017024
    0.625425    -0.017010
    0.626527    -0.016905
    0.627628    -0.016746
    0.628729    -0.016835
    0.629830    -0.016923
    0.630931    -0.016873
    0.632032    -0.016648
    0.633133    -0.016987
    0.634234    -0.016634
    0.635335    -0.016839
    0.636436    -0.016949
    0.637538    -0.016856
    0.638639    -0.016824
    0.639740    -0.016833
    0.640841    -0.016718
    0.641942    -0.016829
    0.643043    -0.016728
    0.644144    -0.016660
    0.645245    -0.016645
    0.646346    -0.016534
    0.647447    -0.016762
    0.648549    -0.016714
    0.649650    -0.016688
    0.650751    -0.016921
    0.651852    -0.016567
    0.652953    -0.016542
    0.654054    -0.016641
    0.655155    -0.016754
    0.656256    -0.016651
    0.657357    -0.016596
    0.658458    -0.016854
    0.659560    -0.016599
    0.660661    -0.016742
    0.661762    -0.016417
    0.662863    -0.016547
    0.663964    -0.016673
    0.665065    -0.016522
    0.666166    -0.016541
    0.667267    -0.016607
    0.668368    -0.016648
    0.669469    -0.016543
    0.670571    -0.016465
    0.671672    -0.016517
    0.672773    -0.016543
    0.673874    -0.016548
    0.674975    -0.016559
    0.676076    -0.016536
    0.677177    -0.016501
    0.678278    -0.016391
    0.679379    -0.016424
    0.680480    -0.016538
    0.681582    -0.016356
    0.682683    -0.016307
    0.683784    -0.016394
    0.684885    -0.016361
    0.685986    -0.016419
    0.687087    -0.016361
    0.688188    -0.016502
    0.689289    -0.016382
    0.690390    -0.016412
    0.691491    -0.016565
    0.692593    -0.016396
    0.693694    -0.016378
    0.694795    -0.016349
    0.695896    -0.016404
    0.696997    -0.016305
    0.698098    -0.016314
    0.699199    -0.016423
    0.700300    -0.016348
    0.701401    -0.016349
    0.702503    -0.016239
    0.703604    -0.016427
    0.704705    -0.016476
    0.705806    -0.016288
    0.706907    -0.016230
    0.708008    -0.016294
    0.709109    -0.016341
    0.710210    -0.016304
    0.711311    -0.016314
    0.712412    -0.016179
    0.713514    -0.016315
    0.714615    -0.016251
    0.715716    -0.016581
    0.716817    -0.016204
    0.717918    -0.016066
    0.719019    -0.016187
    0.720120    -0.016214
    0.721221    -0.016265
    0.722322    -0.016046
    0.723423    -0.016220
    0.724525    -0.016044
    0.725626    -0.016076
    0.726727    -0.016304
    0.727828    -0.016139
    0.728929    -0.016127
    0.730030    -0.016234
    0.731131    -0.016064
    0.732232    -0.016192
    0.733333    -0.016165
    0.734434    -0.016064
    0.735536    -0.016056
    0.736637    -0.015933
    0.737738    -0.015932
    0.738839    -0.016049
    0.739940    -0.015899
    0.741041    -0.015918
    0.742142    -0.016137
    0.743243    -0.016065
    0.744344    -0.016013
    0.745445    -0.015794
    0.746547    -0.016071
    0.747648    -0.016038
    0.748749    -0.015698
    0.749850    -0.016034
    0.750951    -0.015797
    0.752052    -0.016036
    0.753153    -0.015985
    0.754254    -0.015796
    0.755355    -0.015870
    0.756456    -0.015627
    0.757558    -0.015725
    0.758659    -0.015888
    0.759760    -0.015396
    0.760861    -0.015797
    0.761962    -0.015829
    0.763063    -0.015864
    0.764164    -0.015875
    0.765265    -0.016034
    0.766366    -0.015540
    0.767467    -0.015629
    0.768569    -0.015596
    0.769670    -0.015953
    0.770771    -0.015715
    0.771872    -0.015690
    0.772973    -0.015548
    0.774074    -0.015678
    0.775175    -0.015641
    0.776276    -0.015860
    0.777377    -0.015597
    0.778478    -0.015649
    0.779580    -0.015561
    0.780681    -0.015658
    0.781782    -0.015706
    0.782883    -0.015593
    0.783984    -0.015630
    0.785085    -0.015503
    0.786186    -0.015612
    0.787287    -0.015557
    0.788388    -0.015491
    0.789489    -0.015614
    0.790591    -0.015384
    0.791692    -0.015467
    0.792793    -0.015251
    0.793894    -0.015522
    0.794995    -0.015550
    0.796096    -0.015281
    0.797197    -0.015250
    0.798298    -0.015324
    0.799399    -0.015391
    0.800501    -0.015117
    0.801602    -0.015187
    0.802703    -0.015127
    0.803804    -0.015373
    0.804905    -0.015215
    0.806006    -0.015055
    0.807107    -0.015082
    0.808208    -0.015251
    0.809309    -0.015198
    0.810410    -0.015092
    0.811512    -0.015211
    0.812613    -0.014984
    0.813714    -0.014999
    0.814815    -0.014772
    0.815916    -0.015121
    0.817017    -0.015099
    0.818118    -0.015204
    0.819219    -0.015030
    0.820320    -0.015044
    0.821421    -0.014859
    0.822523    -0.015108
    0.823624    -0.014878
    0.824725    -0.014989
    0.825826    -0.014905
    0.826927    -0.014847
    0.828028    -0.014954
    0.829129    -0.014698
    0.830230    -0.014671
    0.831331    -0.014780
    0.832432    -0.014737
    0.833534    -0.014531
    0.834635    -0.014698
    0.835736    -0.014615
    0.836837    -0.014493
    0.837938    -0.014500
    0.839039    -0.014578
    0.840140    -0.014365
    0.841241    -0.014569
    0.842342    -0.014503
    0.843443    -0.014422
    0.844545    -0.014332
    0.845646    -0.014322
    0.846747    -0.014227
    0.847848    -0.014319
    0.848949    -0.014348
    0.850050    -0.014220
    0.851151    -0.014303
    0.852252    -0.014089
    0.853353    -0.014155
    0.854454    -0.014101
    0.855556    -0.013909
    0.856657    -0.014011
    0.857758    -0.013965
    0.858859    -0.014040
    0.859960    -0.014034
    0.861061    -0.013752
    0.862162    -0.013806
    0.863263    -0.013877
    0.864364    -0.013817
    0.865465    -0.013834
    0.866567    -0.013799
    0.867668    -0.013742
    0.868769    -0.013596
    0.869870    -0.013338
    0.870971    -0.013509
    0.872072    -0.013527
    0.873173    -0.013524
    0.874274    -0.013528
    0.875375    -0.013330
    0.876476    -0.013422
    0.877578    -0.013285
    0.878679    -0.013329
    0.879780    -0.013306
    0.880881    -0.013329
    0.881982    -0.013213
    0.883083    -0.012898
    0.884184    -0.012987
    0.885285    -0.012999
    0.886386    -0.012895
    0.887487    -0.012840
    0.888589    -0.012708
    0.889690    -0.012777
    0.890791    -0.012733
    0.891892    -0.012649
    0.892993    -0.012483
    0.894094    -0.012430
    0.895195    -0.012472
    0.896296    -0.012455
    0.897397    -0.012522
    0.898498    -0.012403
    0.899600    -0.012218
    0.900701    -0.012298
    0.901802    -0.012078
    0.902903    -0.012158
    0.904004    -0.011961
    0.905105    -0.012033
    0.906206    -0.011832
    0.907307    -0.011740
    0.908408    -0.011916
    0.909510    -0.011683
    0.910611    -0.011751
    0.911712    -0.011699
    0.912813    -0.011418
    0.913914    -0.011349
    0.915015    -0.011355
    0.916116    -0.011216
    0.917217    -0.011180
    0.918318    -0.011033
    0.919419    -0.010941
    0.920521    -0.010889
    0.921622    -0.010772
    0.922723    -0.010764
    0.923824    -0.010618
    0.924925    -0.010574
    0.926026    -0.010605
    0.927127    -0.010600
    0.928228    -0.010557
    0.929329    -0.010257
    0.930430    -0.010072
    0.931532    -0.010031
    0.932633    -0.009779
    0.933734    -0.009909
    0.934835    -0.009816
    0.935936    -0.009584
    0.937037    -0.009538
    0.938138    -0.009452
    0.939239    -0.009217
    0.940340    -0.009252
    0.941441    -0.009084
    0.942543    -0.009002
    0.943644    -0.008840
    0.944745    -0.008833
    0.945846    -0.008468
    0.946947    -0.008608
    0.948048    -0.008604
    0.949149    -0.008411
    0.950250    -0.008198
    0.951351    -0.008223
    0.952452    -0.007984
    0.953554    -0.007775
    0.954655    -0.007698
    0.955756    -0.007670
    0.956857    -0.007406
    0.957958    -0.007304
    0.959059    -0.006999
    0.960160    -0.007187
    0.961261    -0.006725
    0.962362    -0.006479
    0.963463    -0.006562
    0.964565    -0.006528
    0.965666    -0.006547
    0.966767    -0.006076
    0.967868    -0.006015
    0.968969    -0.005960
    0.970070    -0.005506
    0.971171    -0.005417
    0.972272    -0.005134
    0.973373    -0.005064
    0.974474    -0.005046
    0.975576    -0.004783
    0.976677    -0.004618
    0.977778    -0.004362
    0.978879    -0.004234
    0.979980    -0.004014
    0.981081    -0.003884
    0.982182    -0.003649
    0.983283    -0.003281
    0.984384    -0.003112
    0.985485    -0.003055
    0.986587    -0.002851
    0.987688    -0.002652
    0.988789    -0.002216
    0.989890    -0.002499
    0.990991    -0.002064
    0.992092    -0.001621
    0.993193    -0.001731
    0.994294    -0.001205
    0.995395    -0.001188
    0.996496    -0.000800
    0.997598    -0.000584
    0.998699    -0.000421
    0.999800     0.000007
    1.000901     0.000058
    1.002002     0.000514
    1.003103     0.000722
    1.004204     0.000938
    1.005305     0.001305
    1.006406     0.001592
    1.007508     0.001820
    1.008609     0.002150
    1.009710     0.002380
    1.010811     0.002678
    1.011912     0.002916
    1.013013     0.003467
    1.014114     0.003649
    1.015215     0.003823
    1.016316     0.004243
    1.017417     0.004452
    1.018519     0.004795
    1.019620     0.005179
    1.020721     0.005626
    1.021822     0.005663
    1.022923     0.006256
    1.024024     0.006687
    1.025125     0.007121
    1.026226     0.007429
    1.027327     0.007740
    1.028428     0.008232
    1.029530     0.008648
    1.030631     0.008897
    1.031732     0.009255
    1.032833     0.009892
    1.033934     0.010143
    1.035035     0.010765
    1.036136     0.010830
    1.037237     0.011467
    1.038338     0.011665
    1.039439     0.012340
    1.040541     0.012783
    1.041642     0.013175
    1.042743     0.013659
    1.043844     0.014032
    1.044945     0.014339
    1.046046     0.015321
    1.047147     0.015581
    1.048248     0.016101
    1.049349     0.016543
    1.050450     0.017077
    1.051552     0.017647
    1.052653     0.018211
    1.053754     0.018660
    1.054855     0.019363
    1.055956     0.019912
    1.057057     0.020454
    1.058158     0.020926
    1.059259     0.021698
    1.060360     0.022099
    1.061461     0.022838
    1.062563     0.023331
    1.063664     0.024068
    1.064765     0.024592
    1.065866     0.025201
    1.066967     0.025911
    1.068068     0.026719
    1.069169     0.027310
    1.070270     0.027985
    1.071371     0.028792
    1.072472     0.029442
    1.073574     0.030073
    1.074675     0.030706
    1.075776     0.031490
    1.076877     0.032240
    1.077978     0.032918
    1.079079     0.033627
    1.080180     0.034438
    1.081281     0.035290
    1.082382     0.036013
    1.083483     0.036996
    1.084585     0.037680
    1.085686     0.038855
    1.086787     0.039515
    1.087888     0.040468
    1.088989     0.041216
    1.090090     0.042074
    1.091191     0.042948
    1.092292     0.043955
    1.093393     0.044688
    1.094494     0.045776
    1.095596     0.046861
    1.096697     0.047637
    1.097798     0.048627
    1.098899     0.049634
    1.100000     0.050666
