    0.000000    -0.020000
    0.001101    -0.019994
    0.002202    -0.019989
    0.003303    -0.019983
    0.004404    -0.019978
    0.005506    -0.019972
    0.006607    -0.019967
    0.007708    -0.019961
    0.008809    -0.019956
    0.009910    -0.019950
    0.011011    -0.019945
    0.012112    -0.019939
    0.013213    -0.019934
    0.014314    -0.019928
    0.015415    -0.019923
    0.016517    -0.019917
    0.017618    -0.019912
    0.018719    -0.019906
    0.019820    -0.019901
    0.020921    -0.019895
    0.022022    -0.019890
    0.023123    -0.019884
    0.024224    -0.019879
    0.025325    -0.019873
    0.026426    -0.019868
    0.027528    -0.019862
    0.028629    -0.019857
    0.029730    -0.019851
    0.030831    -0.019846
    0.031932    -0.019840
    0.033033    -0.019835
    0.034134    -0.019829
    0.035235    -0.019824
    0.036336    -0.019818
    0.037437    -0.019813
    0.038539    -0.019807
    0.039640    -0.019802
    0.040741    -0.019796
    0.041842    -0.019791
    0.042943    -0.019785
    0.044044    -0.019780
    0.045145    -0.019774
    0.046246    -0.019769
    0.047347    -0.019763
    0.048448    -0.019758
    0.049550    -0.019752
    0.050651    -0.019747
    0.051752    -0.019741
    0.052853    -0.019736
    0.053954    -0.019730
    0.055055    -0.019725
    0.056156    -0.019719
    0.057257    -0.019714
    0.058358    -0.019708
    0.059459    -0.019703
    0.060561    -0.019697
    0.061662    -0.019692
    0.062763    -0.019686
    0.063864    -0.019681
    0.064965    -0.019675
    0.066066    -0.019670
    0.067167    -0.019664
    0.068268    -0.019659
    0.069369    -0.019653
    0.070470    -0.019648
    0.071572    -0.019642
    0.072673    -0.019637
    0.073774    -0.019631
    0.074875    -0.019626
    0.075976    -0.019620
    0.077077    -0.019615
    0.078178    -0.019609
    0.079279    -0.019604
    0.080380    -0.019598
    0.081481    -0.019593
    0.082583    -0.019587
    0.083684    -0.019582
    0.084785    -0.019576
    0.085886    -0.019571
    0.086987    -0.019565
    0.088088    -0.019560
    0.089189    -0.019554
    0.090290    -0.019549
    0.091391    -0.019543
    0.092492    -0.019538
    0.093594    -0.019532
    0.094695    -0.019527
    0.095796    -0.019521
    0.096897    -0.019516
    0.097998    -0.019510
    0.099099    -0.019505
    0.100200    -0.019499
    0.101301    -0.019494
    0.102402    -0.019488
    0.103504    -0.019483
    0.104605    -0.019477
    0.105706    -0.019472
    0.106807    -0.019466
    0.107908    -0.019461
    0.109009    -0.019455
    0.110110    -0.019450
    0.111211    -0.019444
    0.112312    -0.019439
    0.113413    -0.019433
    0.114515    -0.019428
    0.115616    -0.019422
    0.116717    -0.019417
    0.117818    -0.019411
    0.118919    -0.019406
    0.120020    -0.019400
    0.121121    -0.019395
    0.122222    -0.019389
    0.123323    -0.019384
    0.124424    -0.019378
    0.125526    -0.019373
    0.126627    -0.019367
    0.127728    -0.019362
    0.128829    -0.019356
    0.129930    -0.019351
    0.131031    -0.019345
    0.132132    -0.019340
    0.133233    -0.019334
    0.134334    -0.019329
    0.135435    -0.019323
    0.136537    -0.019318
    0.137638    -0.019312
    0.138739    -0.019307
    0.139840    -0.019301
    0.140941    -0.019296
    0.142042    -0.019290
    0.143143    -0.019285
    0.144244    -0.019279
    0.145345    -0.019274
    0.146446    -0.019268
    0.147548    -0.019263
    0.148649    -0.019257
    0.149750    -0.019252
    0.150851    -0.019246
    0.151952    -0.019241
    0.153053    -0.019235
    0.154154    -0.019230
    0.155255    -0.019224
    0.156356    -0.019219
    0.157457    -0.019213
    0.158559    -0.019208
    0.159660    -0.019202
    0.160761    -0.019197
    0.161862    -0.019191
    0.162963    -0.019186
    0.164064    -0.019180
    0.165165    -0.019175
    0.166266    -0.019169
    0.167367    -0.019164
    0.168468    -0.019158
    0.169570    -0.019153
    0.170671    -0.019147
    0.171772    -0.019142
    0.172873    -0.019136
    0.173974    -0.019131
    0.175075    -0.019125
    0.176176    -0.019120
    0.177277    -0.019114
    0.178378    -0.019109
    0.179479    -0.019103
    0.180581    -0.019098
    0.181682    -0.019092
    0.182783    -0.019087
    0.183884    -0.019081
    0.184985    -0.019076
    0.186086    -0.019070
    0.187187    -0.019065
    0.188288    -0.019059
    0.189389    -0.019054
    0.190490    -0.019048
    0.191592    -0.019043
    0.192693    -0.019037
    0.193794    -0.019032
    0.194895    -0.019026
    0.195996    -0.019021
    0.197097    -0.019015
    0.198198    -0.019010
    0.199299    -0.019004
    0.200400    -0.018998
    0.201502    -0.018993
    0.202603    -0.018987
    0.203704    -0.018982
    0.204805    -0.018976
    0.205906    -0.018971
    0.207007    -0.018965
    0.208108    -0.018960
    0.209209    -0.018954
    0.210310    -0.018949
    0.211411    -0.018943
    0.212513    -0.018938
    0.213614    -0.018932
    0.214715    -0.018927
    0.215816    -0.018921
    0.216917    -0.018916
    0.218018    -0.018910
    0.219119    -0.018905
    0.220220    -0.018899
    0.221321    -0.018894
    0.222422    -0.018888
    0.223524    -0.018883
    0.224625    -0.018877
    0.225726    -0.018872
    0.226827    -0.018866
    0.227928    -0.018861
    0.229029    -0.018855
    0.230130    -0.018850
    0.231231    -0.018844
    0.232332    -0.018839
    0.233433    -0.018833
    0.234535    -0.018828
    0.235636    -0.018822
    0.236737    -0.018817
    0.237838    -0.018811
    0.238939    -0.018806
    0.240040    -0.018800
    0.241141    -0.018795
    0.242242    -0.018789
    0.243343    -0.018784
    0.244444    -0.018778
    0.245546    -0.018773
    0.246647    -0.018767
    0.247748    -0.018762
    0.248849    -0.018756
    0.249950    -0.018751
    0.251051    -0.018745
    0.252152    -0.018740
    0.253253    -0.018734
    0.254354    -0.018729
    0.255455    -0.018723
    0.256557    -0.018718
    0.257658    -0.018712
    0.258759    -0.018707
    0.259860    -0.018701
    0.260961    -0.018696
    0.262062    -0.018690
    0.263163    -0.018685
    0.264264    -0.018679
    0.265365    -0.018674
    0.266466    -0.018668
    0.267568    -0.018663
    0.268669    -0.018657
    0.269770    -0.018652
    0.270871    -0.018646
    0.271972    -0.018641
    0.273073    -0.018635
    0.274174    -0.018630
    0.275275    -0.018624
    0.276376    -0.018619
    0.277477    -0.018613
    0.278579    -0.018608
    0.279680    -0.018602
    0.280781    -0.018597
    0.281882    -0.018591
    0.282983    -0.018586
    0.284084    -0.018580
    0.285185    -0.018575
    0.286286    -0.018569
    0.287387    -0.018564
    0.288488    -0.018558
    0.289590    -0.018553
    0.290691    -0.018547
    0.291792    -0.018542
    0.292893    -0.018536
    0.293994    -0.018531
    0.295095    -0.018525
    0.296196    -0.018520
    0.297297    -0.018514
    0.298398    -0.018509
    0.299499    -0.018503
    0.300601    -0.018498
    0.301702    -0.018492
    0.302803    -0.018487
    0.303904    -0.018481
    0.305005    -0.018476
    0.306106    -0.018470
    0.307207    -0.018465
    0.308308    -0.018459
    0.309409    -0.018454
    0.310511    -0.018448
    0.311612    -0.018443
    0.312713    -0.018437
    0.313814    -0.018432
    0.314915    -0.018426
    0.316016    -0.018421
    0.317117    -0.018415
    0.318218    -0.018410
    0.319319    -0.018404
    0.320420    -0.018399
    0.321522    -0.018393
    0.322623    -0.018388
    0.323724    -0.018382
    0.324825    -0.018377
    0.325926    -0.018371
    0.327027    -0.018366
    0.328128    -0.018360
    0.329229    -0.018355
    0.330330    -0.018349
    0.331431    -0.018344
    0.332533    -0.018338
    0.333634    -0.018333
    0.334735    -0.018327
    0.335836    -0.018322
    0.336937    -0.018316
    0.338038    -0.018311
    0.339139    -0.018305
    0.340240    -0.018300
    0.341341    -0.018294
    0.342442    -0.018289
    0.343544    -0.018283
    0.344645    -0.018278
    0.345746    -0.018272
    0.346847    -0.018267
    0.347948    -0.018261
    0.349049    -0.018256
    0.350150    -0.018250
    0.351251    -0.018245
    0.352352    -0.018239
    0.353453    -0.018234
    0.354555    -0.018228
    0.355656    -0.018223
    0.356757    -0.018217
    0.357858    -0.018212
    0.358959    -0.018206
    0.360060    -0.018201
    0.361161    -0.018195
    0.362262    -0.018190
    0.363363    -0.018184
    0.364464    -0.018179
    0.365566    -0.018173
    0.366667    -0.018168
    0.367768    -0.018162
    0.368869    -0.018157
    0.369970    -0.018151
    0.371071    -0.018146
    0.372172    -0.018140
    0.373273    -0.018135
    0.374374    -0.018129
    0.375475    -0.018124
    0.376577    -0.018118
    0.377678    -0.018113
    0.378779    -0.018107
    0.379880    -0.018102
    0.380981    -0.018096
    0.382082    -0.018091
    0.383183    -0.018085
    0.384284    -0.018080
    0.385385    -0.018074
    0.386486    -0.018069
    0.387588    -0.018063
    0.388689    -0.018058
    0.389790    -0.018052
    0.390891    -0.018047
    0.391992    -0.018041
    0.393093    -0.018036
    0.394194    -0.018030
    0.395295    -0.018025
    0.396396    -0.018019
    0.397497    -0.018014
    0.398599    -0.018008
    0.399700    -0.018003
    0.400801    -0.017997
    0.401902    -0.017991
    0.403003    -0.017986
    0.404104    -0.017980
    0.405205    -0.017975
    0.406306    -0.017969
    0.407407    -0.017964
    0.408509    -0.017958
    0.409610    -0.017953
    0.410711    -0.017947
    0.411812    -0.017942
    0.412913    -0.017936
    0.414014    -0.017931
    0.415115    -0.017925
    0.416216    -0.017920
    0.417317    -0.017914
    0.418418    -0.017909
    0.419520    -0.017903
    0.420621    -0.017898
    0.421722    -0.017892
    0.422823    -0.017887
    0.423924    -0.017881
    0.425025    -0.017876
    0.426126    -0.017870
    0.427227    -0.017865
    0.428328    -0.017859
    0.429429    -0.017854
    0.430531    -0.017848
    0.431632    -0.017843
    0.432733    -0.017837
    0.433834    -0.017832
    0.434935    -0.017826
    0.436036    -0.017821
    0.437137    -0.017815
    0.438238    -0.017810
    0.439339    -0.017804
    0.440440    -0.017799
    0.441542    -0.017793
    0.442643    -0.017788
    0.443744    -0.017782
    0.444845    -0.017777
    0.445946    -0.017771
    0.447047    -0.017766
    0.448148    -0.017760
    0.449249    -0.017755
    0.450350    -0.017749
    0.451451    -0.017744
    0.452553    -0.017738
    0.453654    -0.017733
    0.454755    -0.017727
    0.455856    -0.017722
    0.456957    -0.017716
    0.458058    -0.017711
    0.459159    -0.017705
    0.460260    -0.017700
    0.461361    -0.017694
    0.462462    -0.017689
    0.463564    -0.017683
    0.464665    -0.017678
    0.465766    -0.017672
    0.466867    -0.017667
    0.467968    -0.017661
    0.469069    -0.017656
    0.470170    -0.017650
    0.471271    -0.017645
    0.472372    -0.017639
    0.473473    -0.017634
    0.474575    -0.017628
    0.475676    -0.017623
    0.476777    -0.017617
    0.477878    -0.017612
    0.478979    -0.017606
    0.480080    -0.017601
    0.481181    -0.017595
    0.482282    -0.017590
    0.483383    -0.017584
    0.484484    -0.017579
    0.485586    -0.017573
    0.486687    -0.017568
    0.487788    -0.017562
    0.488889    -0.017557
    0.489990    -0.017551
    0.491091    -0.017546
    0.492192    -0.017540
    0.493293    -0.017535
    0.494394    -0.017529
    0.495495    -0.017524
    0.496597    -0.017518
    0.497698    -0.017513
    0.498799    -0.017507
    0.499900    -0.017502
    0.501001    -0.017496
    0.502102    -0.017491
    0.503203    -0.017485
    0.504304    -0.017480
    0.505405    -0.017474
    0.506507    -0.017469
    0.507608    -0.017463
    0.508709    -0.017458
    0.509810    -0.017452
    0.510911    -0.017447
    0.512012    -0.017441
    0.513113    -0.017436
    0.514214    -0.017430
    0.515315    -0.017425
    0.516416    -0.017419
    0.517518    -0.017414
    0.518619    -0.017408
    0.519720    -0.017403
    0.520821    -0.017397
    0.521922    -0.017392
    0.523023    -0.017386
    0.524124    -0.017381
    0.525225    -0.017375
    0.526326    -0.017370
    0.527427    -0.017364
    0.528529    -0.017359
    0.529630    -0.017353
    0.530731    -0.017348
    0.531832    -0.017342
    0.532933    -0.017337
    0.534034    -0.017331
    0.535135    -0.017326
    0.536236    -0.017320
    0.537337    -0.017315
    0.538438    -0.017309
    0.539540    -0.017304
    0.540641    -0.017298
    0.541742    -0.017293
    0.542843    -0.017287
    0.543944    -0.017282
    0.545045    -0.017276
    0.546146    -0.017271
    0.547247    -0.017265
    0.548348    -0.017260
    0.549449    -0.017254
    0.550551    -0.017249
    0.551652    -0.017243
    0.552753    -0.017238
    0.553854    -0.017232
    0.554955    -0.017227
    0.556056    -0.017221
    0.557157    -0.017216
    0.558258    -0.017210
    0.559359    -0.017205
    0.560460    -0.017199
    0.561562    -0.017194
    0.562663    -0.017188
    0.563764    -0.017183
    0.564865    -0.017177
    0.565966    -0.017172
    0.567067    -0.017166
    0.568168    -0.017161
    0.569269    -0.017155
    0.570370    -0.017150
    0.571471    -0.017144
    0.572573    -0.017139
    0.573674    -0.017133
    0.574775    -0.017128
    0.575876    -0.017122
    0.576977    -0.017117
    0.578078    -0.017111
    0.579179    -0.017106
    0.580280    -0.017100
    0.581381    -0.017095
    0.582482    -0.017089
    0.583584    -0.017084
    0.584685    -0.017078
    0.585786    -0.017073
    0.586887    -0.017067
    0.587988    -0.017062
    0.589089    -0.017056
    0.590190    -0.017051
    0.591291    -0.017045
    0.592392    -0.017040
    0.593493    -0.017034
    0.594595    -0.017029
    0.595696    -0.017023
    0.596797    -0.017018
    0.597898    -0.017012
    0.598999    -0.017006
    0.600100    -0.017001
    0.601201    -0.016995
    0.602302    -0.016990
    0.603403    -0.016984
    0.604505    -0.016979
    0.605606    -0.016973
    0.606707    -0.016968
    0.607808    -0.016962
    0.608909    -0.016957
    0.610010    -0.016951
    0.611111    -0.016946
    0.612212    -0.016940
    0.613313    -0.016935
    0.614414    -0.016929
    0.615516    -0.016924
    0.616617    -0.016918
    0.617718    -0.016913
    0.618819    -0.016907
    0.619920    -0.016902
    0.621021    -0.016896
    0.622122    -0.016891
    0.623223    -0.016885
    0.624324    -0.016880
    0.625425    -0.016874
    0.626527    -0.016869
    0.627628    -0.016863
    0.628729    -0.016858
    0.629830    -0.016852
    0.630931    -0.016847
    0.632032    -0.016841
    0.633133    -0.016836
    0.634234    -0.016830
    0.635335    -0.016825
    0.636436    -0.016819
    0.637538    -0.016814
    0.638639    -0.016808
    0.639740    -0.016803
    0.640841    -0.016797
    0.641942    -0.016792
    0.643043    -0.016786
    0.644144    -0.016781
    0.645245    -0.016775
    0.646346    -0.016770
    0.647447    -0.016764
    0.648549    -0.016759
    0.649650    -0.016753
    0.650751    -0.016748
    0.651852    -0.016742
    0.652953    -0.016737
    0.654054    -0.016731
    0.655155    -0.016726
    0.656256    -0.016720
    0.657357    -0.016715
    0.658458    -0.016709
    0.659560    -0.016704
    0.660661    -0.016698
    0.661762    -0.016693
    0.662863    -0.016687
    0.663964    -0.016682
    0.665065    -0.016676
    0.666166    -0.016671
    0.667267    -0.016665
    0.668368    -0.016660
    0.669469    -0.016654
    0.670571    -0.016649
    0.671672    -0.016643
    0.672773    -0.016638
    0.673874    -0.016632
    0.674975    -0.016627
    0.676076    -0.016621
    0.677177    -0.016616
    0.678278    -0.016610
    0.679379    -0.016605
    0.680480    -0.016599
    0.681582    -0.016594
    0.682683    -0.016588
    0.683784    -0.016583
    0.684885    -0.016577
    0.685986    -0.016572
    0.687087    -0.016566
    0.688188    -0.016561
    0.689289    -0.016555
    0.690390    -0.016550
    0.691491    -0.016544
    0.692593    -0.016539
    0.693694    -0.016533
    0.694795    -0.016528
    0.695896    -0.016522
    0.696997    -0.016517
    0.698098    -0.016511
    0.699199    -0.016506
    0.700300    -0.016500
    0.701401    -0.016495
    0.702503    -0.016489
    0.703604    -0.016484
    0.704705    -0.016478
    0.705806    -0.016473
    0.706907    -0.016467
    0.708008    -0.016462
    0.709109    -0.016456
    0.710210    -0.016451
    0.711311    -0.016445
    0.712412    -0.016439
    0.713514    -0.016434
    0.714615    -0.016428
    0.715716    -0.016423
    0.716817    -0.016417
    0.717918    -0.016412
    0.719019    -0.016406
    0.720120    -0.016401
    0.721221    -0.016395
    0.722322    -0.016390
    0.723423    -0.016384
    0.724525    -0.016379
    0.725626    -0.016373
    0.726727    -0.016368
    0.727828    -0.016362
    0.728929    -0.016357
    0.730030    -0.016351
    0.731131    -0.016346
    0.732232    -0.016340
    0.733333    -0.016335
    0.734434    -0.016329
    0.735536    -0.016324
    0.736637    -0.016318
    0.737738    -0.016313
    0.738839    -0.016307
    0.739940    -0.016301
    0.741041    -0.016296
    0.742142    -0.016290
    0.743243    -0.016285
    0.744344    -0.016279
    0.745445    -0.016274
    0.746547    -0.016268
    0.747648    -0.016263
    0.748749    -0.016257
    0.749850    -0.016252
    0.750951    -0.016246
    0.752052    -0.016241
    0.753153    -0.016235
    0.754254    -0.016229
    0.755355    -0.016224
    0.756456    -0.016218
    0.757558    -0.016213
    0.758659    -0.016207
    0.759760    -0.016202
    0.760861    -0.016196
    0.761962    -0.016190
    0.763063    -0.016185
    0.764164    -0.016179
    0.765265    -0.016174
    0.766366    -0.016168
    0.767467    -0.016163
    0.768569    -0.016157
    0.769670    -0.016151
    0.770771    -0.016146
    0.771872    -0.016140
    0.772973    -0.016135
    0.774074    -0.016129
    0.775175    -0.016123
    0.776276    -0.016118
    0.777377    -0.016112
    0.778478    -0.016107
    0.779580    -0.016101
    0.780681    -0.016095
    0.781782    -0.016090
    0.782883    -0.016084
    0.783984    -0.016078
    0.785085    -0.016073
    0.786186    -0.016067
    0.787287    -0.016061
    0.788388    -0.016056
    0.789489    -0.016050
    0.790591    -0.016044
    0.791692    -0.016038
    0.792793    -0.016033
    0.793894    -0.016027
    0.794995    -0.016021
    0.796096    -0.016016
    0.797197    -0.016010
    0.798298    -0.016004
    0.799399    -0.015998
    0.800501    -0.015992
    0.801602    -0.015987
    0.802703    -0.015981
    0.803804    -0.015975
    0.804905    -0.015969
    0.806006    -0.015963
    0.807107    -0.015957
    0.808208    -0.015951
    0.809309    -0.015945
    0.810410    -0.015940
    0.811512    -0.015934
    0.812613    -0.015928
    0.813714    -0.015922
    0.814815    -0.015916
    0.815916    -0.015910
    0.817017    -0.015903
    0.818118    -0.015897
    0.819219    -0.015891
    0.820320    -0.015885
    0.821421    -0.015879
    0.822523    -0.015873
    0.823624    -0.015867
    0.824725    -0.015860
    0.825826    -0.015854
    0.826927    -0.015848
    0.828028    -0.015841
    0.829129    -0.015835
    0.830230    -0.015828
    0.831331    -0.015822
    0.832432    -0.015815
    0.833534    -0.015809
    0.834635    -0.015802
    0.835736    -0.015796
    0.836837    -0.015789
    0.837938    -0.015782
    0.839039    -0.015775
    0.840140    -0.015768
    0.841241    -0.015762
    0.842342    -0.015755
    0.843443    -0.015747
    0.844545    -0.015740
    0.845646    -0.015733
    0.846747    -0.015726
    0.847848    -0.015719
    0.848949    -0.015711
    0.850050    -0.015704
    0.851151    -0.015696
    0.852252    -0.015688
    0.853353    -0.015681
    0.854454    -0.015673
    0.855556    -0.015665
    0.856657    -0.015657
    0.857758    -0.015648
    0.858859    -0.015640
    0.859960    -0.015632
    0.861061    -0.015623
    0.862162    -0.015614
    0.863263    -0.015605
    0.864364    -0.015596
    0.865465    -0.015587
    0.866567    -0.015578
    0.867668    -0.015568
    0.868769    -0.015559
    0.869870    -0.015549
    0.870971    -0.015539
    0.872072    -0.015529
    0.873173    -0.015518
    0.874274    -0.015508
    0.875375    -0.015497
    0.876476    -0.015486
    0.877578    -0.015474
    0.878679    -0.015463
    0.879780    -0.015451
    0.880881    -0.015439
    0.881982    -0.015426
    0.883083    -0.015414
    0.884184    -0.015401
    0.885285    -0.015387
    0.886386    -0.015374
    0.887487    -0.015360
    0.888589    -0.015345
    0.889690    -0.015330
    0.890791    -0.015315
    0.891892    -0.015300
    0.892993    -0.015283
    0.894094    -0.015267
    0.895195    -0.015250
    0.896296    -0.015232
    0.897397    -0.015214
    0.898498    -0.015196
    0.899600    -0.015177
    0.900701    -0.015157
    0.901802    -0.015137
    0.902903    -0.015116
    0.904004    -0.015094
    0.905105    -0.015072
    0.906206    -0.015049
    0.907307    -0.015025
    0.908408    -0.015000
    0.909510    -0.014975
    0.910611    -0.014948
    0.911712    -0.014921
    0.912813    -0.014893
    0.913914    -0.014864
    0.915015    -0.014833
    0.916116    -0.014802
    0.917217    -0.014770
    0.918318    -0.014736
    0.919419    -0.014702
    0.920521    -0.014666
    0.921622    -0.014628
    0.922723    -0.014590
    0.923824    -0.014549
    0.924925    -0.014508
    0.926026    -0.014465
    0.927127    -0.014420
    0.928228    -0.014373
    0.929329    -0.014325
    0.930430    -0.014275
    0.931532    -0.014223
    0.932633    -0.014169
    0.933734    -0.014112
    0.934835    -0.014054
    0.935936    -0.013993
    0.937037    -0.013930
    0.938138    -0.013865
    0.939239    -0.013797
    0.940340    -0.013726
    0.941441    -0.013653
    0.942543    -0.013576
    0.943644    -0.013497
    0.944745    -0.013414
    0.945846    -0.013328
    0.946947    -0.013239
    0.948048    -0.013146
    0.949149    -0.013049
    0.950250    -0.012948
    0.951351    -0.012844
    0.952452    -0.012735
    0.953554    -0.012621
    0.954655    -0.012503
    0.955756    -0.012381
    0.956857    -0.012253
    0.957958    -0.012120
    0.959059    -0.011982
    0.960160    -0.011838
    0.961261    -0.011688
    0.962362    -0.011532
    0.963463    -0.011370
    0.964565    -0.011201
    0.965666    -0.011025
    0.966767    -0.010842
    0.967868    -0.010651
    0.968969    -0.010453
    0.970070    -0.010247
    0.971171    -0.010032
    0.972272    -0.009809
    0.973373    -0.009576
    0.974474    -0.009335
    0.975576    -0.009083
    0.976677    -0.008821
    0.977778    -0.008548
    0.978879    -0.008265
    0.979980    -0.007969
    0.981081    -0.007662
    0.982182    -0.007343
    0.983283    -0.007011
    0.984384    -0.006665
    0.985485    -0.006306
    0.986587    -0.005932
    0.987688    -0.005543
    0.988789    -0.005139
    0.989890    -0.004719
    0.990991    -0.004282
    0.992092    -0.003828
    0.993193    -0.003356
    0.994294    -0.002865
    0.995395    -0.002356
    0.996496    -0.001826
    0.997598    -0.001276
    0.998699    -0.000704
    0.999800    -0.000110
    1.000901     0.000506
    1.002002     0.001146
    1.003103     0.001811
    1.004204     0.002500
    1.005305     0.003216
    1.006406     0.003958
    1.007508     0.004729
    1.008609     0.005527
    1.009710     0.006356
    1.010811     0.007215
    1.011912     0.008105
    1.013013     0.009028
    1.014114     0.009983
    1.015215     0.010974
    1.016316     0.011999
    1.017417     0.013060
    1.018519     0.014159
    1.019620     0.015296
    1.020721     0.016473
    1.021822     0.017689
    1.022923     0.018948
    1.024024     0.020248
    1.025125     0.021592
    1.026226     0.022980
    1.027327     0.024414
    1.028428     0.025894
    1.029530     0.027422
    1.030631     0.028999
    1.031732     0.030625
    1.032833     0.032302
    1.033934     0.034031
    1.035035     0.035812
    1.036136     0.037647
    1.037237     0.039537
    1.038338     0.041482
    1.039439     0.043483
    1.040541     0.045542
    1.041642     0.047660
    1.042743     0.049836
    1.043844     0.052072
    1.044945     0.054370
    1.046046     0.056728
    1.047147     0.059149
    1.048248     0.061633
    1.049349     0.064180
    1.050450     0.066792
    1.051552     0.069469
    1.052653     0.072211
    1.053754     0.075020
    1.054855     0.077894
    1.055956     0.080836
    1.057057     0.083845
    1.058158     0.086922
    1.059259     0.090067
    1.060360     0.093281
    1.061461     0.096563
    1.062563     0.099914
    1.063664     0.103334
    1.064765     0.106823
    1.065866     0.110381
    1.066967     0.114009
    1.068068     0.117707
    1.069169     0.121473
    1.070270     0.125309
    1.071371     0.129215
    1.072472     0.133189
    1.073574     0.137233
    1.074675     0.141345
    1.075776     0.145525
    1.076877     0.149775
    1.077978     0.154092
    1.079079     0.158477
    1.080180     0.162929
    1.081281     0.167448
    1.082382     0.172034
    1.083483     0.176686
    1.084585     0.181404
    1.085686     0.186188
    1.086787     0.191036
    1.087888     0.195948
    1.088989     0.200925
    1.090090     0.205965
    1.091191     0.211067
    1.092292     0.216232
    1.093393     0.221459
    1.094494     0.226747
    1.095596     0.232095
    1.096697     0.237503
    1.097798     0.242970
    1.098899     0.248496
    1.100000     0.254080
