    0.000000     0.760800
    0.001147     0.760768
    0.002293     0.760736
    0.003440     0.760705
    0.004587     0.760673
    0.005734     0.760641
    0.006880     0.760609
    0.008027     0.760577
    0.009174     0.760545
    0.010321     0.760514
    0.011467     0.760482
    0.012614     0.760450
    0.013761     0.760418
    0.014908     0.760386
    0.016054     0.760355
    0.017201     0.760323
    0.018348     0.760291
    0.019495     0.760259
    0.020641     0.760227
    0.021788     0.760195
    0.022935     0.760164
    0.024082     0.760132
    0.025228     0.760100
    0.026375     0.760068
    0.027522     0.760036
    0.028669     0.760004
    0.029815     0.759973
    0.030962     0.759941
    0.032109     0.759909
    0.033256     0.759877
    0.034402     0.759845
    0.035549     0.759814
    0.036696     0.759782
    0.037843     0.759750
    0.038989     0.759718
    0.040136     0.759686
    0.041283     0.759654
    0.042430     0.759623
    0.043576     0.759591
    0.044723     0.759559
    0.045870     0.759527
    0.047017     0.759495
    0.048163     0.759463
    0.049310     0.759432
    0.050457     0.759400
    0.051604     0.759368
    0.052750     0.759336
    0.053897     0.759304
    0.055044     0.759273
    0.056191     0.759241
    0.057337     0.759209
    0.058484     0.759177
    0.059631     0.759145
    0.060778     0.759113
    0.061924     0.759082
    0.063071     0.759050
    0.064218     0.759018
    0.065365     0.758986
    0.066511     0.758954
    0.067658     0.758922
    0.068805     0.758891
    0.069952     0.758859
    0.071098     0.758827
    0.072245     0.758795
    0.073392     0.758763
    0.074539     0.758731
    0.075685     0.758700
    0.076832     0.758668
    0.077979     0.758636
    0.079126     0.758604
    0.080272     0.758572
    0.081419     0.758540
    0.082566     0.758509
    0.083713     0.758477
    0.084859     0.758445
    0.086006     0.758413
    0.087153     0.758381
    0.088299     0.758349
    0.089446     0.758318
    0.090593     0.758286
    0.091740     0.758254
    0.092886     0.758222
    0.094033     0.758190
    0.095180     0.758158
    0.096327     0.758126
    0.097473     0.758095
    0.098620     0.758063
    0.099767     0.758031
    0.100914     0.757999
    0.102060     0.757967
    0.103207     0.757935
    0.104354     0.757904
    0.105501     0.757872
    0.106647     0.757840
    0.107794     0.757808
    0.108941     0.757776
    0.110088     0.757744
    0.111234     0.757712
    0.112381     0.757681
    0.113528     0.757649
    0.114675     0.757617
    0.115821     0.757585
    0.116968     0.757553
    0.118115     0.757521
    0.119262     0.757489
    0.120408     0.757457
    0.121555     0.757426
    0.122702     0.757394
    0.123849     0.757362
    0.124995     0.757330
    0.126142     0.757298
    0.127289     0.757266
    0.128436     0.757234
    0.129582     0.757202
    0.130729     0.757171
    0.131876     0.757139
    0.133023     0.757107
    0.134169     0.757075
    0.135316     0.757043
    0.136463     0.757011
    0.137610     0.756979
    0.138756     0.756947
    0.139903     0.756915
    0.141050     0.756883
    0.142197     0.756851
    0.143343     0.756819
    0.144490     0.756788
    0.145637     0.756756
    0.146784     0.756724
    0.147930     0.756692
    0.149077     0.756660
    0.150224     0.756628
    0.151371     0.756596
    0.152517     0.756564
    0.153664     0.756532
    0.154811     0.756500
    0.155958     0.756468
    0.157104     0.756436
    0.158251     0.756404
    0.159398     0.756372
    0.160545     0.756340
    0.161691     0.756308
    0.162838     0.756276
    0.163985     0.756244
    0.165132     0.756212
    0.166278     0.756180
    0.167425     0.756148
    0.168572     0.756116
    0.169719     0.756084
    0.170865     0.756052
    0.172012     0.756019
    0.173159     0.755987
    0.174306     0.755955
    0.175452     0.755923
    0.176599     0.755891
    0.177746     0.755859
    0.178892     0.755827
    0.180039     0.755795
    0.181186     0.755762
    0.182333     0.755730
    0.183479     0.755698
    0.184626     0.755666
    0.185773     0.755634
    0.186920     0.755601
    0.188066     0.755569
    0.189213     0.755537
    0.190360     0.755504
    0.191507     0.755472
    0.192653     0.755440
    0.193800     0.755407
    0.194947     0.755375
    0.196094     0.755343
    0.197240     0.755310
    0.198387     0.755278
    0.199534     0.755245
    0.200681     0.755213
    0.201827     0.755180
    0.202974     0.755148
    0.204121     0.755115
    0.205268     0.755083
    0.206414     0.755050
    0.207561     0.755018
    0.208708     0.754985
    0.209855     0.754952
    0.211001     0.754919
    0.212148     0.754887
    0.213295     0.754854
    0.214442     0.754821
    0.215588     0.754788
    0.216735     0.754755
    0.217882     0.754722
    0.219029     0.754689
    0.220175     0.754656
    0.221322     0.754623
    0.222469     0.754590
    0.223616     0.754557
    0.224762     0.754524
    0.225909     0.754491
    0.227056     0.754457
    0.228203     0.754424
    0.229349     0.754391
    0.230496     0.754357
    0.231643     0.754324
    0.232790     0.754290
    0.233936     0.754256
    0.235083     0.754223
    0.236230     0.754189
    0.237377     0.754155
    0.238523     0.754121
    0.239670     0.754087
    0.240817     0.754053
    0.241964     0.754019
    0.243110     0.753985
    0.244257     0.753950
    0.245404     0.753916
    0.246551     0.753881
    0.247697     0.753847
    0.248844     0.753812
    0.249991     0.753777
    0.251138     0.753742
    0.252284     0.753707
    0.253431     0.753672
    0.254578     0.753637
    0.255725     0.753601
    0.256871     0.753566
    0.258018     0.753530
    0.259165     0.753494
    0.260312     0.753459
    0.261458     0.753422
    0.262605     0.753386
    0.263752     0.753350
    0.264898     0.753313
    0.266045     0.753276
    0.267192     0.753240
    0.268339     0.753202
    0.269485     0.753165
    0.270632     0.753128
    0.271779     0.753090
    0.272926     0.753052
    0.274072     0.753014
    0.275219     0.752976
    0.276366     0.752937
    0.277513     0.752898
    0.278659     0.752859
    0.279806     0.752820
    0.280953     0.752780
    0.282100     0.752740
    0.283246     0.752700
    0.284393     0.752659
    0.285540     0.752619
    0.286687     0.752577
    0.287833     0.752536
    0.288980     0.752494
    0.290127     0.752452
    0.291274     0.752409
    0.292420     0.752366
    0.293567     0.752323
    0.294714     0.752279
    0.295861     0.752235
    0.297007     0.752190
    0.298154     0.752145
    0.299301     0.752100
    0.300448     0.752054
    0.301594     0.752007
    0.302741     0.751960
    0.303888     0.751912
    0.305035     0.751864
    0.306181     0.751815
    0.307328     0.751766
    0.308475     0.751716
    0.309622     0.751665
    0.310768     0.751613
    0.311915     0.751561
    0.313062     0.751508
    0.314209     0.751455
    0.315355     0.751400
    0.316502     0.751345
    0.317649     0.751289
    0.318796     0.751232
    0.319942     0.751174
    0.321089     0.751115
    0.322236     0.751056
    0.323383     0.750995
    0.324529     0.750933
    0.325676     0.750870
    0.326823     0.750806
    0.327970     0.750741
    0.329116     0.750675
    0.330263     0.750607
    0.331410     0.750538
    0.332557     0.750468
    0.333703     0.750396
    0.334850     0.750323
    0.335997     0.750249
    0.337144     0.750173
    0.338290     0.750095
    0.339437     0.750016
    0.340584     0.749935
    0.341731     0.749852
    0.342877     0.749767
    0.344024     0.749681
    0.345171     0.749592
    0.346318     0.749502
    0.347464     0.749409
    0.348611     0.749315
    0.349758     0.749217
    0.350905     0.749118
    0.352051     0.749016
    0.353198     0.748912
    0.354345     0.748805
    0.355491     0.748695
    0.356638     0.748583
    0.357785     0.748468
    0.358932     0.748349
    0.360078     0.748228
    0.361225     0.748103
    0.362372     0.747975
    0.363519     0.747844
    0.364665     0.747709
    0.365812     0.747570
    0.366959     0.747428
    0.368106     0.747281
    0.369252     0.747131
    0.370399     0.746976
    0.371546     0.746817
    0.372693     0.746653
    0.373839     0.746484
    0.374986     0.746311
    0.376133     0.746133
    0.377280     0.745949
    0.378426     0.745760
    0.379573     0.745565
    0.380720     0.745365
    0.381867     0.745158
    0.383013     0.744946
    0.384160     0.744726
    0.385307     0.744501
    0.386454     0.744268
    0.387600     0.744028
    0.388747     0.743781
    0.389894     0.743526
    0.391041     0.743263
    0.392187     0.742992
    0.393334     0.742712
    0.394481     0.742424
    0.395628     0.742127
    0.396774     0.741820
    0.397921     0.741503
    0.399068     0.741177
    0.400215     0.740840
    0.401361     0.740492
    0.402508     0.740133
    0.403655     0.739763
    0.404802     0.739381
    0.405948     0.738986
    0.407095     0.738578
    0.408242     0.738158
    0.409389     0.737724
    0.410535     0.737275
    0.411682     0.736812
    0.412829     0.736334
    0.413976     0.735841
    0.415122     0.735331
    0.416269     0.734805
    0.417416     0.734261
    0.418563     0.733700
    0.419709     0.733120
    0.420856     0.732521
    0.422003     0.731903
    0.423150     0.731264
    0.424296     0.730604
    0.425443     0.729923
    0.426590     0.729219
    0.427737     0.728493
    0.428883     0.727742
    0.430030     0.726967
    0.431177     0.726166
    0.432324     0.725339
    0.433470     0.724486
    0.434617     0.723604
    0.435764     0.722693
    0.436911     0.721753
    0.438057     0.720781
    0.439204     0.719779
    0.440351     0.718743
    0.441497     0.717674
    0.442644     0.716570
    0.443791     0.715431
    0.444938     0.714255
    0.446084     0.713040
    0.447231     0.711787
    0.448378     0.710493
    0.449525     0.709158
    0.450671     0.707779
    0.451818     0.706357
    0.452965     0.704890
    0.454112     0.703376
    0.455258     0.701814
    0.456405     0.700203
    0.457552     0.698540
    0.458699     0.696826
    0.459845     0.695058
    0.460992     0.693235
    0.462139     0.691356
    0.463286     0.689418
    0.464432     0.687421
    0.465579     0.685362
    0.466726     0.683240
    0.467873     0.681054
    0.469019     0.678801
    0.470166     0.676481
    0.471313     0.674090
    0.472460     0.671629
    0.473606     0.669094
    0.474753     0.666485
    0.475900     0.663798
    0.477047     0.661033
    0.478193     0.658188
    0.479340     0.655261
    0.480487     0.652250
    0.481634     0.649152
    0.482780     0.645967
    0.483927     0.642693
    0.485074     0.639326
    0.486221     0.635867
    0.487367     0.632311
    0.488514     0.628659
    0.489661     0.624908
    0.490808     0.621055
    0.491954     0.617100
    0.493101     0.613039
    0.494248     0.608872
    0.495395     0.604597
    0.496541     0.600210
    0.497688     0.595712
    0.498835     0.591100
    0.499982     0.586371
    0.501128     0.581525
    0.502275     0.576560
    0.503422     0.571473
    0.504569     0.566264
    0.505715     0.560930
    0.506862     0.555470
    0.508009     0.549882
    0.509156     0.544165
    0.510302     0.538317
    0.511449     0.532336
    0.512596     0.526222
    0.513743     0.519973
    0.514889     0.513587
    0.516036     0.507064
    0.517183     0.500401
    0.518330     0.493599
    0.519476     0.486655
    0.520623     0.479568
    0.521770     0.472338
    0.522917     0.464964
    0.524063     0.457445
    0.525210     0.449779
    0.526357     0.441966
    0.527504     0.434005
    0.528650     0.425896
    0.529797     0.417639
    0.530944     0.409231
    0.532090     0.400673
    0.533237     0.391965
    0.534384     0.383106
    0.535531     0.374096
    0.536677     0.364935
    0.537824     0.355621
    0.538971     0.346156
    0.540118     0.336539
    0.541264     0.326771
    0.542411     0.316850
    0.543558     0.306778
    0.544705     0.296554
    0.545851     0.286178
    0.546998     0.275652
    0.548145     0.264974
    0.549292     0.254146
    0.550438     0.243168
    0.551585     0.232041
    0.552732     0.220764
    0.553879     0.209338
    0.555025     0.197765
    0.556172     0.186044
    0.557319     0.174176
    0.558466     0.162162
    0.559612     0.150003
    0.560759     0.137699
    0.561906     0.125252
    0.563053     0.112661
    0.564199     0.099929
    0.565346     0.087055
    0.566493     0.074041
    0.567640     0.060887
    0.568786     0.047596
    0.569933     0.034167
    0.571080     0.020601
    0.572227     0.006901
    0.573373    -0.006934
    0.574520    -0.020902
    0.575667    -0.035002
    0.576814    -0.049234
    0.577960    -0.063595
    0.579107    -0.078085
    0.580254    -0.092702
    0.581401    -0.107446
    0.582547    -0.122315
    0.583694    -0.137309
    0.584841    -0.152425
    0.585988    -0.167664
    0.587134    -0.183023
    0.588281    -0.198501
    0.589428    -0.214098
    0.590575    -0.229812
    0.591721    -0.245642
    0.592868    -0.261586
    0.594015    -0.277644
    0.595162    -0.293815
    0.596308    -0.310096
    0.597455    -0.326488
    0.598602    -0.342989
    0.599749    -0.359597
    0.600895    -0.376311
    0.602042    -0.393132
    0.603189    -0.410056
    0.604336    -0.427083
    0.605482    -0.444212
    0.606629    -0.461442
    0.607776    -0.478772
    0.608923    -0.496200
    0.610069    -0.513726
    0.611216    -0.531348
    0.612363    -0.549065
    0.613510    -0.566876
    0.614656    -0.584780
    0.615803    -0.602776
    0.616950    -0.620863
    0.618096    -0.639040
    0.619243    -0.657306
    0.620390    -0.675660
    0.621537    -0.694100
    0.622683    -0.712626
    0.623830    -0.731237
    0.624977    -0.749931
    0.626124    -0.768709
    0.627270    -0.787568
    0.628417    -0.806508
    0.629564    -0.825528
    0.630711    -0.844627
    0.631857    -0.863804
    0.633004    -0.883058
    0.634151    -0.902389
    0.635298    -0.921794
    0.636444    -0.941275
    0.637591    -0.960828
    0.638738    -0.980455
    0.639885    -1.000153
    0.641031    -1.019922
    0.642178    -1.039762
    0.643325    -1.059670
    0.644472    -1.079648
    0.645618    -1.099693
    0.646765    -1.119805
    0.647912    -1.139983
    0.649059    -1.160227
    0.650205    -1.180535
    0.651352    -1.200907
    0.652499    -1.221343
    0.653646    -1.241840
    0.654792    -1.262400
    0.655939    -1.283020
    0.657086    -1.303701
    0.658233    -1.324441
    0.659379    -1.345240
    0.660526    -1.366098
    0.661673    -1.387012
    0.662820    -1.407984
    0.663966    -1.429012
    0.665113    -1.450096
    0.666260    -1.471235
    0.667407    -1.492428
    0.668553    -1.513675
    0.669700    -1.534974
    0.670847    -1.556327
    0.671994    -1.577731
    0.673140    -1.599187
    0.674287    -1.620694
    0.675434    -1.642250
    0.676581    -1.663857
    0.677727    -1.685513
    0.678874    -1.707217
    0.680021    -1.728969
    0.681168    -1.750769
    0.682314    -1.772615
    0.683461    -1.794508
    0.684608    -1.816448
    0.685755    -1.838432
    0.686901    -1.860462
    0.688048    -1.882536
    0.689195    -1.904654
    0.690342    -1.926816
    0.691488    -1.949020
    0.692635    -1.971268
    0.693782    -1.993557
    0.694929    -2.015888
    0.696075    -2.038261
    0.697222    -2.060674
    0.698369    -2.083128
    0.699516    -2.105621
    0.700662    -2.128154
    0.701809    -2.150727
    0.702956    -2.173338
    0.704103    -2.195987
    0.705249    -2.218674
    0.706396    -2.241399
    0.707543    -2.264161
    0.708689    -2.286960
    0.709836    -2.309795
    0.710983    -2.332666
    0.712130    -2.355573
    0.713276    -2.378515
    0.714423    -2.401493
    0.715570    -2.424504
    0.716717    -2.447550
    0.717863    -2.470630
    0.719010    -2.493744
    0.720157    -2.516890
    0.721304    -2.540070
    0.722450    -2.563282
    0.723597    -2.586526
    0.724744    -2.609803
    0.725891    -2.633111
    0.727037    -2.656450
    0.728184    -2.679820
    0.729331    -2.703221
    0.730478    -2.726653
    0.731624    -2.750115
    0.732771    -2.773606
    0.733918    -2.797127
    0.735065    -2.820677
    0.736211    -2.844257
    0.737358    -2.867865
    0.738505    -2.891501
    0.739652    -2.915166
    0.740798    -2.938858
    0.741945    -2.962578
    0.743092    -2.986326
    0.744239    -3.010101
    0.745385    -3.033902
    0.746532    -3.057731
    0.747679    -3.081585
    0.748826    -3.105466
    0.749972    -3.129373
    0.751119    -3.153306
    0.752266    -3.177264
    0.753413    -3.201247
    0.754559    -3.225255
    0.755706    -3.249288
    0.756853    -3.273345
    0.758000    -3.297427
    0.759146    -3.321533
    0.760293    -3.345663
    0.761440    -3.369816
    0.762587    -3.393993
    0.763733    -3.418194
    0.764880    -3.442417
    0.766027    -3.466663
    0.767174    -3.490932
    0.768320    -3.515224
    0.769467    -3.539537
    0.770614    -3.563873
    0.771761    -3.588231
    0.772907    -3.612610
    0.774054    -3.637011
    0.775201    -3.661433
    0.776348    -3.685877
    0.777494    -3.710341
    0.778641    -3.734826
    0.779788    -3.759332
    0.780935    -3.783859
    0.782081    -3.808405
    0.783228    -3.832972
    0.784375    -3.857559
    0.785522    -3.882165
    0.786668    -3.906791
    0.787815    -3.931437
    0.788962    -3.956102
    0.790109    -3.980786
    0.791255    -4.005489
    0.792402    -4.030211
    0.793549    -4.054952
    0.794695    -4.079711
    0.795842    -4.104488
    0.796989    -4.129284
    0.798136    -4.154098
    0.799282    -4.178930
    0.800429    -4.203780
    0.801576    -4.228647
    0.802723    -4.253532
    0.803869    -4.278434
    0.805016    -4.303354
    0.806163    -4.328290
    0.807310    -4.353244
    0.808456    -4.378215
    0.809603    -4.403202
    0.810750    -4.428206
    0.811897    -4.453226
    0.813043    -4.478263
    0.814190    -4.503316
    0.815337    -4.528385
    0.816484    -4.553470
    0.817630    -4.578571
    0.818777    -4.603687
    0.819924    -4.628819
    0.821071    -4.653967
    0.822217    -4.679130
    0.823364    -4.704309
    0.824511    -4.729502
    0.825658    -4.754711
    0.826804    -4.779934
    0.827951    -4.805173
    0.829098    -4.830426
    0.830245    -4.855694
    0.831391    -4.880976
    0.832538    -4.906272
    0.833685    -4.931583
    0.834832    -4.956909
    0.835978    -4.982248
    0.837125    -5.007601
    0.838272    -5.032968
    0.839419    -5.058349
    0.840565    -5.083743
    0.841712    -5.109152
    0.842859    -5.134573
    0.844006    -5.160008
    0.845152    -5.185457
    0.846299    -5.210918
    0.847446    -5.236393
    0.848593    -5.261881
    0.849739    -5.287381
    0.850886    -5.312895
    0.852033    -5.338421
    0.853180    -5.363960
    0.854326    -5.389512
    0.855473    -5.415076
    0.856620    -5.440652
    0.857767    -5.466241
    0.858913    -5.491842
    0.860060    -5.517455
    0.861207    -5.543081
    0.862354    -5.568718
    0.863500    -5.594367
    0.864647    -5.620028
    0.865794    -5.645701
    0.866941    -5.671386
    0.868087    -5.697082
    0.869234    -5.722790
    0.870381    -5.748509
    0.871528    -5.774239
    0.872674    -5.799981
    0.873821    -5.825734
    0.874968    -5.851498
    0.876115    -5.877273
    0.877261    -5.903060
    0.878408    -5.928857
    0.879555    -5.954665
    0.880702    -5.980484
    0.881848    -6.006314
    0.882995    -6.032154
    0.884142    -6.058005
    0.885288    -6.083866
    0.886435    -6.109738
    0.887582    -6.135620
    0.888729    -6.161513
    0.889875    -6.187416
    0.891022    -6.213329
    0.892169    -6.239252
    0.893316    -6.265185
    0.894462    -6.291128
    0.895609    -6.317082
    0.896756    -6.343045
    0.897903    -6.369018
    0.899049    -6.395000
    0.900196    -6.420993
    0.901343    -6.446995
    0.902490    -6.473006
    0.903636    -6.499027
    0.904783    -6.525058
    0.905930    -6.551098
    0.907077    -6.577147
    0.908223    -6.603206
    0.909370    -6.629274
    0.910517    -6.655351
    0.911664    -6.681437
    0.912810    -6.707533
    0.913957    -6.733637
    0.915104    -6.759750
    0.916251    -6.785872
    0.917397    -6.812003
    0.918544    -6.838143
    0.919691    -6.864292
    0.920838    -6.890449
    0.921984    -6.916615
    0.923131    -6.942790
    0.924278    -6.968973
    0.925425    -6.995165
    0.926571    -7.021365
    0.927718    -7.047573
    0.928865    -7.073790
    0.930012    -7.100015
    0.931158    -7.126249
    0.932305    -7.152491
    0.933452    -7.178740
    0.934599    -7.204998
    0.935745    -7.231264
    0.936892    -7.257538
    0.938039    -7.283821
    0.939186    -7.310111
    0.940332    -7.336408
    0.941479    -7.362714
    0.942626    -7.389028
    0.943773    -7.415349
    0.944919    -7.441678
    0.946066    -7.468015
    0.947213    -7.494359
    0.948360    -7.520711
    0.949506    -7.547071
    0.950653    -7.573438
    0.951800    -7.599812
    0.952947    -7.626194
    0.954093    -7.652583
    0.955240    -7.678980
    0.956387    -7.705384
    0.957534    -7.731795
    0.958680    -7.758214
    0.959827    -7.784639
    0.960974    -7.811072
    0.962121    -7.837512
    0.963267    -7.863959
    0.964414    -7.890413
    0.965561    -7.916874
    0.966708    -7.943342
    0.967854    -7.969817
    0.969001    -7.996299
    0.970148    -8.022787
    0.971294    -8.049283
    0.972441    -8.075785
    0.973588    -8.102294
    0.974735    -8.128810
    0.975881    -8.155332
    0.977028    -8.181861
    0.978175    -8.208397
    0.979322    -8.234939
    0.980468    -8.261488
    0.981615    -8.288043
    0.982762    -8.314605
    0.983909    -8.341173
    0.985055    -8.367748
    0.986202    -8.394329
    0.987349    -8.420916
    0.988496    -8.447509
    0.989642    -8.474109
    0.990789    -8.500715
    0.991936    -8.527328
    0.993083    -8.553946
    0.994229    -8.580571
    0.995376    -8.607201
    0.996523    -8.633838
    0.997670    -8.660481
    0.998816    -8.687130
    0.999963    -8.713785
    1.001110    -8.740446
    1.002257    -8.767113
    1.003403    -8.793786
    1.004550    -8.820464
    1.005697    -8.847149
    1.006844    -8.873839
    1.007990    -8.900535
    1.009137    -8.927237
    1.010284    -8.953945
    1.011431    -8.980658
    1.012577    -9.007377
    1.013724    -9.034101
    1.014871    -9.060832
    1.016018    -9.087568
    1.017164    -9.114309
    1.018311    -9.141056
    1.019458    -9.167809
    1.020605    -9.194567
    1.021751    -9.221330
    1.022898    -9.248099
    1.024045    -9.274873
    1.025192    -9.301653
    1.026338    -9.328438
    1.027485    -9.355228
    1.028632    -9.382024
    1.029779    -9.408825
    1.030925    -9.435632
    1.032072    -9.462443
    1.033219    -9.489260
    1.034366    -9.516082
    1.035512    -9.542909
    1.036659    -9.569741
    1.037806    -9.596578
    1.038953    -9.623421
    1.040099    -9.650268
    1.041246    -9.677121
    1.042393    -9.703979
    1.043540    -9.730841
    1.044686    -9.757709
    1.045833    -9.784581
    1.046980    -9.811459
    1.048127    -9.838341
    1.049273    -9.865229
    1.050420    -9.892121
    1.051567    -9.919018
    1.052714    -9.945919
    1.053860    -9.972826
    1.055007    -9.999738
    1.056154   -10.026654
    1.057301   -10.053575
    1.058447   -10.080500
    1.059594   -10.107430
    1.060741   -10.134365
    1.061887   -10.161305
    1.063034   -10.188249
    1.064181   -10.215198
    1.065328   -10.242152
    1.066474   -10.269110
    1.067621   -10.296072
    1.068768   -10.323040
    1.069915   -10.350011
    1.071061   -10.376987
    1.072208   -10.403968
    1.073355   -10.430953
    1.074502   -10.457943
    1.075648   -10.484937
    1.076795   -10.511935
    1.077942   -10.538938
    1.079089   -10.565945
    1.080235   -10.592956
    1.081382   -10.619972
    1.082529   -10.646992
    1.083676   -10.674016
    1.084822   -10.701045
    1.085969   -10.728078
    1.087116   -10.755115
    1.088263   -10.782156
    1.089409   -10.809201
    1.090556   -10.836251
    1.091703   -10.863305
    1.092850   -10.890363
    1.093996   -10.917425
    1.095143   -10.944491
    1.096290   -10.971561
    1.097437   -10.998636
    1.098583   -11.025714
    1.099730   -11.052797
    1.100877   -11.079883
    1.102024   -11.106973
    1.103170   -11.134068
    1.104317   -11.161166
    1.105464   -11.188269
    1.106611   -11.215375
    1.107757   -11.242485
    1.108904   -11.269600
    1.110051   -11.296718
    1.111198   -11.323840
    1.112344   -11.350965
    1.113491   -11.378095
    1.114638   -11.405229
    1.115785   -11.432366
    1.116931   -11.459507
    1.118078   -11.486652
    1.119225   -11.513800
    1.120372   -11.540953
    1.121518   -11.568109
    1.122665   -11.595269
    1.123812   -11.622432
    1.124959   -11.649600
    1.126105   -11.676771
    1.127252   -11.703945
    1.128399   -11.731124
    1.129546   -11.758305
    1.130692   -11.785491
    1.131839   -11.812680
    1.132986   -11.839873
    1.134133   -11.867069
    1.135279   -11.894269
    1.136426   -11.921472
    1.137573   -11.948679
    1.138720   -11.975890
    1.139866   -12.003104
    1.141013   -12.030321
    1.142160   -12.057542
    1.143307   -12.084767
    1.144453   -12.111995
    1.145600   -12.139226
