0.000000 3.444688 
0.010000 3.444645 
0.020000 3.444603 
0.030000 3.444560 
0.040000 3.444517 
0.050000 3.444474 
0.060000 3.444432 
0.070000 3.444389 
0.080000 3.444346 
0.090000 3.444303 
0.100000 3.444260 
0.110000 3.444218 
0.120000 3.444175 
0.130000 3.444132 
0.140000 3.444089 
0.150000 3.444047 
0.160000 3.444004 
0.170000 3.443961 
0.180000 3.443918 
0.190000 3.443876 
0.200000 3.443833 
0.210000 3.443790 
0.220000 3.443747 
0.230000 3.443704 
0.240000 3.443662 
0.250000 3.443619 
0.260000 3.443576 
0.270000 3.443533 
0.280000 3.443491 
0.290000 3.443448 
0.300000 3.443405 
0.310000 3.443362 
0.320000 3.443320 
0.330000 3.443277 
0.340000 3.443234 
0.350000 3.443191 
0.360000 3.443148 
0.370000 3.443106 
0.380000 3.443063 
0.390000 3.443020 
0.400000 3.442977 
0.410000 3.442935 
0.420000 3.442892 
0.430000 3.442849 
0.440000 3.442806 
0.450000 3.442764 
0.460000 3.442721 
0.470000 3.442678 
0.480000 3.442635 
0.490000 3.442592 
0.500000 3.442550 
0.510000 3.442507 
0.520000 3.442464 
0.530000 3.442421 
0.540000 3.442379 
0.550000 3.442336 
0.560000 3.442293 
0.570000 3.442250 
0.580000 3.442208 
0.590000 3.442165 
0.600000 3.442122 
0.610000 3.442079 
0.620000 3.442036 
0.630000 3.441994 
0.640000 3.441951 
0.650000 3.441908 
0.660000 3.441865 
0.670000 3.441823 
0.680000 3.441780 
0.690000 3.441737 
0.700000 3.441694 
0.710000 3.441652 
0.720000 3.441609 
0.730000 3.441566 
0.740000 3.441523 
0.750000 3.441480 
0.760000 3.441438 
0.770000 3.441395 
0.780000 3.441352 
0.790000 3.441309 
0.800000 3.441267 
0.810000 3.441224 
0.820000 3.441181 
0.830000 3.441138 
0.840000 3.441095 
0.850000 3.441053 
0.860000 3.441010 
0.870000 3.440967 
0.880000 3.440924 
0.890000 3.440882 
0.900000 3.440839 
0.910000 3.440796 
0.920000 3.440753 
0.930000 3.440711 
0.940000 3.440668 
0.950000 3.440625 
0.960000 3.440582 
0.970000 3.440539 
0.980000 3.440497 
0.990000 3.440454 
1.000000 3.440411 
1.010000 3.440368 
1.020000 3.440326 
1.030000 3.440283 
1.040000 3.440240 
1.050000 3.440197 
1.060000 3.440155 
1.070000 3.440112 
1.080000 3.440069 
1.090000 3.440026 
1.100000 3.439983 
1.110000 3.439941 
1.120000 3.439898 
1.130000 3.439855 
1.140000 3.439812 
1.150000 3.439770 
1.160000 3.439727 
1.170000 3.439684 
1.180000 3.439641 
1.190000 3.439599 
1.200000 3.439556 
1.210000 3.439513 
1.220000 3.439470 
1.230000 3.439427 
1.240000 3.439385 
1.250000 3.439342 
1.260000 3.439299 
1.270000 3.439256 
1.280000 3.439214 
1.290000 3.439171 
1.300000 3.439128 
1.310000 3.439085 
1.320000 3.439043 
1.330000 3.439000 
1.340000 3.438957 
1.350000 3.438914 
1.360000 3.438871 
1.370000 3.438829 
1.380000 3.438786 
1.390000 3.438743 
1.400000 3.438700 
1.410000 3.438658 
1.420000 3.438615 
1.430000 3.438572 
1.440000 3.438529 
1.450000 3.438486 
1.460000 3.438444 
1.470000 3.438401 
1.480000 3.438358 
1.490000 3.438315 
1.500000 3.438273 
1.510000 3.438230 
1.520000 3.438187 
1.530000 3.438144 
1.540000 3.438102 
1.550000 3.438059 
1.560000 3.438016 
1.570000 3.437973 
1.580000 3.437930 
1.590000 3.437888 
1.600000 3.437845 
1.610000 3.437802 
1.620000 3.437759 
1.630000 3.437717 
1.640000 3.437674 
1.650000 3.437631 
1.660000 3.437588 
1.670000 3.437546 
1.680000 3.437503 
1.690000 3.437460 
1.700000 3.437417 
1.710000 3.437374 
1.720000 3.437332 
1.730000 3.437289 
1.740000 3.437246 
1.750000 3.437203 
1.760000 3.437161 
1.770000 3.437118 
1.780000 3.437075 
1.790000 3.437032 
1.800000 3.436989 
1.810000 3.436947 
1.820000 3.436904 
1.830000 3.436861 
1.840000 3.436818 
1.850000 3.436776 
1.860000 3.436733 
1.870000 3.436690 
1.880000 3.436647 
1.890000 3.436605 
1.900000 3.436562 
1.910000 3.436519 
1.920000 3.436476 
1.930000 3.436433 
1.940000 3.436391 
1.950000 3.436348 
1.960000 3.436305 
1.970000 3.436262 
1.980000 3.436220 
1.990000 3.436177 
2.000000 3.436134 
2.010000 3.436091 
2.020000 3.436049 
2.030000 3.436006 
2.040000 3.435963 
2.050000 3.435920 
2.060000 3.435877 
2.070000 3.435835 
2.080000 3.435792 
2.090000 3.435749 
2.100000 3.435706 
2.110000 3.435664 
2.120000 3.435621 
2.130000 3.435578 
2.140000 3.435535 
2.150000 3.435492 
2.160000 3.435450 
2.170000 3.435407 
2.180000 3.435364 
2.190000 3.435321 
2.200000 3.435279 
2.210000 3.435236 
2.220000 3.435193 
2.230000 3.435150 
2.240000 3.435107 
2.250000 3.435065 
2.260000 3.435022 
2.270000 3.434979 
2.280000 3.434936 
2.290000 3.434894 
2.300000 3.434851 
2.310000 3.434808 
2.320000 3.434765 
2.330000 3.434723 
2.340000 3.434680 
2.350000 3.434637 
2.360000 3.434594 
2.370000 3.434551 
2.380000 3.434509 
2.390000 3.434466 
2.400000 3.434423 
2.410000 3.434380 
2.420000 3.434338 
2.430000 3.434295 
2.440000 3.434252 
2.450000 3.434209 
2.460000 3.434166 
2.470000 3.434124 
2.480000 3.434081 
2.490000 3.434038 
2.500000 3.433995 
2.510000 3.433953 
2.520000 3.433910 
2.530000 3.433867 
2.540000 3.433824 
2.550000 3.433781 
2.560000 3.433739 
2.570000 3.433696 
2.580000 3.433653 
2.590000 3.433610 
2.600000 3.433568 
2.610000 3.433525 
2.620000 3.433482 
2.630000 3.433439 
2.640000 3.433397 
2.650000 3.433354 
2.660000 3.433311 
2.670000 3.433268 
2.680000 3.433225 
2.690000 3.433183 
2.700000 3.433140 
2.710000 3.433097 
2.720000 3.433054 
2.730000 3.433012 
2.740000 3.432969 
2.750000 3.432926 
2.760000 3.432883 
2.770000 3.432840 
2.780000 3.432798 
2.790000 3.432755 
2.800000 3.432712 
2.810000 3.432669 
2.820000 3.432627 
2.830000 3.432584 
2.840000 3.432541 
2.850000 3.432498 
2.860000 3.432455 
2.870000 3.432413 
2.880000 3.432370 
2.890000 3.432327 
2.900000 3.432284 
2.910000 3.432242 
2.920000 3.432199 
2.930000 3.432156 
2.940000 3.432113 
2.950000 3.432070 
2.960000 3.432028 
2.970000 3.431985 
2.980000 3.431942 
2.990000 3.431899 
3.000000 3.431857 
3.010000 3.431814 
3.020000 3.431771 
3.030000 3.431728 
3.040000 3.431685 
3.050000 3.431643 
3.060000 3.431600 
3.070000 3.431557 
3.080000 3.431514 
3.090000 3.431472 
3.100000 3.431429 
3.110000 3.431386 
3.120000 3.431343 
3.130000 3.431300 
3.140000 3.431258 
3.150000 3.431215 
3.160000 3.431172 
3.170000 3.431129 
3.180000 3.431087 
3.190000 3.431044 
3.200000 3.431001 
3.210000 3.430958 
3.220000 3.430915 
3.230000 3.430873 
3.240000 3.430830 
3.250000 3.430787 
3.260000 3.430744 
3.270000 3.430701 
3.280000 3.430659 
3.290000 3.430616 
3.300000 3.430573 
3.310000 3.430530 
3.320000 3.430488 
3.330000 3.430445 
3.340000 3.430402 
3.350000 3.430359 
3.360000 3.430316 
3.370000 3.430274 
3.380000 3.430231 
3.390000 3.430188 
3.400000 3.430145 
3.410000 3.430103 
3.420000 3.430060 
3.430000 3.430017 
3.440000 3.429974 
3.450000 3.429931 
3.460000 3.429889 
3.470000 3.429846 
3.480000 3.429803 
3.490000 3.429760 
3.500000 3.429718 
3.510000 3.429675 
3.520000 3.429632 
3.530000 3.429589 
3.540000 3.429546 
3.550000 3.429504 
3.560000 3.429461 
3.570000 3.429418 
3.580000 3.429375 
3.590000 3.429332 
3.600000 3.429290 
3.610000 3.429247 
3.620000 3.429204 
3.630000 3.429161 
3.640000 3.429119 
3.650000 3.429076 
3.660000 3.429033 
3.670000 3.428990 
3.680000 3.428947 
3.690000 3.428905 
3.700000 3.428862 
3.710000 3.428819 
3.720000 3.428776 
3.730000 3.428733 
3.740000 3.428691 
3.750000 3.428648 
3.760000 3.428605 
3.770000 3.428562 
3.780000 3.428520 
3.790000 3.428477 
3.800000 3.428434 
3.810000 3.428391 
3.820000 3.428348 
3.830000 3.428306 
3.840000 3.428263 
3.850000 3.428220 
3.860000 3.428177 
3.870000 3.428134 
3.880000 3.428092 
3.890000 3.428049 
3.900000 3.428006 
3.910000 3.427963 
3.920000 3.427920 
3.930000 3.427878 
3.940000 3.427835 
3.950000 3.427792 
3.960000 3.427749 
3.970000 3.427707 
3.980000 3.427664 
3.990000 3.427621 
4.000000 3.427578 
4.010000 3.427535 
4.020000 3.427493 
4.030000 3.427450 
4.040000 3.427407 
4.050000 3.427364 
4.060000 3.427321 
4.070000 3.427279 
4.080000 3.427236 
4.090000 3.427193 
4.100000 3.427150 
4.110000 3.427107 
4.120000 3.427065 
4.130000 3.427022 
4.140000 3.426979 
4.150000 3.426936 
4.160000 3.426893 
4.170000 3.426851 
4.180000 3.426808 
4.190000 3.426765 
4.200000 3.426722 
4.210000 3.426680 
4.220000 3.426637 
4.230000 3.426594 
4.240000 3.426551 
4.250000 3.426508 
4.260000 3.426466 
4.270000 3.426423 
4.280000 3.426380 
4.290000 3.426337 
4.300000 3.426294 
4.310000 3.426252 
4.320000 3.426209 
4.330000 3.426166 
4.340000 3.426123 
4.350000 3.426080 
4.360000 3.426038 
4.370000 3.425995 
4.380000 3.425952 
4.390000 3.425909 
4.400000 3.425866 
4.410000 3.425824 
4.420000 3.425781 
4.430000 3.425738 
4.440000 3.425695 
4.450000 3.425652 
4.460000 3.425610 
4.470000 3.425567 
4.480000 3.425524 
4.490000 3.425481 
4.500000 3.425438 
4.510000 3.425396 
4.520000 3.425353 
4.530000 3.425310 
4.540000 3.425267 
4.550000 3.425224 
4.560000 3.425182 
4.570000 3.425139 
4.580000 3.425096 
4.590000 3.425053 
4.600000 3.425010 
4.610000 3.424968 
4.620000 3.424925 
4.630000 3.424882 
4.640000 3.424839 
4.650000 3.424796 
4.660000 3.424753 
4.670000 3.424711 
4.680000 3.424668 
4.690000 3.424625 
4.700000 3.424582 
4.710000 3.424539 
4.720000 3.424497 
4.730000 3.424454 
4.740000 3.424411 
4.750000 3.424368 
4.760000 3.424325 
4.770000 3.424283 
4.780000 3.424240 
4.790000 3.424197 
4.800000 3.424154 
4.810000 3.424111 
4.820000 3.424069 
4.830000 3.424026 
4.840000 3.423983 
4.850000 3.423940 
4.860000 3.423897 
4.870000 3.423854 
4.880000 3.423812 
4.890000 3.423769 
4.900000 3.423726 
4.910000 3.423683 
4.920000 3.423640 
4.930000 3.423598 
4.940000 3.423555 
4.950000 3.423512 
4.960000 3.423469 
4.970000 3.423426 
4.980000 3.423383 
4.990000 3.423341 
5.000000 3.423298 
5.010000 3.423255 
5.020000 3.423212 
5.030000 3.423169 
5.040000 3.423127 
5.050000 3.423084 
5.060000 3.423041 
5.070000 3.422998 
5.080000 3.422955 
5.090000 3.422912 
5.100000 3.422870 
5.110000 3.422827 
5.120000 3.422784 
5.130000 3.422741 
5.140000 3.422698 
5.150000 3.422655 
5.160000 3.422613 
5.170000 3.422570 
5.180000 3.422527 
5.190000 3.422484 
5.200000 3.422441 
5.210000 3.422398 
5.220000 3.422356 
5.230000 3.422313 
5.240000 3.422270 
5.250000 3.422227 
5.260000 3.422184 
5.270000 3.422141 
5.280000 3.422099 
5.290000 3.422056 
5.300000 3.422013 
5.310000 3.421970 
5.320000 3.421927 
5.330000 3.421884 
5.340000 3.421842 
5.350000 3.421799 
5.360000 3.421756 
5.370000 3.421713 
5.380000 3.421670 
5.390000 3.421627 
5.400000 3.421585 
5.410000 3.421542 
5.420000 3.421499 
5.430000 3.421456 
5.440000 3.421413 
5.450000 3.421370 
5.460000 3.421328 
5.470000 3.421285 
5.480000 3.421242 
5.490000 3.421199 
5.500000 3.421156 
5.510000 3.421113 
5.520000 3.421070 
5.530000 3.421028 
5.540000 3.420985 
5.550000 3.420942 
5.560000 3.420899 
5.570000 3.420856 
5.580000 3.420813 
5.590000 3.420770 
5.600000 3.420728 
5.610000 3.420685 
5.620000 3.420642 
5.630000 3.420599 
5.640000 3.420556 
5.650000 3.420513 
5.660000 3.420471 
5.670000 3.420428 
5.680000 3.420385 
5.690000 3.420342 
5.700000 3.420299 
5.710000 3.420256 
5.720000 3.420213 
5.730000 3.420170 
5.740000 3.420128 
5.750000 3.420085 
5.760000 3.420042 
5.770000 3.419999 
5.780000 3.419956 
5.790000 3.419913 
5.800000 3.419870 
5.810000 3.419828 
5.820000 3.419785 
5.830000 3.419742 
5.840000 3.419699 
5.850000 3.419656 
5.860000 3.419613 
5.870000 3.419570 
5.880000 3.419527 
5.890000 3.419485 
5.900000 3.419442 
5.910000 3.419399 
5.920000 3.419356 
5.930000 3.419313 
5.940000 3.419270 
5.950000 3.419227 
5.960000 3.419184 
5.970000 3.419141 
5.980000 3.419099 
5.990000 3.419056 
6.000000 3.419013 
6.010000 3.418970 
6.020000 3.418927 
6.030000 3.418884 
6.040000 3.418841 
6.050000 3.418798 
6.060000 3.418755 
6.070000 3.418713 
6.080000 3.418670 
6.090000 3.418627 
6.100000 3.418584 
6.110000 3.418541 
6.120000 3.418498 
6.130000 3.418455 
6.140000 3.418412 
6.150000 3.418369 
6.160000 3.418326 
6.170000 3.418284 
6.180000 3.418241 
6.190000 3.418198 
6.200000 3.418155 
6.210000 3.418112 
6.220000 3.418069 
6.230000 3.418026 
6.240000 3.417983 
6.250000 3.417940 
6.260000 3.417897 
6.270000 3.417854 
6.280000 3.417811 
6.290000 3.417769 
6.300000 3.417726 
6.310000 3.417683 
6.320000 3.417640 
6.330000 3.417597 
6.340000 3.417554 
6.350000 3.417511 
6.360000 3.417468 
6.370000 3.417425 
6.380000 3.417382 
6.390000 3.417339 
6.400000 3.417296 
6.410000 3.417253 
6.420000 3.417210 
6.430000 3.417168 
6.440000 3.417125 
6.450000 3.417082 
6.460000 3.417039 
6.470000 3.416996 
6.480000 3.416953 
6.490000 3.416910 
6.500000 3.416867 
6.510000 3.416824 
6.520000 3.416781 
6.530000 3.416738 
6.540000 3.416695 
6.550000 3.416652 
6.560000 3.416609 
6.570000 3.416566 
6.580000 3.416523 
6.590000 3.416480 
6.600000 3.416437 
6.610000 3.416394 
6.620000 3.416351 
6.630000 3.416308 
6.640000 3.416265 
6.650000 3.416222 
6.660000 3.416179 
6.670000 3.416136 
6.680000 3.416093 
6.690000 3.416051 
6.700000 3.416008 
6.710000 3.415965 
6.720000 3.415922 
6.730000 3.415879 
6.740000 3.415836 
6.750000 3.415793 
6.760000 3.415750 
6.770000 3.415707 
6.780000 3.415664 
6.790000 3.415621 
6.800000 3.415578 
6.810000 3.415535 
6.820000 3.415492 
6.830000 3.415449 
6.840000 3.415406 
6.850000 3.415363 
6.860000 3.415319 
6.870000 3.415276 
6.880000 3.415233 
6.890000 3.415190 
6.900000 3.415147 
6.910000 3.415104 
6.920000 3.415061 
6.930000 3.415018 
6.940000 3.414975 
6.950000 3.414932 
6.960000 3.414889 
6.970000 3.414846 
6.980000 3.414803 
6.990000 3.414760 
7.000000 3.414717 
7.010000 3.414674 
7.020000 3.414631 
7.030000 3.414588 
7.040000 3.414545 
7.050000 3.414502 
7.060000 3.414459 
7.070000 3.414416 
7.080000 3.414373 
7.090000 3.414329 
7.100000 3.414286 
7.110000 3.414243 
7.120000 3.414200 
7.130000 3.414157 
7.140000 3.414114 
7.150000 3.414071 
7.160000 3.414028 
7.170000 3.413985 
7.180000 3.413942 
7.190000 3.413899 
7.200000 3.413856 
7.210000 3.413812 
7.220000 3.413769 
7.230000 3.413726 
7.240000 3.413683 
7.250000 3.413640 
7.260000 3.413597 
7.270000 3.413554 
7.280000 3.413511 
7.290000 3.413468 
7.300000 3.413424 
7.310000 3.413381 
7.320000 3.413338 
7.330000 3.413295 
7.340000 3.413252 
7.350000 3.413209 
7.360000 3.413166 
7.370000 3.413122 
7.380000 3.413079 
7.390000 3.413036 
7.400000 3.412993 
7.410000 3.412950 
7.420000 3.412907 
7.430000 3.412863 
7.440000 3.412820 
7.450000 3.412777 
7.460000 3.412734 
7.470000 3.412691 
7.480000 3.412648 
7.490000 3.412604 
7.500000 3.412561 
7.510000 3.412518 
7.520000 3.412475 
7.530000 3.412432 
7.540000 3.412388 
7.550000 3.412345 
7.560000 3.412302 
7.570000 3.412259 
7.580000 3.412215 
7.590000 3.412172 
7.600000 3.412129 
7.610000 3.412086 
7.620000 3.412042 
7.630000 3.411999 
7.640000 3.411956 
7.650000 3.411913 
7.660000 3.411869 
7.670000 3.411826 
7.680000 3.411783 
7.690000 3.411740 
7.700000 3.411696 
7.710000 3.411653 
7.720000 3.411610 
7.730000 3.411567 
7.740000 3.411523 
7.750000 3.411480 
7.760000 3.411437 
7.770000 3.411393 
7.780000 3.411350 
7.790000 3.411307 
7.800000 3.411263 
7.810000 3.411220 
7.820000 3.411177 
7.830000 3.411133 
7.840000 3.411090 
7.850000 3.411047 
7.860000 3.411003 
7.870000 3.410960 
7.880000 3.410917 
7.890000 3.410873 
7.900000 3.410830 
7.910000 3.410787 
7.920000 3.410743 
7.930000 3.410700 
7.940000 3.410656 
7.950000 3.410613 
7.960000 3.410570 
7.970000 3.410526 
7.980000 3.410483 
7.990000 3.410439 
8.000000 3.410396 
8.010000 3.410353 
8.020000 3.410309 
8.030000 3.410266 
8.040000 3.410222 
8.050000 3.410179 
8.060000 3.410135 
8.070000 3.410092 
8.080000 3.410048 
8.090000 3.410005 
8.100000 3.409961 
8.110000 3.409918 
8.120000 3.409874 
8.130000 3.409831 
8.140000 3.409787 
8.150000 3.409744 
8.160000 3.409700 
8.170000 3.409657 
8.180000 3.409613 
8.190000 3.409570 
8.200000 3.409526 
8.210000 3.409483 
8.220000 3.409439 
8.230000 3.409396 
8.240000 3.409352 
8.250000 3.409308 
8.260000 3.409265 
8.270000 3.409221 
8.280000 3.409178 
8.290000 3.409134 
8.300000 3.409090 
8.310000 3.409047 
8.320000 3.409003 
8.330000 3.408960 
8.340000 3.408916 
8.350000 3.408872 
8.360000 3.408829 
8.370000 3.408785 
8.380000 3.408741 
8.390000 3.408698 
8.400000 3.408654 
8.410000 3.408610 
8.420000 3.408567 
8.430000 3.408523 
8.440000 3.408479 
8.450000 3.408435 
8.460000 3.408392 
8.470000 3.408348 
8.480000 3.408304 
8.490000 3.408260 
8.500000 3.408217 
8.510000 3.408173 
8.520000 3.408129 
8.530000 3.408085 
8.540000 3.408041 
8.550000 3.407998 
8.560000 3.407954 
8.570000 3.407910 
8.580000 3.407866 
8.590000 3.407822 
8.600000 3.407778 
8.610000 3.407735 
8.620000 3.407691 
8.630000 3.407647 
8.640000 3.407603 
8.650000 3.407559 
8.660000 3.407515 
8.670000 3.407471 
8.680000 3.407427 
8.690000 3.407383 
8.700000 3.407339 
8.710000 3.407295 
8.720000 3.407251 
8.730000 3.407207 
8.740000 3.407163 
8.750000 3.407119 
8.760000 3.407075 
8.770000 3.407031 
8.780000 3.406987 
8.790000 3.406943 
8.800000 3.406899 
8.810000 3.406855 
8.820000 3.406811 
8.830000 3.406767 
8.840000 3.406723 
8.850000 3.406679 
8.860000 3.406635 
8.870000 3.406590 
8.880000 3.406546 
8.890000 3.406502 
8.900000 3.406458 
8.910000 3.406414 
8.920000 3.406370 
8.930000 3.406325 
8.940000 3.406281 
8.950000 3.406237 
8.960000 3.406193 
8.970000 3.406148 
8.980000 3.406104 
8.990000 3.406060 
9.000000 3.406015 
9.010000 3.405971 
9.020000 3.405927 
9.030000 3.405882 
9.040000 3.405838 
9.050000 3.405794 
9.060000 3.405749 
9.070000 3.405705 
9.080000 3.405661 
9.090000 3.405616 
9.100000 3.405572 
9.110000 3.405527 
9.120000 3.405483 
9.130000 3.405438 
9.140000 3.405394 
9.150000 3.405349 
9.160000 3.405305 
9.170000 3.405260 
9.180000 3.405216 
9.190000 3.405171 
9.200000 3.405127 
9.210000 3.405082 
9.220000 3.405037 
9.230000 3.404993 
9.240000 3.404948 
9.250000 3.404903 
9.260000 3.404859 
9.270000 3.404814 
9.280000 3.404769 
9.290000 3.404725 
9.300000 3.404680 
9.310000 3.404635 
9.320000 3.404590 
9.330000 3.404545 
9.340000 3.404501 
9.350000 3.404456 
9.360000 3.404411 
9.370000 3.404366 
9.380000 3.404321 
9.390000 3.404276 
9.400000 3.404231 
9.410000 3.404186 
9.420000 3.404141 
9.430000 3.404096 
9.440000 3.404051 
9.450000 3.404006 
9.460000 3.403961 
9.470000 3.403916 
9.480000 3.403871 
9.490000 3.403826 
9.500000 3.403781 
9.510000 3.403736 
9.520000 3.403691 
9.530000 3.403646 
9.540000 3.403600 
9.550000 3.403555 
9.560000 3.403510 
9.570000 3.403465 
9.580000 3.403419 
9.590000 3.403374 
9.600000 3.403329 
9.610000 3.403283 
9.620000 3.403238 
9.630000 3.403193 
9.640000 3.403147 
9.650000 3.403102 
9.660000 3.403056 
9.670000 3.403011 
9.680000 3.402965 
9.690000 3.402920 
9.700000 3.402874 
9.710000 3.402829 
9.720000 3.402783 
9.730000 3.402737 
9.740000 3.402692 
9.750000 3.402646 
9.760000 3.402600 
9.770000 3.402555 
9.780000 3.402509 
9.790000 3.402463 
9.800000 3.402417 
9.810000 3.402371 
9.820000 3.402326 
9.830000 3.402280 
9.840000 3.402234 
9.850000 3.402188 
9.860000 3.402142 
9.870000 3.402096 
9.880000 3.402050 
9.890000 3.402004 
9.900000 3.401958 
9.910000 3.401912 
9.920000 3.401865 
9.930000 3.401819 
9.940000 3.401773 
9.950000 3.401727 
9.960000 3.401681 
9.970000 3.401634 
9.980000 3.401588 
9.990000 3.401542 
10.000000 3.401495 
10.010000 3.401449 
10.020000 3.401403 
10.030000 3.401356 
10.040000 3.401310 
10.050000 3.401263 
10.060000 3.401216 
10.070000 3.401170 
10.080000 3.401123 
10.090000 3.401077 
10.100000 3.401030 
10.110000 3.400983 
10.120000 3.400936 
10.130000 3.400890 
10.140000 3.400843 
10.150000 3.400796 
10.160000 3.400749 
10.170000 3.400702 
10.180000 3.400655 
10.190000 3.400608 
10.200000 3.400561 
10.210000 3.400514 
10.220000 3.400467 
10.230000 3.400420 
10.240000 3.400373 
10.250000 3.400325 
10.260000 3.400278 
10.270000 3.400231 
10.280000 3.400183 
10.290000 3.400136 
10.300000 3.400089 
10.310000 3.400041 
10.320000 3.399994 
10.330000 3.399946 
10.340000 3.399899 
10.350000 3.399851 
10.360000 3.399803 
10.370000 3.399756 
10.380000 3.399708 
10.390000 3.399660 
10.400000 3.399612 
10.410000 3.399564 
10.420000 3.399516 
10.430000 3.399468 
10.440000 3.399420 
10.450000 3.399372 
10.460000 3.399324 
10.470000 3.399276 
10.480000 3.399228 
10.490000 3.399180 
10.500000 3.399131 
10.510000 3.399083 
10.520000 3.399035 
10.530000 3.398986 
10.540000 3.398938 
10.550000 3.398889 
10.560000 3.398841 
10.570000 3.398792 
10.580000 3.398743 
10.590000 3.398694 
10.600000 3.398646 
10.610000 3.398597 
10.620000 3.398548 
10.630000 3.398499 
10.640000 3.398450 
10.650000 3.398401 
10.660000 3.398352 
10.670000 3.398303 
10.680000 3.398254 
10.690000 3.398204 
10.700000 3.398155 
10.710000 3.398106 
10.720000 3.398056 
10.730000 3.398007 
10.740000 3.397957 
10.750000 3.397908 
10.760000 3.397858 
10.770000 3.397808 
10.780000 3.397758 
10.790000 3.397708 
10.800000 3.397659 
10.810000 3.397609 
10.820000 3.397559 
10.830000 3.397509 
10.840000 3.397458 
10.850000 3.397408 
10.860000 3.397358 
10.870000 3.397308 
10.880000 3.397257 
10.890000 3.397207 
10.900000 3.397156 
10.910000 3.397105 
10.920000 3.397055 
10.930000 3.397004 
10.940000 3.396953 
10.950000 3.396902 
10.960000 3.396851 
10.970000 3.396800 
10.980000 3.396749 
10.990000 3.396698 
11.000000 3.396647 
11.010000 3.396596 
11.020000 3.396544 
11.030000 3.396493 
11.040000 3.396441 
11.050000 3.396390 
11.060000 3.396338 
11.070000 3.396286 
11.080000 3.396234 
11.090000 3.396182 
11.100000 3.396130 
11.110000 3.396078 
11.120000 3.396026 
11.130000 3.395974 
11.140000 3.395922 
11.150000 3.395869 
11.160000 3.395817 
11.170000 3.395764 
11.180000 3.395712 
11.190000 3.395659 
11.200000 3.395606 
11.210000 3.395553 
11.220000 3.395500 
11.230000 3.395447 
11.240000 3.395394 
11.250000 3.395341 
11.260000 3.395287 
11.270000 3.395234 
11.280000 3.395180 
11.290000 3.395127 
11.300000 3.395073 
11.310000 3.395019 
11.320000 3.394965 
11.330000 3.394911 
11.340000 3.394857 
11.350000 3.394803 
11.360000 3.394749 
11.370000 3.394694 
11.380000 3.394640 
11.390000 3.394585 
11.400000 3.394531 
11.410000 3.394476 
11.420000 3.394421 
11.430000 3.394366 
11.440000 3.394311 
11.450000 3.394256 
11.460000 3.394200 
11.470000 3.394145 
11.480000 3.394089 
11.490000 3.394034 
11.500000 3.393978 
11.510000 3.393922 
11.520000 3.393866 
11.530000 3.393810 
11.540000 3.393754 
11.550000 3.393697 
11.560000 3.393641 
11.570000 3.393584 
11.580000 3.393528 
11.590000 3.393471 
11.600000 3.393414 
11.610000 3.393357 
11.620000 3.393300 
11.630000 3.393243 
11.640000 3.393185 
11.650000 3.393128 
11.660000 3.393070 
11.670000 3.393012 
11.680000 3.392954 
11.690000 3.392896 
11.700000 3.392838 
11.710000 3.392780 
11.720000 3.392721 
11.730000 3.392663 
11.740000 3.392604 
11.750000 3.392545 
11.760000 3.392486 
11.770000 3.392427 
11.780000 3.392368 
11.790000 3.392308 
11.800000 3.392249 
11.810000 3.392189 
11.820000 3.392129 
11.830000 3.392069 
11.840000 3.392009 
11.850000 3.391949 
11.860000 3.391889 
11.870000 3.391828 
11.880000 3.391767 
11.890000 3.391706 
11.900000 3.391645 
11.910000 3.391584 
11.920000 3.391523 
11.930000 3.391461 
11.940000 3.391400 
11.950000 3.391338 
11.960000 3.391276 
11.970000 3.391213 
11.980000 3.391151 
11.990000 3.391089 
12.000000 3.391026 
12.010000 3.390963 
12.020000 3.390900 
12.030000 3.390837 
12.040000 3.390774 
12.050000 3.390710 
12.060000 3.390646 
12.070000 3.390582 
12.080000 3.390518 
12.090000 3.390454 
12.100000 3.390390 
12.110000 3.390325 
12.120000 3.390260 
12.130000 3.390195 
12.140000 3.390130 
12.150000 3.390064 
12.160000 3.389999 
12.170000 3.389933 
12.180000 3.389867 
12.190000 3.389801 
12.200000 3.389734 
12.210000 3.389668 
12.220000 3.389601 
12.230000 3.389534 
12.240000 3.389467 
12.250000 3.389399 
12.260000 3.389332 
12.270000 3.389264 
12.280000 3.389196 
12.290000 3.389128 
12.300000 3.389059 
12.310000 3.388990 
12.320000 3.388921 
12.330000 3.388852 
12.340000 3.388783 
12.350000 3.388713 
12.360000 3.388643 
12.370000 3.388573 
12.380000 3.388503 
12.390000 3.388432 
12.400000 3.388362 
12.410000 3.388291 
12.420000 3.388219 
12.430000 3.388148 
12.440000 3.388076 
12.450000 3.388004 
12.460000 3.387932 
12.470000 3.387859 
12.480000 3.387786 
12.490000 3.387713 
12.500000 3.387640 
12.510000 3.387567 
12.520000 3.387493 
12.530000 3.387419 
12.540000 3.387344 
12.550000 3.387270 
12.560000 3.387195 
12.570000 3.387120 
12.580000 3.387044 
12.590000 3.386968 
12.600000 3.386892 
12.610000 3.386816 
12.620000 3.386739 
12.630000 3.386663 
12.640000 3.386585 
12.650000 3.386508 
12.660000 3.386430 
12.670000 3.386352 
12.680000 3.386274 
12.690000 3.386195 
12.700000 3.386116 
12.710000 3.386037 
12.720000 3.385957 
12.730000 3.385877 
12.740000 3.385797 
12.750000 3.385716 
12.760000 3.385636 
12.770000 3.385554 
12.780000 3.385473 
12.790000 3.385391 
12.800000 3.385309 
12.810000 3.385226 
12.820000 3.385143 
12.830000 3.385060 
12.840000 3.384976 
12.850000 3.384893 
12.860000 3.384808 
12.870000 3.384724 
12.880000 3.384639 
12.890000 3.384553 
12.900000 3.384468 
12.910000 3.384381 
12.920000 3.384295 
12.930000 3.384208 
12.940000 3.384121 
12.950000 3.384033 
12.960000 3.383945 
12.970000 3.383857 
12.980000 3.383768 
12.990000 3.383679 
13.000000 3.383589 
13.010000 3.383499 
13.020000 3.383409 
13.030000 3.383318 
13.040000 3.383227 
13.050000 3.383136 
13.060000 3.383044 
13.070000 3.382951 
13.080000 3.382858 
13.090000 3.382765 
13.100000 3.382671 
13.110000 3.382577 
13.120000 3.382482 
13.130000 3.382387 
13.140000 3.382292 
13.150000 3.382196 
13.160000 3.382100 
13.170000 3.382003 
13.180000 3.381905 
13.190000 3.381808 
13.200000 3.381709 
13.210000 3.381611 
13.220000 3.381511 
13.230000 3.381412 
13.240000 3.381312 
13.250000 3.381211 
13.260000 3.381110 
13.270000 3.381008 
13.280000 3.380906 
13.290000 3.380803 
13.300000 3.380700 
13.310000 3.380596 
13.320000 3.380492 
13.330000 3.380387 
13.340000 3.380282 
13.350000 3.380176 
13.360000 3.380070 
13.370000 3.379963 
13.380000 3.379855 
13.390000 3.379747 
13.400000 3.379639 
13.410000 3.379530 
13.420000 3.379420 
13.430000 3.379310 
13.440000 3.379199 
13.450000 3.379087 
13.460000 3.378975 
13.470000 3.378863 
13.480000 3.378749 
13.490000 3.378635 
13.500000 3.378521 
13.510000 3.378406 
13.520000 3.378290 
13.530000 3.378174 
13.540000 3.378057 
13.550000 3.377940 
13.560000 3.377821 
13.570000 3.377702 
13.580000 3.377583 
13.590000 3.377463 
13.600000 3.377342 
13.610000 3.377221 
13.620000 3.377098 
13.630000 3.376976 
13.640000 3.376852 
13.650000 3.376728 
13.660000 3.376603 
13.670000 3.376477 
13.680000 3.376351 
13.690000 3.376224 
13.700000 3.376096 
13.710000 3.375968 
13.720000 3.375839 
13.730000 3.375709 
13.740000 3.375578 
13.750000 3.375446 
13.760000 3.375314 
13.770000 3.375181 
13.780000 3.375048 
13.790000 3.374913 
13.800000 3.374778 
13.810000 3.374642 
13.820000 3.374505 
13.830000 3.374367 
13.840000 3.374229 
13.850000 3.374089 
13.860000 3.373949 
13.870000 3.373808 
13.880000 3.373666 
13.890000 3.373524 
13.900000 3.373380 
13.910000 3.373236 
13.920000 3.373090 
13.930000 3.372944 
13.940000 3.372797 
13.950000 3.372649 
13.960000 3.372501 
13.970000 3.372351 
13.980000 3.372200 
13.990000 3.372049 
14.000000 3.371896 
14.010000 3.371743 
14.020000 3.371589 
14.030000 3.371433 
14.040000 3.371277 
14.050000 3.371120 
14.060000 3.370962 
14.070000 3.370802 
14.080000 3.370642 
14.090000 3.370481 
14.100000 3.370319 
14.110000 3.370156 
14.120000 3.369991 
14.130000 3.369826 
14.140000 3.369660 
14.150000 3.369493 
14.160000 3.369324 
14.170000 3.369155 
14.180000 3.368984 
14.190000 3.368812 
14.200000 3.368640 
14.210000 3.368466 
14.220000 3.368291 
14.230000 3.368115 
14.240000 3.367937 
14.250000 3.367759 
14.260000 3.367579 
14.270000 3.367399 
14.280000 3.367217 
14.290000 3.367034 
14.300000 3.366849 
14.310000 3.366664 
14.320000 3.366477 
14.330000 3.366289 
14.340000 3.366100 
14.350000 3.365910 
14.360000 3.365718 
14.370000 3.365525 
14.380000 3.365331 
14.390000 3.365135 
14.400000 3.364939 
14.410000 3.364741 
14.420000 3.364541 
14.430000 3.364340 
14.440000 3.364138 
14.450000 3.363935 
14.460000 3.363730 
14.470000 3.363524 
14.480000 3.363316 
14.490000 3.363107 
14.500000 3.362897 
14.510000 3.362685 
14.520000 3.362472 
14.530000 3.362257 
14.540000 3.362041 
14.550000 3.361823 
14.560000 3.361604 
14.570000 3.361383 
14.580000 3.361161 
14.590000 3.360938 
14.600000 3.360712 
14.610000 3.360486 
14.620000 3.360257 
14.630000 3.360027 
14.640000 3.359796 
14.650000 3.359563 
14.660000 3.359328 
14.670000 3.359092 
14.680000 3.358854 
14.690000 3.358614 
14.700000 3.358373 
14.710000 3.358130 
14.720000 3.357885 
14.730000 3.357639 
14.740000 3.357391 
14.750000 3.357141 
14.760000 3.356889 
14.770000 3.356636 
14.780000 3.356381 
14.790000 3.356124 
14.800000 3.355865 
14.810000 3.355604 
14.820000 3.355342 
14.830000 3.355078 
14.840000 3.354811 
14.850000 3.354543 
14.860000 3.354273 
14.870000 3.354001 
14.880000 3.353728 
14.890000 3.353452 
14.900000 3.353174 
14.910000 3.352894 
14.920000 3.352612 
14.930000 3.352329 
14.940000 3.352043 
14.950000 3.351755 
14.960000 3.351465 
14.970000 3.351173 
14.980000 3.350879 
14.990000 3.350582 
15.000000 3.350284 
15.010000 3.349983 
15.020000 3.349681 
15.030000 3.349376 
15.040000 3.349069 
15.050000 3.348759 
15.060000 3.348448 
15.070000 3.348134 
15.080000 3.347817 
15.090000 3.347499 
15.100000 3.347178 
15.110000 3.346855 
15.120000 3.346529 
15.130000 3.346201 
15.140000 3.345871 
15.150000 3.345538 
15.160000 3.345203 
15.170000 3.344866 
15.180000 3.344525 
15.190000 3.344183 
15.200000 3.343838 
15.210000 3.343490 
15.220000 3.343140 
15.230000 3.342787 
15.240000 3.342431 
15.250000 3.342073 
15.260000 3.341712 
15.270000 3.341349 
15.280000 3.340983 
15.290000 3.340614 
15.300000 3.340242 
15.310000 3.339868 
15.320000 3.339491 
15.330000 3.339111 
15.340000 3.338728 
15.350000 3.338343 
15.360000 3.337954 
15.370000 3.337563 
15.380000 3.337168 
15.390000 3.336771 
15.400000 3.336371 
15.410000 3.335968 
15.420000 3.335561 
15.430000 3.335152 
15.440000 3.334740 
15.450000 3.334324 
15.460000 3.333906 
15.470000 3.333484 
15.480000 3.333059 
15.490000 3.332631 
15.500000 3.332199 
15.510000 3.331765 
15.520000 3.331327 
15.530000 3.330886 
15.540000 3.330441 
15.550000 3.329993 
15.560000 3.329542 
15.570000 3.329088 
15.580000 3.328629 
15.590000 3.328168 
15.600000 3.327703 
15.610000 3.327234 
15.620000 3.326762 
15.630000 3.326286 
15.640000 3.325807 
15.650000 3.325324 
15.660000 3.324837 
15.670000 3.324347 
15.680000 3.323853 
15.690000 3.323355 
15.700000 3.322854 
15.710000 3.322348 
15.720000 3.321839 
15.730000 3.321326 
15.740000 3.320809 
15.750000 3.320288 
15.760000 3.319763 
15.770000 3.319234 
15.780000 3.318701 
15.790000 3.318164 
15.800000 3.317623 
15.810000 3.317077 
15.820000 3.316528 
15.830000 3.315974 
15.840000 3.315416 
15.850000 3.314854 
15.860000 3.314287 
15.870000 3.313717 
15.880000 3.313141 
15.890000 3.312562 
15.900000 3.311978 
15.910000 3.311389 
15.920000 3.310796 
15.930000 3.310199 
15.940000 3.309596 
15.950000 3.308990 
15.960000 3.308378 
15.970000 3.307762 
15.980000 3.307141 
15.990000 3.306515 
16.000000 3.305885 
16.010000 3.305250 
16.020000 3.304610 
16.030000 3.303964 
16.040000 3.303314 
16.050000 3.302659 
16.060000 3.301999 
16.070000 3.301334 
16.080000 3.300664 
16.090000 3.299988 
16.100000 3.299308 
16.110000 3.298622 
16.120000 3.297931 
16.130000 3.297234 
16.140000 3.296532 
16.150000 3.295825 
16.160000 3.295112 
16.170000 3.294394 
16.180000 3.293671 
16.190000 3.292941 
16.200000 3.292206 
16.210000 3.291466 
16.220000 3.290719 
16.230000 3.289967 
16.240000 3.289210 
16.250000 3.288446 
16.260000 3.287676 
16.270000 3.286901 
16.280000 3.286120 
16.290000 3.285332 
16.300000 3.284539 
16.310000 3.283739 
16.320000 3.282933 
16.330000 3.282121 
16.340000 3.281303 
16.350000 3.280478 
16.360000 3.279647 
16.370000 3.278810 
16.380000 3.277966 
16.390000 3.277116 
16.400000 3.276259 
16.410000 3.275396 
16.420000 3.274526 
16.430000 3.273649 
16.440000 3.272766 
16.450000 3.271875 
16.460000 3.270978 
16.470000 3.270074 
16.480000 3.269163 
16.490000 3.268245 
16.500000 3.267320 
16.510000 3.266388 
16.520000 3.265448 
16.530000 3.264502 
16.540000 3.263548 
16.550000 3.262587 
16.560000 3.261618 
16.570000 3.260642 
16.580000 3.259659 
16.590000 3.258668 
16.600000 3.257669 
16.610000 3.256663 
16.620000 3.255649 
16.630000 3.254627 
16.640000 3.253597 
16.650000 3.252560 
16.660000 3.251514 
16.670000 3.250461 
16.680000 3.249399 
16.690000 3.248329 
16.700000 3.247251 
16.710000 3.246165 
16.720000 3.245071 
16.730000 3.243968 
16.740000 3.242856 
16.750000 3.241737 
16.760000 3.240608 
16.770000 3.239471 
16.780000 3.238326 
16.790000 3.237171 
16.800000 3.236008 
16.810000 3.234836 
16.820000 3.233655 
16.830000 3.232465 
16.840000 3.231266 
16.850000 3.230057 
16.860000 3.228840 
16.870000 3.227613 
16.880000 3.226377 
16.890000 3.225132 
16.900000 3.223877 
16.910000 3.222613 
16.920000 3.221339 
16.930000 3.220055 
16.940000 3.218761 
16.950000 3.217458 
16.960000 3.216145 
16.970000 3.214822 
16.980000 3.213489 
16.990000 3.212146 
17.000000 3.210792 
17.010000 3.209429 
17.020000 3.208055 
17.030000 3.206671 
17.040000 3.205276 
17.050000 3.203871 
17.060000 3.202455 
17.070000 3.201029 
17.080000 3.199591 
17.090000 3.198143 
17.100000 3.196684 
17.110000 3.195215 
17.120000 3.193734 
17.130000 3.192242 
17.140000 3.190738 
17.150000 3.189224 
17.160000 3.187698 
17.170000 3.186161 
17.180000 3.184612 
17.190000 3.183052 
17.200000 3.181480 
17.210000 3.179896 
17.220000 3.178300 
17.230000 3.176693 
17.240000 3.175073 
17.250000 3.173442 
17.260000 3.171798 
17.270000 3.170142 
17.280000 3.168474 
17.290000 3.166793 
17.300000 3.165100 
17.310000 3.163395 
17.320000 3.161676 
17.330000 3.159945 
17.340000 3.158202 
17.350000 3.156445 
17.360000 3.154675 
17.370000 3.152893 
17.380000 3.151097 
17.390000 3.149288 
17.400000 3.147466 
17.410000 3.145630 
17.420000 3.143781 
17.430000 3.141918 
17.440000 3.140041 
17.450000 3.138151 
17.460000 3.136247 
17.470000 3.134329 
17.480000 3.132397 
17.490000 3.130451 
17.500000 3.128491 
17.510000 3.126516 
17.520000 3.124527 
17.530000 3.122524 
17.540000 3.120506 
17.550000 3.118473 
17.560000 3.116426 
17.570000 3.114363 
17.580000 3.112286 
17.590000 3.110194 
17.600000 3.108087 
17.610000 3.105964 
17.620000 3.103827 
17.630000 3.101674 
17.640000 3.099505 
17.650000 3.097321 
17.660000 3.095121 
17.670000 3.092905 
17.680000 3.090674 
17.690000 3.088426 
17.700000 3.086163 
17.710000 3.083883 
17.720000 3.081587 
17.730000 3.079275 
17.740000 3.076946 
17.750000 3.074601 
17.760000 3.072239 
17.770000 3.069860 
17.780000 3.067465 
17.790000 3.065052 
17.800000 3.062623 
17.810000 3.060176 
17.820000 3.057712 
17.830000 3.055231 
17.840000 3.052732 
17.850000 3.050216 
17.860000 3.047682 
17.870000 3.045131 
17.880000 3.042561 
17.890000 3.039974 
17.900000 3.037369 
17.910000 3.034745 
17.920000 3.032104 
17.930000 3.029444 
17.940000 3.026765 
17.950000 3.024068 
17.960000 3.021352 
17.970000 3.018618 
17.980000 3.015864 
17.990000 3.013092 
18.000000 3.010301 
18.010000 3.007490 
18.020000 3.004660 
18.030000 3.001811 
18.040000 2.998942 
18.050000 2.996054 
18.060000 2.993146 
18.070000 2.990218 
18.080000 2.987271 
18.090000 2.984303 
18.100000 2.981315 
18.110000 2.978307 
18.120000 2.975279 
18.130000 2.972230 
18.140000 2.969161 
18.150000 2.966071 
18.160000 2.962960 
18.170000 2.959829 
18.180000 2.956677 
18.190000 2.953503 
18.200000 2.950308 
18.210000 2.947092 
18.220000 2.943855 
18.230000 2.940596 
18.240000 2.937316 
18.250000 2.934014 
18.260000 2.930690 
18.270000 2.927344 
18.280000 2.923976 
18.290000 2.920586 
18.300000 2.917174 
18.310000 2.913739 
18.320000 2.910282 
18.330000 2.906802 
18.340000 2.903300 
18.350000 2.899775 
18.360000 2.896227 
18.370000 2.892657 
18.380000 2.889063 
18.390000 2.885445 
18.400000 2.881805 
18.410000 2.878141 
18.420000 2.874454 
18.430000 2.870743 
18.440000 2.867008 
18.450000 2.863250 
18.460000 2.859467 
18.470000 2.855661 
18.480000 2.851830 
18.490000 2.847975 
18.500000 2.844096 
18.510000 2.840192 
18.520000 2.836264 
18.530000 2.832311 
18.540000 2.828333 
18.550000 2.824330 
18.560000 2.820303 
18.570000 2.816250 
18.580000 2.812172 
18.590000 2.808069 
18.600000 2.803940 
18.610000 2.799786 
18.620000 2.795606 
18.630000 2.791401 
18.640000 2.787169 
18.650000 2.782912 
18.660000 2.778629 
18.670000 2.774320 
18.680000 2.769984 
18.690000 2.765622 
18.700000 2.761234 
18.710000 2.756819 
18.720000 2.752377 
18.730000 2.747909 
18.740000 2.743414 
18.750000 2.738891 
18.760000 2.734342 
18.770000 2.729766 
18.780000 2.725163 
18.790000 2.720532 
18.800000 2.715873 
18.810000 2.711188 
18.820000 2.706474 
18.830000 2.701733 
18.840000 2.696964 
18.850000 2.692167 
18.860000 2.687342 
18.870000 2.682489 
18.880000 2.677608 
18.890000 2.672698 
18.900000 2.667760 
18.910000 2.662793 
18.920000 2.657798 
18.930000 2.652775 
18.940000 2.647722 
18.950000 2.642641 
18.960000 2.637530 
18.970000 2.632391 
18.980000 2.627222 
18.990000 2.622024 
19.000000 2.616797 
19.010000 2.611541 
19.020000 2.606254 
19.030000 2.600939 
19.040000 2.595593 
19.050000 2.590218 
19.060000 2.584813 
19.070000 2.579378 
19.080000 2.573913 
19.090000 2.568418 
19.100000 2.562893 
19.110000 2.557337 
19.120000 2.551751 
19.130000 2.546135 
19.140000 2.540488 
19.150000 2.534810 
19.160000 2.529102 
19.170000 2.523363 
19.180000 2.517593 
19.190000 2.511792 
19.200000 2.505960 
19.210000 2.500097 
19.220000 2.494203 
19.230000 2.488277 
19.240000 2.482320 
19.250000 2.476332 
19.260000 2.470312 
19.270000 2.464261 
19.280000 2.458178 
19.290000 2.452064 
19.300000 2.445917 
19.310000 2.439739 
19.320000 2.433529 
19.330000 2.427287 
19.340000 2.421012 
19.350000 2.414706 
19.360000 2.408367 
19.370000 2.401996 
19.380000 2.395593 
19.390000 2.389158 
19.400000 2.382690 
19.410000 2.376189 
19.420000 2.369656 
19.430000 2.363090 
19.440000 2.356491 
19.450000 2.349860 
19.460000 2.343195 
19.470000 2.336498 
19.480000 2.329768 
19.490000 2.323005 
19.500000 2.316208 
19.510000 2.309379 
19.520000 2.302516 
19.530000 2.295620 
19.540000 2.288691 
19.550000 2.281728 
19.560000 2.274732 
19.570000 2.267703 
19.580000 2.260639 
19.590000 2.253543 
19.600000 2.246412 
19.610000 2.239248 
19.620000 2.232051 
19.630000 2.224819 
19.640000 2.217554 
19.650000 2.210254 
19.660000 2.202921 
19.670000 2.195554 
19.680000 2.188153 
19.690000 2.180717 
19.700000 2.173248 
19.710000 2.165745 
19.720000 2.158207 
19.730000 2.150635 
19.740000 2.143029 
19.750000 2.135388 
19.760000 2.127713 
19.770000 2.120004 
19.780000 2.112260 
19.790000 2.104482 
19.800000 2.096670 
19.810000 2.088823 
19.820000 2.080941 
19.830000 2.073025 
19.840000 2.065074 
19.850000 2.057088 
19.860000 2.049068 
19.870000 2.041013 
19.880000 2.032923 
19.890000 2.024799 
19.900000 2.016640 
19.910000 2.008446 
19.920000 2.000217 
19.930000 1.991953 
19.940000 1.983654 
19.950000 1.975321 
19.960000 1.966952 
19.970000 1.958549 
19.980000 1.950110 
19.990000 1.941637 
20.000000 1.933129 
20.010000 1.924585 
20.020000 1.916007 
20.030000 1.907393 
20.040000 1.898744 
20.050000 1.890061 
20.060000 1.881342 
20.070000 1.872588 
20.080000 1.863799 
20.090000 1.854974 
20.100000 1.846115 
20.110000 1.837220 
20.120000 1.828291 
20.130000 1.819326 
20.140000 1.810326 
20.150000 1.801290 
20.160000 1.792220 
20.170000 1.783114 
20.180000 1.773973 
20.190000 1.764797 
20.200000 1.755586 
20.210000 1.746339 
20.220000 1.737057 
20.230000 1.727741 
20.240000 1.718388 
20.250000 1.709001 
20.260000 1.699578 
20.270000 1.690120 
20.280000 1.680627 
20.290000 1.671099 
20.300000 1.661536 
20.310000 1.651937 
20.320000 1.642303 
20.330000 1.632634 
20.340000 1.622930 
20.350000 1.613191 
20.360000 1.603417 
20.370000 1.593607 
20.380000 1.583762 
20.390000 1.573882 
20.400000 1.563968 
20.410000 1.554018 
20.420000 1.544032 
20.430000 1.534012 
20.440000 1.523957 
20.450000 1.513867 
20.460000 1.503742 
20.470000 1.493581 
20.480000 1.483386 
20.490000 1.473156 
20.500000 1.462891 
20.510000 1.452591 
20.520000 1.442256 
20.530000 1.431886 
20.540000 1.421481 
20.550000 1.411042 
20.560000 1.400568 
20.570000 1.390059 
20.580000 1.379515 
20.590000 1.368936 
20.600000 1.358323 
20.610000 1.347675 
20.620000 1.336992 
20.630000 1.326275 
20.640000 1.315523 
20.650000 1.304736 
20.660000 1.293915 
20.670000 1.283060 
20.680000 1.272170 
20.690000 1.261245 
20.700000 1.250287 
20.710000 1.239293 
20.720000 1.228266 
20.730000 1.217204 
20.740000 1.206108 
20.750000 1.194977 
20.760000 1.183812 
20.770000 1.172613 
20.780000 1.161380 
20.790000 1.150113 
20.800000 1.138812 
20.810000 1.127477 
20.820000 1.116108 
20.830000 1.104704 
20.840000 1.093267 
20.850000 1.081796 
20.860000 1.070291 
20.870000 1.058753 
20.880000 1.047180 
20.890000 1.035574 
20.900000 1.023934 
20.910000 1.012261 
20.920000 1.000554 
20.930000 0.988814 
20.940000 0.977039 
20.950000 0.965232 
20.960000 0.953391 
20.970000 0.941517 
20.980000 0.929609 
20.990000 0.917668 
21.000000 0.905694 
21.010000 0.893687 
21.020000 0.881647 
21.030000 0.869573 
21.040000 0.857467 
21.050000 0.845327 
21.060000 0.833155 
21.070000 0.820949 
21.080000 0.808711 
21.090000 0.796440 
21.100000 0.784137 
21.110000 0.771800 
21.120000 0.759431 
21.130000 0.747030 
21.140000 0.734596 
21.150000 0.722129 
21.160000 0.709630 
21.170000 0.697099 
21.180000 0.684535 
21.190000 0.671939 
21.200000 0.659311 
21.210000 0.646651 
21.220000 0.633958 
21.230000 0.621234 
21.240000 0.608477 
21.250000 0.595689 
21.260000 0.582869 
21.270000 0.570016 
21.280000 0.557133 
21.290000 0.544217 
21.300000 0.531270 
21.310000 0.518291 
21.320000 0.505281 
21.330000 0.492239 
21.340000 0.479166 
21.350000 0.466061 
21.360000 0.452925 
21.370000 0.439758 
21.380000 0.426560 
21.390000 0.413330 
21.400000 0.400069 
21.410000 0.386778 
21.420000 0.373455 
21.430000 0.360102 
21.440000 0.346718 
21.450000 0.333303 
21.460000 0.319857 
21.470000 0.306381 
21.480000 0.292874 
21.490000 0.279337 
21.500000 0.265769 
21.510000 0.252170 
21.520000 0.238542 
21.530000 0.224883 
21.540000 0.211194 
21.550000 0.197474 
21.560000 0.183725 
21.570000 0.169946 
21.580000 0.156136 
21.590000 0.142297 
21.600000 0.128428 
21.610000 0.114529 
21.620000 0.100601 
21.630000 0.086643 
21.640000 0.072655 
21.650000 0.058638 
21.660000 0.044591 
21.670000 0.030515 
21.680000 0.016409 
21.690000 0.002275 
21.700000 -0.011889 
