    0.000000    -0.020000
    0.001101    -0.019989
    0.002202    -0.019978
    0.003303    -0.019967
    0.004404    -0.019956
    0.005506    -0.019945
    0.006607    -0.019934
    0.007708    -0.019923
    0.008809    -0.019912
    0.009910    -0.019901
    0.011011    -0.019890
    0.012112    -0.019879
    0.013213    -0.019868
    0.014314    -0.019857
    0.015415    -0.019846
    0.016517    -0.019835
    0.017618    -0.019824
    0.018719    -0.019813
    0.019820    -0.019802
    0.020921    -0.019791
    0.022022    -0.019780
    0.023123    -0.019769
    0.024224    -0.019758
    0.025325    -0.019747
    0.026426    -0.019736
    0.027528    -0.019725
    0.028629    -0.019714
    0.029730    -0.019703
    0.030831    -0.019692
    0.031932    -0.019681
    0.033033    -0.019670
    0.034134    -0.019659
    0.035235    -0.019648
    0.036336    -0.019637
    0.037437    -0.019626
    0.038539    -0.019615
    0.039640    -0.019604
    0.040741    -0.019593
    0.041842    -0.019582
    0.042943    -0.019571
    0.044044    -0.019560
    0.045145    -0.019549
    0.046246    -0.019538
    0.047347    -0.019527
    0.048448    -0.019516
    0.049550    -0.019505
    0.050651    -0.019494
    0.051752    -0.019483
    0.052853    -0.019472
    0.053954    -0.019461
    0.055055    -0.019450
    0.056156    -0.019439
    0.057257    -0.019428
    0.058358    -0.019417
    0.059459    -0.019406
    0.060561    -0.019395
    0.061662    -0.019384
    0.062763    -0.019373
    0.063864    -0.019362
    0.064965    -0.019351
    0.066066    -0.019340
    0.067167    -0.019329
    0.068268    -0.019318
    0.069369    -0.019307
    0.070470    -0.019296
    0.071572    -0.019285
    0.072673    -0.019274
    0.073774    -0.019263
    0.074875    -0.019252
    0.075976    -0.019241
    0.077077    -0.019230
    0.078178    -0.019219
    0.079279    -0.019208
    0.080380    -0.019197
    0.081481    -0.019186
    0.082583    -0.019175
    0.083684    -0.019164
    0.084785    -0.019153
    0.085886    -0.019142
    0.086987    -0.019131
    0.088088    -0.019120
    0.089189    -0.019109
    0.090290    -0.019098
    0.091391    -0.019087
    0.092492    -0.019076
    0.093594    -0.019065
    0.094695    -0.019054
    0.095796    -0.019043
    0.096897    -0.019032
    0.097998    -0.019021
    0.099099    -0.019010
    0.100200    -0.018999
    0.101301    -0.018988
    0.102402    -0.018977
    0.103504    -0.018966
    0.104605    -0.018955
    0.105706    -0.018944
    0.106807    -0.018933
    0.107908    -0.018922
    0.109009    -0.018911
    0.110110    -0.018900
    0.111211    -0.018889
    0.112312    -0.018878
    0.113413    -0.018867
    0.114515    -0.018856
    0.115616    -0.018845
    0.116717    -0.018834
    0.117818    -0.018823
    0.118919    -0.018812
    0.120020    -0.018801
    0.121121    -0.018790
    0.122222    -0.018779
    0.123323    -0.018768
    0.124424    -0.018757
    0.125526    -0.018746
    0.126627    -0.018735
    0.127728    -0.018724
    0.128829    -0.018713
    0.129930    -0.018702
    0.131031    -0.018691
    0.132132    -0.018680
    0.133233    -0.018669
    0.134334    -0.018658
    0.135435    -0.018647
    0.136537    -0.018636
    0.137638    -0.018625
    0.138739    -0.018614
    0.139840    -0.018603
    0.140941    -0.018592
    0.142042    -0.018581
    0.143143    -0.018570
    0.144244    -0.018559
    0.145345    -0.018548
    0.146446    -0.018537
    0.147548    -0.018526
    0.148649    -0.018515
    0.149750    -0.018504
    0.150851    -0.018493
    0.151952    -0.018482
    0.153053    -0.018471
    0.154154    -0.018460
    0.155255    -0.018449
    0.156356    -0.018438
    0.157457    -0.018427
    0.158559    -0.018416
    0.159660    -0.018405
    0.160761    -0.018394
    0.161862    -0.018383
    0.162963    -0.018372
    0.164064    -0.018361
    0.165165    -0.018350
    0.166266    -0.018339
    0.167367    -0.018328
    0.168468    -0.018317
    0.169570    -0.018306
    0.170671    -0.018295
    0.171772    -0.018284
    0.172873    -0.018273
    0.173974    -0.018262
    0.175075    -0.018251
    0.176176    -0.018240
    0.177277    -0.018229
    0.178378    -0.018218
    0.179479    -0.018207
    0.180581    -0.018196
    0.181682    -0.018185
    0.182783    -0.018174
    0.183884    -0.018163
    0.184985    -0.018152
    0.186086    -0.018141
    0.187187    -0.018130
    0.188288    -0.018119
    0.189389    -0.018108
    0.190490    -0.018097
    0.191592    -0.018086
    0.192693    -0.018075
    0.193794    -0.018064
    0.194895    -0.018053
    0.195996    -0.018042
    0.197097    -0.018031
    0.198198    -0.018020
    0.199299    -0.018009
    0.200400    -0.017998
    0.201502    -0.017987
    0.202603    -0.017976
    0.203704    -0.017965
    0.204805    -0.017954
    0.205906    -0.017943
    0.207007    -0.017932
    0.208108    -0.017921
    0.209209    -0.017910
    0.210310    -0.017899
    0.211411    -0.017888
    0.212513    -0.017877
    0.213614    -0.017866
    0.214715    -0.017855
    0.215816    -0.017844
    0.216917    -0.017833
    0.218018    -0.017822
    0.219119    -0.017811
    0.220220    -0.017800
    0.221321    -0.017789
    0.222422    -0.017778
    0.223524    -0.017767
    0.224625    -0.017756
    0.225726    -0.017745
    0.226827    -0.017734
    0.227928    -0.017723
    0.229029    -0.017712
    0.230130    -0.017701
    0.231231    -0.017690
    0.232332    -0.017679
    0.233433    -0.017668
    0.234535    -0.017657
    0.235636    -0.017646
    0.236737    -0.017635
    0.237838    -0.017624
    0.238939    -0.017613
    0.240040    -0.017602
    0.241141    -0.017591
    0.242242    -0.017580
    0.243343    -0.017569
    0.244444    -0.017558
    0.245546    -0.017547
    0.246647    -0.017536
    0.247748    -0.017525
    0.248849    -0.017514
    0.249950    -0.017503
    0.251051    -0.017492
    0.252152    -0.017481
    0.253253    -0.017470
    0.254354    -0.017459
    0.255455    -0.017448
    0.256557    -0.017437
    0.257658    -0.017426
    0.258759    -0.017415
    0.259860    -0.017404
    0.260961    -0.017393
    0.262062    -0.017382
    0.263163    -0.017371
    0.264264    -0.017360
    0.265365    -0.017349
    0.266466    -0.017338
    0.267568    -0.017327
    0.268669    -0.017316
    0.269770    -0.017305
    0.270871    -0.017294
    0.271972    -0.017283
    0.273073    -0.017272
    0.274174    -0.017261
    0.275275    -0.017250
    0.276376    -0.017239
    0.277477    -0.017228
    0.278579    -0.017217
    0.279680    -0.017206
    0.280781    -0.017195
    0.281882    -0.017184
    0.282983    -0.017173
    0.284084    -0.017162
    0.285185    -0.017151
    0.286286    -0.017140
    0.287387    -0.017129
    0.288488    -0.017118
    0.289590    -0.017107
    0.290691    -0.017096
    0.291792    -0.017085
    0.292893    -0.017074
    0.293994    -0.017063
    0.295095    -0.017052
    0.296196    -0.017041
    0.297297    -0.017030
    0.298398    -0.017019
    0.299499    -0.017008
    0.300601    -0.016997
    0.301702    -0.016986
    0.302803    -0.016975
    0.303904    -0.016964
    0.305005    -0.016953
    0.306106    -0.016942
    0.307207    -0.016931
    0.308308    -0.016920
    0.309409    -0.016909
    0.310511    -0.016898
    0.311612    -0.016887
    0.312713    -0.016876
    0.313814    -0.016865
    0.314915    -0.016854
    0.316016    -0.016843
    0.317117    -0.016832
    0.318218    -0.016821
    0.319319    -0.016810
    0.320420    -0.016799
    0.321522    -0.016788
    0.322623    -0.016777
    0.323724    -0.016766
    0.324825    -0.016755
    0.325926    -0.016744
    0.327027    -0.016733
    0.328128    -0.016722
    0.329229    -0.016711
    0.330330    -0.016700
    0.331431    -0.016689
    0.332533    -0.016678
    0.333634    -0.016667
    0.334735    -0.016656
    0.335836    -0.016645
    0.336937    -0.016634
    0.338038    -0.016623
    0.339139    -0.016612
    0.340240    -0.016601
    0.341341    -0.016590
    0.342442    -0.016579
    0.343544    -0.016568
    0.344645    -0.016557
    0.345746    -0.016546
    0.346847    -0.016535
    0.347948    -0.016524
    0.349049    -0.016513
    0.350150    -0.016502
    0.351251    -0.016491
    0.352352    -0.016480
    0.353453    -0.016469
    0.354555    -0.016458
    0.355656    -0.016447
    0.356757    -0.016436
    0.357858    -0.016425
    0.358959    -0.016414
    0.360060    -0.016403
    0.361161    -0.016392
    0.362262    -0.016381
    0.363363    -0.016370
    0.364464    -0.016359
    0.365566    -0.016348
    0.366667    -0.016337
    0.367768    -0.016326
    0.368869    -0.016315
    0.369970    -0.016304
    0.371071    -0.016293
    0.372172    -0.016282
    0.373273    -0.016271
    0.374374    -0.016260
    0.375475    -0.016249
    0.376577    -0.016238
    0.377678    -0.016227
    0.378779    -0.016216
    0.379880    -0.016205
    0.380981    -0.016194
    0.382082    -0.016183
    0.383183    -0.016172
    0.384284    -0.016161
    0.385385    -0.016150
    0.386486    -0.016139
    0.387588    -0.016128
    0.388689    -0.016117
    0.389790    -0.016106
    0.390891    -0.016095
    0.391992    -0.016084
    0.393093    -0.016073
    0.394194    -0.016062
    0.395295    -0.016051
    0.396396    -0.016040
    0.397497    -0.016029
    0.398599    -0.016018
    0.399700    -0.016007
    0.400801    -0.015996
    0.401902    -0.015985
    0.403003    -0.015974
    0.404104    -0.015963
    0.405205    -0.015952
    0.406306    -0.015941
    0.407407    -0.015930
    0.408509    -0.015919
    0.409610    -0.015908
    0.410711    -0.015897
    0.411812    -0.015886
    0.412913    -0.015875
    0.414014    -0.015864
    0.415115    -0.015853
    0.416216    -0.015842
    0.417317    -0.015831
    0.418418    -0.015820
    0.419520    -0.015809
    0.420621    -0.015798
    0.421722    -0.015787
    0.422823    -0.015776
    0.423924    -0.015765
    0.425025    -0.015754
    0.426126    -0.015743
    0.427227    -0.015732
    0.428328    -0.015721
    0.429429    -0.015710
    0.430531    -0.015699
    0.431632    -0.015688
    0.432733    -0.015677
    0.433834    -0.015666
    0.434935    -0.015655
    0.436036    -0.015644
    0.437137    -0.015633
    0.438238    -0.015622
    0.439339    -0.015611
    0.440440    -0.015600
    0.441542    -0.015589
    0.442643    -0.015578
    0.443744    -0.015567
    0.444845    -0.015556
    0.445946    -0.015545
    0.447047    -0.015534
    0.448148    -0.015523
    0.449249    -0.015512
    0.450350    -0.015501
    0.451451    -0.015490
    0.452553    -0.015479
    0.453654    -0.015468
    0.454755    -0.015457
    0.455856    -0.015446
    0.456957    -0.015435
    0.458058    -0.015424
    0.459159    -0.015413
    0.460260    -0.015402
    0.461361    -0.015391
    0.462462    -0.015380
    0.463564    -0.015369
    0.464665    -0.015358
    0.465766    -0.015347
    0.466867    -0.015336
    0.467968    -0.015325
    0.469069    -0.015314
    0.470170    -0.015303
    0.471271    -0.015292
    0.472372    -0.015281
    0.473473    -0.015270
    0.474575    -0.015259
    0.475676    -0.015248
    0.476777    -0.015237
    0.477878    -0.015226
    0.478979    -0.015215
    0.480080    -0.015204
    0.481181    -0.015193
    0.482282    -0.015182
    0.483383    -0.015171
    0.484484    -0.015160
    0.485586    -0.015149
    0.486687    -0.015138
    0.487788    -0.015127
    0.488889    -0.015116
    0.489990    -0.015105
    0.491091    -0.015094
    0.492192    -0.015083
    0.493293    -0.015072
    0.494394    -0.015061
    0.495495    -0.015050
    0.496597    -0.015039
    0.497698    -0.015028
    0.498799    -0.015017
    0.499900    -0.015006
    0.501001    -0.014995
    0.502102    -0.014984
    0.503203    -0.014973
    0.504304    -0.014962
    0.505405    -0.014951
    0.506507    -0.014940
    0.507608    -0.014929
    0.508709    -0.014918
    0.509810    -0.014907
    0.510911    -0.014896
    0.512012    -0.014885
    0.513113    -0.014874
    0.514214    -0.014863
    0.515315    -0.014852
    0.516416    -0.014841
    0.517518    -0.014830
    0.518619    -0.014819
    0.519720    -0.014808
    0.520821    -0.014797
    0.521922    -0.014786
    0.523023    -0.014775
    0.524124    -0.014764
    0.525225    -0.014753
    0.526326    -0.014742
    0.527427    -0.014731
    0.528529    -0.014720
    0.529630    -0.014709
    0.530731    -0.014698
    0.531832    -0.014687
    0.532933    -0.014676
    0.534034    -0.014665
    0.535135    -0.014654
    0.536236    -0.014643
    0.537337    -0.014632
    0.538438    -0.014621
    0.539540    -0.014610
    0.540641    -0.014599
    0.541742    -0.014588
    0.542843    -0.014577
    0.543944    -0.014566
    0.545045    -0.014555
    0.546146    -0.014544
    0.547247    -0.014533
    0.548348    -0.014522
    0.549449    -0.014511
    0.550551    -0.014500
    0.551652    -0.014489
    0.552753    -0.014478
    0.553854    -0.014467
    0.554955    -0.014456
    0.556056    -0.014445
    0.557157    -0.014434
    0.558258    -0.014423
    0.559359    -0.014412
    0.560460    -0.014401
    0.561562    -0.014390
    0.562663    -0.014379
    0.563764    -0.014368
    0.564865    -0.014357
    0.565966    -0.014346
    0.567067    -0.014335
    0.568168    -0.014324
    0.569269    -0.014313
    0.570370    -0.014302
    0.571471    -0.014291
    0.572573    -0.014280
    0.573674    -0.014269
    0.574775    -0.014258
    0.575876    -0.014247
    0.576977    -0.014236
    0.578078    -0.014225
    0.579179    -0.014214
    0.580280    -0.014203
    0.581381    -0.014192
    0.582482    -0.014181
    0.583584    -0.014170
    0.584685    -0.014159
    0.585786    -0.014148
    0.586887    -0.014137
    0.587988    -0.014126
    0.589089    -0.014115
    0.590190    -0.014104
    0.591291    -0.014093
    0.592392    -0.014082
    0.593493    -0.014071
    0.594595    -0.014060
    0.595696    -0.014049
    0.596797    -0.014038
    0.597898    -0.014027
    0.598999    -0.014016
    0.600100    -0.014005
    0.601201    -0.013994
    0.602302    -0.013983
    0.603403    -0.013972
    0.604505    -0.013961
    0.605606    -0.013950
    0.606707    -0.013939
    0.607808    -0.013928
    0.608909    -0.013917
    0.610010    -0.013906
    0.611111    -0.013895
    0.612212    -0.013884
    0.613313    -0.013873
    0.614414    -0.013862
    0.615516    -0.013851
    0.616617    -0.013840
    0.617718    -0.013829
    0.618819    -0.013818
    0.619920    -0.013807
    0.621021    -0.013796
    0.622122    -0.013785
    0.623223    -0.013774
    0.624324    -0.013763
    0.625425    -0.013752
    0.626527    -0.013741
    0.627628    -0.013730
    0.628729    -0.013719
    0.629830    -0.013708
    0.630931    -0.013697
    0.632032    -0.013686
    0.633133    -0.013675
    0.634234    -0.013664
    0.635335    -0.013653
    0.636436    -0.013642
    0.637538    -0.013631
    0.638639    -0.013620
    0.639740    -0.013609
    0.640841    -0.013598
    0.641942    -0.013587
    0.643043    -0.013576
    0.644144    -0.013565
    0.645245    -0.013554
    0.646346    -0.013543
    0.647447    -0.013532
    0.648549    -0.013521
    0.649650    -0.013510
    0.650751    -0.013499
    0.651852    -0.013488
    0.652953    -0.013477
    0.654054    -0.013466
    0.655155    -0.013455
    0.656256    -0.013444
    0.657357    -0.013433
    0.658458    -0.013422
    0.659560    -0.013411
    0.660661    -0.013400
    0.661762    -0.013389
    0.662863    -0.013378
    0.663964    -0.013367
    0.665065    -0.013356
    0.666166    -0.013345
    0.667267    -0.013334
    0.668368    -0.013323
    0.669469    -0.013312
    0.670571    -0.013301
    0.671672    -0.013290
    0.672773    -0.013279
    0.673874    -0.013268
    0.674975    -0.013257
    0.676076    -0.013246
    0.677177    -0.013235
    0.678278    -0.013224
    0.679379    -0.013213
    0.680480    -0.013202
    0.681582    -0.013191
    0.682683    -0.013180
    0.683784    -0.013169
    0.684885    -0.013158
    0.685986    -0.013147
    0.687087    -0.013136
    0.688188    -0.013125
    0.689289    -0.013114
    0.690390    -0.013103
    0.691491    -0.013092
    0.692593    -0.013081
    0.693694    -0.013070
    0.694795    -0.013059
    0.695896    -0.013048
    0.696997    -0.013037
    0.698098    -0.013026
    0.699199    -0.013015
    0.700300    -0.013004
    0.701401    -0.012993
    0.702503    -0.012982
    0.703604    -0.012971
    0.704705    -0.012960
    0.705806    -0.012949
    0.706907    -0.012938
    0.708008    -0.012927
    0.709109    -0.012916
    0.710210    -0.012905
    0.711311    -0.012894
    0.712412    -0.012883
    0.713514    -0.012872
    0.714615    -0.012861
    0.715716    -0.012850
    0.716817    -0.012839
    0.717918    -0.012828
    0.719019    -0.012817
    0.720120    -0.012806
    0.721221    -0.012795
    0.722322    -0.012784
    0.723423    -0.012773
    0.724525    -0.012762
    0.725626    -0.012751
    0.726727    -0.012740
    0.727828    -0.012729
    0.728929    -0.012718
    0.730030    -0.012707
    0.731131    -0.012696
    0.732232    -0.012685
    0.733333    -0.012674
    0.734434    -0.012663
    0.735536    -0.012652
    0.736637    -0.012641
    0.737738    -0.012630
    0.738839    -0.012619
    0.739940    -0.012608
    0.741041    -0.012597
    0.742142    -0.012586
    0.743243    -0.012574
    0.744344    -0.012563
    0.745445    -0.012552
    0.746547    -0.012541
    0.747648    -0.012530
    0.748749    -0.012519
    0.749850    -0.012508
    0.750951    -0.012497
    0.752052    -0.012486
    0.753153    -0.012475
    0.754254    -0.012464
    0.755355    -0.012453
    0.756456    -0.012442
    0.757558    -0.012431
    0.758659    -0.012420
    0.759760    -0.012409
    0.760861    -0.012398
    0.761962    -0.012387
    0.763063    -0.012376
    0.764164    -0.012365
    0.765265    -0.012354
    0.766366    -0.012343
    0.767467    -0.012332
    0.768569    -0.012321
    0.769670    -0.012310
    0.770771    -0.012299
    0.771872    -0.012287
    0.772973    -0.012276
    0.774074    -0.012265
    0.775175    -0.012254
    0.776276    -0.012243
    0.777377    -0.012232
    0.778478    -0.012221
    0.779580    -0.012210
    0.780681    -0.012199
    0.781782    -0.012188
    0.782883    -0.012177
    0.783984    -0.012166
    0.785085    -0.012154
    0.786186    -0.012143
    0.787287    -0.012132
    0.788388    -0.012121
    0.789489    -0.012110
    0.790591    -0.012099
    0.791692    -0.012088
    0.792793    -0.012077
    0.793894    -0.012065
    0.794995    -0.012054
    0.796096    -0.012043
    0.797197    -0.012032
    0.798298    -0.012021
    0.799399    -0.012010
    0.800501    -0.011998
    0.801602    -0.011987
    0.802703    -0.011976
    0.803804    -0.011965
    0.804905    -0.011953
    0.806006    -0.011942
    0.807107    -0.011931
    0.808208    -0.011920
    0.809309    -0.011908
    0.810410    -0.011897
    0.811512    -0.011886
    0.812613    -0.011875
    0.813714    -0.011863
    0.814815    -0.011852
    0.815916    -0.011841
    0.817017    -0.011829
    0.818118    -0.011818
    0.819219    -0.011806
    0.820320    -0.011795
    0.821421    -0.011784
    0.822523    -0.011772
    0.823624    -0.011761
    0.824725    -0.011749
    0.825826    -0.011738
    0.826927    -0.011726
    0.828028    -0.011714
    0.829129    -0.011703
    0.830230    -0.011691
    0.831331    -0.011680
    0.832432    -0.011668
    0.833534    -0.011656
    0.834635    -0.011645
    0.835736    -0.011633
    0.836837    -0.011621
    0.837938    -0.011609
    0.839039    -0.011597
    0.840140    -0.011585
    0.841241    -0.011573
    0.842342    -0.011561
    0.843443    -0.011549
    0.844545    -0.011537
    0.845646    -0.011525
    0.846747    -0.011513
    0.847848    -0.011501
    0.848949    -0.011489
    0.850050    -0.011476
    0.851151    -0.011464
    0.852252    -0.011451
    0.853353    -0.011439
    0.854454    -0.011426
    0.855556    -0.011414
    0.856657    -0.011401
    0.857758    -0.011388
    0.858859    -0.011375
    0.859960    -0.011363
    0.861061    -0.011349
    0.862162    -0.011336
    0.863263    -0.011323
    0.864364    -0.011310
    0.865465    -0.011296
    0.866567    -0.011283
    0.867668    -0.011269
    0.868769    -0.011256
    0.869870    -0.011242
    0.870971    -0.011228
    0.872072    -0.011214
    0.873173    -0.011200
    0.874274    -0.011185
    0.875375    -0.011171
    0.876476    -0.011156
    0.877578    -0.011141
    0.878679    -0.011126
    0.879780    -0.011111
    0.880881    -0.011096
    0.881982    -0.011080
    0.883083    -0.011064
    0.884184    -0.011049
    0.885285    -0.011032
    0.886386    -0.011016
    0.887487    -0.010999
    0.888589    -0.010983
    0.889690    -0.010965
    0.890791    -0.010948
    0.891892    -0.010930
    0.892993    -0.010913
    0.894094    -0.010894
    0.895195    -0.010876
    0.896296    -0.010857
    0.897397    -0.010838
    0.898498    -0.010818
    0.899600    -0.010798
    0.900701    -0.010778
    0.901802    -0.010757
    0.902903    -0.010736
    0.904004    -0.010714
    0.905105    -0.010692
    0.906206    -0.010670
    0.907307    -0.010647
    0.908408    -0.010623
    0.909510    -0.010599
    0.910611    -0.010574
    0.911712    -0.010549
    0.912813    -0.010523
    0.913914    -0.010497
    0.915015    -0.010469
    0.916116    -0.010442
    0.917217    -0.010413
    0.918318    -0.010384
    0.919419    -0.010353
    0.920521    -0.010322
    0.921622    -0.010290
    0.922723    -0.010258
    0.923824    -0.010224
    0.924925    -0.010189
    0.926026    -0.010153
    0.927127    -0.010117
    0.928228    -0.010079
    0.929329    -0.010040
    0.930430    -0.009999
    0.931532    -0.009958
    0.932633    -0.009915
    0.933734    -0.009870
    0.934835    -0.009825
    0.935936    -0.009777
    0.937037    -0.009729
    0.938138    -0.009678
    0.939239    -0.009626
    0.940340    -0.009572
    0.941441    -0.009517
    0.942543    -0.009459
    0.943644    -0.009399
    0.944745    -0.009337
    0.945846    -0.009273
    0.946947    -0.009207
    0.948048    -0.009139
    0.949149    -0.009067
    0.950250    -0.008994
    0.951351    -0.008917
    0.952452    -0.008838
    0.953554    -0.008756
    0.954655    -0.008671
    0.955756    -0.008583
    0.956857    -0.008491
    0.957958    -0.008396
    0.959059    -0.008297
    0.960160    -0.008195
    0.961261    -0.008088
    0.962362    -0.007978
    0.963463    -0.007863
    0.964565    -0.007744
    0.965666    -0.007621
    0.966767    -0.007492
    0.967868    -0.007359
    0.968969    -0.007220
    0.970070    -0.007076
    0.971171    -0.006926
    0.972272    -0.006771
    0.973373    -0.006609
    0.974474    -0.006441
    0.975576    -0.006266
    0.976677    -0.006085
    0.977778    -0.005896
    0.978879    -0.005700
    0.979980    -0.005496
    0.981081    -0.005284
    0.982182    -0.005063
    0.983283    -0.004834
    0.984384    -0.004596
    0.985485    -0.004348
    0.986587    -0.004091
    0.987688    -0.003823
    0.988789    -0.003544
    0.989890    -0.003255
    0.990991    -0.002954
    0.992092    -0.002641
    0.993193    -0.002316
    0.994294    -0.001978
    0.995395    -0.001626
    0.996496    -0.001261
    0.997598    -0.000881
    0.998699    -0.000486
    0.999800    -0.000076
    1.000901     0.000350
    1.002002     0.000793
    1.003103     0.001253
    1.004204     0.001731
    1.005305     0.002227
    1.006406     0.002743
    1.007508     0.003279
    1.008609     0.003835
    1.009710     0.004413
    1.010811     0.005012
    1.011912     0.005635
    1.013013     0.006281
    1.014114     0.006951
    1.015215     0.007647
    1.016316     0.008369
    1.017417     0.009117
    1.018519     0.009893
    1.019620     0.010698
    1.020721     0.011533
    1.021822     0.012398
    1.022923     0.013294
    1.024024     0.014222
    1.025125     0.015184
    1.026226     0.016180
    1.027327     0.017212
    1.028428     0.018279
    1.029530     0.019384
    1.030631     0.020527
    1.031732     0.021709
    1.032833     0.022932
    1.033934     0.024196
    1.035035     0.025502
    1.036136     0.026852
    1.037237     0.028246
    1.038338     0.029686
    1.039439     0.031172
    1.040541     0.032706
    1.041642     0.034288
    1.042743     0.035920
    1.043844     0.037603
    1.044945     0.039337
    1.046046     0.041124
    1.047147     0.042965
    1.048248     0.044860
    1.049349     0.046811
    1.050450     0.048818
    1.051552     0.050882
    1.052653     0.053005
    1.053754     0.055187
    1.054855     0.057428
    1.055956     0.059731
    1.057057     0.062095
    1.058158     0.064521
    1.059259     0.067010
    1.060360     0.069562
    1.061461     0.072179
    1.062563     0.074861
    1.063664     0.077608
    1.064765     0.080421
    1.065866     0.083301
    1.066967     0.086247
    1.068068     0.089261
    1.069169     0.092342
    1.070270     0.095492
    1.071371     0.098710
    1.072472     0.101996
    1.073574     0.105351
    1.074675     0.108776
    1.075776     0.112269
    1.076877     0.115832
    1.077978     0.119464
    1.079079     0.123165
    1.080180     0.126936
    1.081281     0.130776
    1.082382     0.134685
    1.083483     0.138663
    1.084585     0.142710
    1.085686     0.146825
    1.086787     0.151010
    1.087888     0.155262
    1.088989     0.159583
    1.090090     0.163971
    1.091191     0.168426
    1.092292     0.172949
    1.093393     0.177538
    1.094494     0.182193
    1.095596     0.186914
    1.096697     0.191700
    1.097798     0.196551
    1.098899     0.201467
    1.100000     0.206446
