    0.000000    -0.020000
    0.001101    -0.019999
    0.002202    -0.019998
    0.003303    -0.019997
    0.004404    -0.019996
    0.005506    -0.019994
    0.006607    -0.019993
    0.007708    -0.019992
    0.008809    -0.019991
    0.009910    -0.019990
    0.011011    -0.019989
    0.012112    -0.019988
    0.013213    -0.019987
    0.014314    -0.019986
    0.015415    -0.019985
    0.016517    -0.019983
    0.017618    -0.019982
    0.018719    -0.019981
    0.019820    -0.019980
    0.020921    -0.019979
    0.022022    -0.019978
    0.023123    -0.019977
    0.024224    -0.019976
    0.025325    -0.019975
    0.026426    -0.019974
    0.027528    -0.019972
    0.028629    -0.019971
    0.029730    -0.019970
    0.030831    -0.019969
    0.031932    -0.019968
    0.033033    -0.019967
    0.034134    -0.019966
    0.035235    -0.019965
    0.036336    -0.019964
    0.037437    -0.019963
    0.038539    -0.019961
    0.039640    -0.019960
    0.040741    -0.019959
    0.041842    -0.019958
    0.042943    -0.019957
    0.044044    -0.019956
    0.045145    -0.019955
    0.046246    -0.019954
    0.047347    -0.019953
    0.048448    -0.019952
    0.049550    -0.019950
    0.050651    -0.019949
    0.051752    -0.019948
    0.052853    -0.019947
    0.053954    -0.019946
    0.055055    -0.019945
    0.056156    -0.019944
    0.057257    -0.019943
    0.058358    -0.019942
    0.059459    -0.019941
    0.060561    -0.019939
    0.061662    -0.019938
    0.062763    -0.019937
    0.063864    -0.019936
    0.064965    -0.019935
    0.066066    -0.019934
    0.067167    -0.019933
    0.068268    -0.019932
    0.069369    -0.019931
    0.070470    -0.019930
    0.071572    -0.019928
    0.072673    -0.019927
    0.073774    -0.019926
    0.074875    -0.019925
    0.075976    -0.019924
    0.077077    -0.019923
    0.078178    -0.019922
    0.079279    -0.019921
    0.080380    -0.019920
    0.081481    -0.019919
    0.082583    -0.019917
    0.083684    -0.019916
    0.084785    -0.019915
    0.085886    -0.019914
    0.086987    -0.019913
    0.088088    -0.019912
    0.089189    -0.019911
    0.090290    -0.019910
    0.091391    -0.019909
    0.092492    -0.019908
    0.093594    -0.019906
    0.094695    -0.019905
    0.095796    -0.019904
    0.096897    -0.019903
    0.097998    -0.019902
    0.099099    -0.019901
    0.100200    -0.019900
    0.101301    -0.019899
    0.102402    -0.019898
    0.103504    -0.019897
    0.104605    -0.019895
    0.105706    -0.019894
    0.106807    -0.019893
    0.107908    -0.019892
    0.109009    -0.019891
    0.110110    -0.019890
    0.111211    -0.019889
    0.112312    -0.019888
    0.113413    -0.019887
    0.114515    -0.019885
    0.115616    -0.019884
    0.116717    -0.019883
    0.117818    -0.019882
    0.118919    -0.019881
    0.120020    -0.019880
    0.121121    -0.019879
    0.122222    -0.019878
    0.123323    -0.019877
    0.124424    -0.019876
    0.125526    -0.019874
    0.126627    -0.019873
    0.127728    -0.019872
    0.128829    -0.019871
    0.129930    -0.019870
    0.131031    -0.019869
    0.132132    -0.019868
    0.133233    -0.019867
    0.134334    -0.019866
    0.135435    -0.019865
    0.136537    -0.019863
    0.137638    -0.019862
    0.138739    -0.019861
    0.139840    -0.019860
    0.140941    -0.019859
    0.142042    -0.019858
    0.143143    -0.019857
    0.144244    -0.019856
    0.145345    -0.019855
    0.146446    -0.019854
    0.147548    -0.019852
    0.148649    -0.019851
    0.149750    -0.019850
    0.150851    -0.019849
    0.151952    -0.019848
    0.153053    -0.019847
    0.154154    -0.019846
    0.155255    -0.019845
    0.156356    -0.019844
    0.157457    -0.019843
    0.158559    -0.019841
    0.159660    -0.019840
    0.160761    -0.019839
    0.161862    -0.019838
    0.162963    -0.019837
    0.164064    -0.019836
    0.165165    -0.019835
    0.166266    -0.019834
    0.167367    -0.019833
    0.168468    -0.019832
    0.169570    -0.019830
    0.170671    -0.019829
    0.171772    -0.019828
    0.172873    -0.019827
    0.173974    -0.019826
    0.175075    -0.019825
    0.176176    -0.019824
    0.177277    -0.019823
    0.178378    -0.019822
    0.179479    -0.019821
    0.180581    -0.019819
    0.181682    -0.019818
    0.182783    -0.019817
    0.183884    -0.019816
    0.184985    -0.019815
    0.186086    -0.019814
    0.187187    -0.019813
    0.188288    -0.019812
    0.189389    -0.019811
    0.190490    -0.019810
    0.191592    -0.019808
    0.192693    -0.019807
    0.193794    -0.019806
    0.194895    -0.019805
    0.195996    -0.019804
    0.197097    -0.019803
    0.198198    -0.019802
    0.199299    -0.019801
    0.200400    -0.019800
    0.201502    -0.019799
    0.202603    -0.019797
    0.203704    -0.019796
    0.204805    -0.019795
    0.205906    -0.019794
    0.207007    -0.019793
    0.208108    -0.019792
    0.209209    -0.019791
    0.210310    -0.019790
    0.211411    -0.019789
    0.212513    -0.019788
    0.213614    -0.019786
    0.214715    -0.019785
    0.215816    -0.019784
    0.216917    -0.019783
    0.218018    -0.019782
    0.219119    -0.019781
    0.220220    -0.019780
    0.221321    -0.019779
    0.222422    -0.019778
    0.223524    -0.019776
    0.224625    -0.019775
    0.225726    -0.019774
    0.226827    -0.019773
    0.227928    -0.019772
    0.229029    -0.019771
    0.230130    -0.019770
    0.231231    -0.019769
    0.232332    -0.019768
    0.233433    -0.019767
    0.234535    -0.019765
    0.235636    -0.019764
    0.236737    -0.019763
    0.237838    -0.019762
    0.238939    -0.019761
    0.240040    -0.019760
    0.241141    -0.019759
    0.242242    -0.019758
    0.243343    -0.019757
    0.244444    -0.019756
    0.245546    -0.019754
    0.246647    -0.019753
    0.247748    -0.019752
    0.248849    -0.019751
    0.249950    -0.019750
    0.251051    -0.019749
    0.252152    -0.019748
    0.253253    -0.019747
    0.254354    -0.019746
    0.255455    -0.019745
    0.256557    -0.019743
    0.257658    -0.019742
    0.258759    -0.019741
    0.259860    -0.019740
    0.260961    -0.019739
    0.262062    -0.019738
    0.263163    -0.019737
    0.264264    -0.019736
    0.265365    -0.019735
    0.266466    -0.019734
    0.267568    -0.019732
    0.268669    -0.019731
    0.269770    -0.019730
    0.270871    -0.019729
    0.271972    -0.019728
    0.273073    -0.019727
    0.274174    -0.019726
    0.275275    -0.019725
    0.276376    -0.019724
    0.277477    -0.019723
    0.278579    -0.019721
    0.279680    -0.019720
    0.280781    -0.019719
    0.281882    -0.019718
    0.282983    -0.019717
    0.284084    -0.019716
    0.285185    -0.019715
    0.286286    -0.019714
    0.287387    -0.019713
    0.288488    -0.019712
    0.289590    -0.019710
    0.290691    -0.019709
    0.291792    -0.019708
    0.292893    -0.019707
    0.293994    -0.019706
    0.295095    -0.019705
    0.296196    -0.019704
    0.297297    -0.019703
    0.298398    -0.019702
    0.299499    -0.019701
    0.300601    -0.019699
    0.301702    -0.019698
    0.302803    -0.019697
    0.303904    -0.019696
    0.305005    -0.019695
    0.306106    -0.019694
    0.307207    -0.019693
    0.308308    -0.019692
    0.309409    -0.019691
    0.310511    -0.019690
    0.311612    -0.019688
    0.312713    -0.019687
    0.313814    -0.019686
    0.314915    -0.019685
    0.316016    -0.019684
    0.317117    -0.019683
    0.318218    -0.019682
    0.319319    -0.019681
    0.320420    -0.019680
    0.321522    -0.019679
    0.322623    -0.019677
    0.323724    -0.019676
    0.324825    -0.019675
    0.325926    -0.019674
    0.327027    -0.019673
    0.328128    -0.019672
    0.329229    -0.019671
    0.330330    -0.019670
    0.331431    -0.019669
    0.332533    -0.019668
    0.333634    -0.019666
    0.334735    -0.019665
    0.335836    -0.019664
    0.336937    -0.019663
    0.338038    -0.019662
    0.339139    -0.019661
    0.340240    -0.019660
    0.341341    -0.019659
    0.342442    -0.019658
    0.343544    -0.019656
    0.344645    -0.019655
    0.345746    -0.019654
    0.346847    -0.019653
    0.347948    -0.019652
    0.349049    -0.019651
    0.350150    -0.019650
    0.351251    -0.019649
    0.352352    -0.019648
    0.353453    -0.019647
    0.354555    -0.019645
    0.355656    -0.019644
    0.356757    -0.019643
    0.357858    -0.019642
    0.358959    -0.019641
    0.360060    -0.019640
    0.361161    -0.019639
    0.362262    -0.019638
    0.363363    -0.019637
    0.364464    -0.019636
    0.365566    -0.019634
    0.366667    -0.019633
    0.367768    -0.019632
    0.368869    -0.019631
    0.369970    -0.019630
    0.371071    -0.019629
    0.372172    -0.019628
    0.373273    -0.019627
    0.374374    -0.019626
    0.375475    -0.019625
    0.376577    -0.019623
    0.377678    -0.019622
    0.378779    -0.019621
    0.379880    -0.019620
    0.380981    -0.019619
    0.382082    -0.019618
    0.383183    -0.019617
    0.384284    -0.019616
    0.385385    -0.019615
    0.386486    -0.019614
    0.387588    -0.019612
    0.388689    -0.019611
    0.389790    -0.019610
    0.390891    -0.019609
    0.391992    -0.019608
    0.393093    -0.019607
    0.394194    -0.019606
    0.395295    -0.019605
    0.396396    -0.019604
    0.397497    -0.019603
    0.398599    -0.019601
    0.399700    -0.019600
    0.400801    -0.019599
    0.401902    -0.019598
    0.403003    -0.019597
    0.404104    -0.019596
    0.405205    -0.019595
    0.406306    -0.019594
    0.407407    -0.019593
    0.408509    -0.019592
    0.409610    -0.019590
    0.410711    -0.019589
    0.411812    -0.019588
    0.412913    -0.019587
    0.414014    -0.019586
    0.415115    -0.019585
    0.416216    -0.019584
    0.417317    -0.019583
    0.418418    -0.019582
    0.419520    -0.019581
    0.420621    -0.019579
    0.421722    -0.019578
    0.422823    -0.019577
    0.423924    -0.019576
    0.425025    -0.019575
    0.426126    -0.019574
    0.427227    -0.019573
    0.428328    -0.019572
    0.429429    -0.019571
    0.430531    -0.019570
    0.431632    -0.019568
    0.432733    -0.019567
    0.433834    -0.019566
    0.434935    -0.019565
    0.436036    -0.019564
    0.437137    -0.019563
    0.438238    -0.019562
    0.439339    -0.019561
    0.440440    -0.019560
    0.441542    -0.019559
    0.442643    -0.019557
    0.443744    -0.019556
    0.444845    -0.019555
    0.445946    -0.019554
    0.447047    -0.019553
    0.448148    -0.019552
    0.449249    -0.019551
    0.450350    -0.019550
    0.451451    -0.019549
    0.452553    -0.019547
    0.453654    -0.019546
    0.454755    -0.019545
    0.455856    -0.019544
    0.456957    -0.019543
    0.458058    -0.019542
    0.459159    -0.019541
    0.460260    -0.019540
    0.461361    -0.019539
    0.462462    -0.019538
    0.463564    -0.019536
    0.464665    -0.019535
    0.465766    -0.019534
    0.466867    -0.019533
    0.467968    -0.019532
    0.469069    -0.019531
    0.470170    -0.019530
    0.471271    -0.019529
    0.472372    -0.019528
    0.473473    -0.019527
    0.474575    -0.019525
    0.475676    -0.019524
    0.476777    -0.019523
    0.477878    -0.019522
    0.478979    -0.019521
    0.480080    -0.019520
    0.481181    -0.019519
    0.482282    -0.019518
    0.483383    -0.019517
    0.484484    -0.019516
    0.485586    -0.019514
    0.486687    -0.019513
    0.487788    -0.019512
    0.488889    -0.019511
    0.489990    -0.019510
    0.491091    -0.019509
    0.492192    -0.019508
    0.493293    -0.019507
    0.494394    -0.019506
    0.495495    -0.019505
    0.496597    -0.019503
    0.497698    -0.019502
    0.498799    -0.019501
    0.499900    -0.019500
    0.501001    -0.019499
    0.502102    -0.019498
    0.503203    -0.019497
    0.504304    -0.019496
    0.505405    -0.019495
    0.506507    -0.019494
    0.507608    -0.019492
    0.508709    -0.019491
    0.509810    -0.019490
    0.510911    -0.019489
    0.512012    -0.019488
    0.513113    -0.019487
    0.514214    -0.019486
    0.515315    -0.019485
    0.516416    -0.019484
    0.517518    -0.019483
    0.518619    -0.019481
    0.519720    -0.019480
    0.520821    -0.019479
    0.521922    -0.019478
    0.523023    -0.019477
    0.524124    -0.019476
    0.525225    -0.019475
    0.526326    -0.019474
    0.527427    -0.019473
    0.528529    -0.019472
    0.529630    -0.019470
    0.530731    -0.019469
    0.531832    -0.019468
    0.532933    -0.019467
    0.534034    -0.019466
    0.535135    -0.019465
    0.536236    -0.019464
    0.537337    -0.019463
    0.538438    -0.019462
    0.539540    -0.019461
    0.540641    -0.019459
    0.541742    -0.019458
    0.542843    -0.019457
    0.543944    -0.019456
    0.545045    -0.019455
    0.546146    -0.019454
    0.547247    -0.019453
    0.548348    -0.019452
    0.549449    -0.019451
    0.550551    -0.019450
    0.551652    -0.019448
    0.552753    -0.019447
    0.553854    -0.019446
    0.554955    -0.019445
    0.556056    -0.019444
    0.557157    -0.019443
    0.558258    -0.019442
    0.559359    -0.019441
    0.560460    -0.019440
    0.561562    -0.019438
    0.562663    -0.019437
    0.563764    -0.019436
    0.564865    -0.019435
    0.565966    -0.019434
    0.567067    -0.019433
    0.568168    -0.019432
    0.569269    -0.019431
    0.570370    -0.019430
    0.571471    -0.019429
    0.572573    -0.019427
    0.573674    -0.019426
    0.574775    -0.019425
    0.575876    -0.019424
    0.576977    -0.019423
    0.578078    -0.019422
    0.579179    -0.019421
    0.580280    -0.019420
    0.581381    -0.019419
    0.582482    -0.019418
    0.583584    -0.019416
    0.584685    -0.019415
    0.585786    -0.019414
    0.586887    -0.019413
    0.587988    -0.019412
    0.589089    -0.019411
    0.590190    -0.019410
    0.591291    -0.019409
    0.592392    -0.019408
    0.593493    -0.019407
    0.594595    -0.019405
    0.595696    -0.019404
    0.596797    -0.019403
    0.597898    -0.019402
    0.598999    -0.019401
    0.600100    -0.019400
    0.601201    -0.019399
    0.602302    -0.019398
    0.603403    -0.019397
    0.604505    -0.019396
    0.605606    -0.019394
    0.606707    -0.019393
    0.607808    -0.019392
    0.608909    -0.019391
    0.610010    -0.019390
    0.611111    -0.019389
    0.612212    -0.019388
    0.613313    -0.019387
    0.614414    -0.019386
    0.615516    -0.019385
    0.616617    -0.019383
    0.617718    -0.019382
    0.618819    -0.019381
    0.619920    -0.019380
    0.621021    -0.019379
    0.622122    -0.019378
    0.623223    -0.019377
    0.624324    -0.019376
    0.625425    -0.019375
    0.626527    -0.019374
    0.627628    -0.019372
    0.628729    -0.019371
    0.629830    -0.019370
    0.630931    -0.019369
    0.632032    -0.019368
    0.633133    -0.019367
    0.634234    -0.019366
    0.635335    -0.019365
    0.636436    -0.019364
    0.637538    -0.019363
    0.638639    -0.019361
    0.639740    -0.019360
    0.640841    -0.019359
    0.641942    -0.019358
    0.643043    -0.019357
    0.644144    -0.019356
    0.645245    -0.019355
    0.646346    -0.019354
    0.647447    -0.019353
    0.648549    -0.019351
    0.649650    -0.019350
    0.650751    -0.019349
    0.651852    -0.019348
    0.652953    -0.019347
    0.654054    -0.019346
    0.655155    -0.019345
    0.656256    -0.019344
    0.657357    -0.019343
    0.658458    -0.019342
    0.659560    -0.019340
    0.660661    -0.019339
    0.661762    -0.019338
    0.662863    -0.019337
    0.663964    -0.019336
    0.665065    -0.019335
    0.666166    -0.019334
    0.667267    -0.019333
    0.668368    -0.019332
    0.669469    -0.019331
    0.670571    -0.019329
    0.671672    -0.019328
    0.672773    -0.019327
    0.673874    -0.019326
    0.674975    -0.019325
    0.676076    -0.019324
    0.677177    -0.019323
    0.678278    -0.019322
    0.679379    -0.019321
    0.680480    -0.019319
    0.681582    -0.019318
    0.682683    -0.019317
    0.683784    -0.019316
    0.684885    -0.019315
    0.685986    -0.019314
    0.687087    -0.019313
    0.688188    -0.019312
    0.689289    -0.019311
    0.690390    -0.019310
    0.691491    -0.019308
    0.692593    -0.019307
    0.693694    -0.019306
    0.694795    -0.019305
    0.695896    -0.019304
    0.696997    -0.019303
    0.698098    -0.019302
    0.699199    -0.019301
    0.700300    -0.019300
    0.701401    -0.019298
    0.702503    -0.019297
    0.703604    -0.019296
    0.704705    -0.019295
    0.705806    -0.019294
    0.706907    -0.019293
    0.708008    -0.019292
    0.709109    -0.019291
    0.710210    -0.019290
    0.711311    -0.019288
    0.712412    -0.019287
    0.713514    -0.019286
    0.714615    -0.019285
    0.715716    -0.019284
    0.716817    -0.019283
    0.717918    -0.019282
    0.719019    -0.019281
    0.720120    -0.019280
    0.721221    -0.019278
    0.722322    -0.019277
    0.723423    -0.019276
    0.724525    -0.019275
    0.725626    -0.019274
    0.726727    -0.019273
    0.727828    -0.019272
    0.728929    -0.019271
    0.730030    -0.019269
    0.731131    -0.019268
    0.732232    -0.019267
    0.733333    -0.019266
    0.734434    -0.019265
    0.735536    -0.019264
    0.736637    -0.019263
    0.737738    -0.019262
    0.738839    -0.019260
    0.739940    -0.019259
    0.741041    -0.019258
    0.742142    -0.019257
    0.743243    -0.019256
    0.744344    -0.019255
    0.745445    -0.019254
    0.746547    -0.019252
    0.747648    -0.019251
    0.748749    -0.019250
    0.749850    -0.019249
    0.750951    -0.019248
    0.752052    -0.019247
    0.753153    -0.019245
    0.754254    -0.019244
    0.755355    -0.019243
    0.756456    -0.019242
    0.757558    -0.019241
    0.758659    -0.019240
    0.759760    -0.019238
    0.760861    -0.019237
    0.761962    -0.019236
    0.763063    -0.019235
    0.764164    -0.019234
    0.765265    -0.019232
    0.766366    -0.019231
    0.767467    -0.019230
    0.768569    -0.019229
    0.769670    -0.019228
    0.770771    -0.019226
    0.771872    -0.019225
    0.772973    -0.019224
    0.774074    -0.019223
    0.775175    -0.019221
    0.776276    -0.019220
    0.777377    -0.019219
    0.778478    -0.019218
    0.779580    -0.019216
    0.780681    -0.019215
    0.781782    -0.019214
    0.782883    -0.019213
    0.783984    -0.019211
    0.785085    -0.019210
    0.786186    -0.019209
    0.787287    -0.019207
    0.788388    -0.019206
    0.789489    -0.019205
    0.790591    -0.019203
    0.791692    -0.019202
    0.792793    -0.019201
    0.793894    -0.019199
    0.794995    -0.019198
    0.796096    -0.019196
    0.797197    -0.019195
    0.798298    -0.019193
    0.799399    -0.019192
    0.800501    -0.019190
    0.801602    -0.019189
    0.802703    -0.019187
    0.803804    -0.019186
    0.804905    -0.019184
    0.806006    -0.019183
    0.807107    -0.019181
    0.808208    -0.019180
    0.809309    -0.019178
    0.810410    -0.019176
    0.811512    -0.019175
    0.812613    -0.019173
    0.813714    -0.019171
    0.814815    -0.019169
    0.815916    -0.019168
    0.817017    -0.019166
    0.818118    -0.019164
    0.819219    -0.019162
    0.820320    -0.019160
    0.821421    -0.019158
    0.822523    -0.019156
    0.823624    -0.019154
    0.824725    -0.019152
    0.825826    -0.019150
    0.826927    -0.019148
    0.828028    -0.019146
    0.829129    -0.019143
    0.830230    -0.019141
    0.831331    -0.019139
    0.832432    -0.019136
    0.833534    -0.019134
    0.834635    -0.019131
    0.835736    -0.019129
    0.836837    -0.019126
    0.837938    -0.019123
    0.839039    -0.019121
    0.840140    -0.019118
    0.841241    -0.019115
    0.842342    -0.019112
    0.843443    -0.019109
    0.844545    -0.019105
    0.845646    -0.019102
    0.846747    -0.019099
    0.847848    -0.019095
    0.848949    -0.019092
    0.850050    -0.019088
    0.851151    -0.019084
    0.852252    -0.019080
    0.853353    -0.019076
    0.854454    -0.019072
    0.855556    -0.019068
    0.856657    -0.019063
    0.857758    -0.019059
    0.858859    -0.019054
    0.859960    -0.019049
    0.861061    -0.019044
    0.862162    -0.019039
    0.863263    -0.019034
    0.864364    -0.019028
    0.865465    -0.019022
    0.866567    -0.019016
    0.867668    -0.019010
    0.868769    -0.019004
    0.869870    -0.018997
    0.870971    -0.018990
    0.872072    -0.018983
    0.873173    -0.018975
    0.874274    -0.018968
    0.875375    -0.018960
    0.876476    -0.018952
    0.877578    -0.018943
    0.878679    -0.018934
    0.879780    -0.018925
    0.880881    -0.018915
    0.881982    -0.018905
    0.883083    -0.018895
    0.884184    -0.018884
    0.885285    -0.018873
    0.886386    -0.018861
    0.887487    -0.018849
    0.888589    -0.018837
    0.889690    -0.018824
    0.890791    -0.018810
    0.891892    -0.018796
    0.892993    -0.018781
    0.894094    -0.018766
    0.895195    -0.018750
    0.896296    -0.018734
    0.897397    -0.018717
    0.898498    -0.018699
    0.899600    -0.018680
    0.900701    -0.018661
    0.901802    -0.018641
    0.902903    -0.018620
    0.904004    -0.018598
    0.905105    -0.018575
    0.906206    -0.018551
    0.907307    -0.018527
    0.908408    -0.018501
    0.909510    -0.018474
    0.910611    -0.018446
    0.911712    -0.018417
    0.912813    -0.018387
    0.913914    -0.018356
    0.915015    -0.018323
    0.916116    -0.018289
    0.917217    -0.018253
    0.918318    -0.018216
    0.919419    -0.018177
    0.920521    -0.018137
    0.921622    -0.018095
    0.922723    -0.018052
    0.923824    -0.018006
    0.924925    -0.017959
    0.926026    -0.017909
    0.927127    -0.017858
    0.928228    -0.017804
    0.929329    -0.017748
    0.930430    -0.017690
    0.931532    -0.017629
    0.932633    -0.017565
    0.933734    -0.017499
    0.934835    -0.017430
    0.935936    -0.017359
    0.937037    -0.017284
    0.938138    -0.017206
    0.939239    -0.017125
    0.940340    -0.017040
    0.941441    -0.016952
    0.942543    -0.016860
    0.943644    -0.016764
    0.944745    -0.016664
    0.945846    -0.016560
    0.946947    -0.016451
    0.948048    -0.016338
    0.949149    -0.016220
    0.950250    -0.016098
    0.951351    -0.015970
    0.952452    -0.015836
    0.953554    -0.015697
    0.954655    -0.015552
    0.955756    -0.015401
    0.956857    -0.015244
    0.957958    -0.015080
    0.959059    -0.014909
    0.960160    -0.014732
    0.961261    -0.014546
    0.962362    -0.014353
    0.963463    -0.014152
    0.964565    -0.013943
    0.965666    -0.013724
    0.966767    -0.013497
    0.967868    -0.013260
    0.968969    -0.013014
    0.970070    -0.012757
    0.971171    -0.012490
    0.972272    -0.012212
    0.973373    -0.011922
    0.974474    -0.011621
    0.975576    -0.011307
    0.976677    -0.010980
    0.977778    -0.010640
    0.978879    -0.010286
    0.979980    -0.009918
    0.981081    -0.009535
    0.982182    -0.009137
    0.983283    -0.008722
    0.984384    -0.008291
    0.985485    -0.007843
    0.986587    -0.007376
    0.987688    -0.006892
    0.988789    -0.006388
    0.989890    -0.005864
    0.990991    -0.005320
    0.992092    -0.004755
    0.993193    -0.004167
    0.994294    -0.003557
    0.995395    -0.002923
    0.996496    -0.002265
    0.997598    -0.001582
    0.998699    -0.000873
    0.999800    -0.000137
    1.000901     0.000627
    1.002002     0.001419
    1.003103     0.002241
    1.004204     0.003093
    1.005305     0.003977
    1.006406     0.004892
    1.007508     0.005841
    1.008609     0.006825
    1.009710     0.007843
    1.010811     0.008898
    1.011912     0.009989
    1.013013     0.011119
    1.014114     0.012288
    1.015215     0.013498
    1.016316     0.014749
    1.017417     0.016042
    1.018519     0.017378
    1.019620     0.018759
    1.020721     0.020185
    1.021822     0.021658
    1.022923     0.023179
    1.024024     0.024748
    1.025125     0.026366
    1.026226     0.028036
    1.027327     0.029756
    1.028428     0.031530
    1.029530     0.033357
    1.030631     0.035239
    1.031732     0.037176
    1.032833     0.039170
    1.033934     0.041221
    1.035035     0.043330
    1.036136     0.045499
    1.037237     0.047727
    1.038338     0.050016
    1.039439     0.052367
    1.040541     0.054780
    1.041642     0.057256
    1.042743     0.059795
    1.043844     0.062399
    1.044945     0.065068
    1.046046     0.067802
    1.047147     0.070603
    1.048248     0.073469
    1.049349     0.076403
    1.050450     0.079405
    1.051552     0.082474
    1.052653     0.085611
    1.053754     0.088816
    1.054855     0.092091
    1.055956     0.095434
    1.057057     0.098847
    1.058158     0.102328
    1.059259     0.105879
    1.060360     0.109500
    1.061461     0.113190
    1.062563     0.116949
    1.063664     0.120778
    1.064765     0.124676
    1.065866     0.128643
    1.066967     0.132679
    1.068068     0.136784
    1.069169     0.140958
    1.070270     0.145200
    1.071371     0.149511
    1.072472     0.153889
    1.073574     0.158334
    1.074675     0.162847
    1.075776     0.167426
    1.076877     0.172072
    1.077978     0.176784
    1.079079     0.181561
    1.080180     0.186403
    1.081281     0.191309
    1.082382     0.196280
    1.083483     0.201313
    1.084585     0.206410
    1.085686     0.211569
    1.086787     0.216790
    1.087888     0.222072
    1.088989     0.227415
    1.090090     0.232817
    1.091191     0.238279
    1.092292     0.243800
    1.093393     0.249379
    1.094494     0.255015
    1.095596     0.260708
    1.096697     0.266458
    1.097798     0.272263
    1.098899     0.278123
    1.100000     0.284037
