    0.000000    -0.020000
    0.001101    -0.020000
    0.002202    -0.020000
    0.003303    -0.020000
    0.004404    -0.020000
    0.005506    -0.019999
    0.006607    -0.019999
    0.007708    -0.019999
    0.008809    -0.019999
    0.009910    -0.019999
    0.011011    -0.019999
    0.012112    -0.019999
    0.013213    -0.019999
    0.014314    -0.019999
    0.015415    -0.019998
    0.016517    -0.019998
    0.017618    -0.019998
    0.018719    -0.019998
    0.019820    -0.019998
    0.020921    -0.019998
    0.022022    -0.019998
    0.023123    -0.019998
    0.024224    -0.019998
    0.025325    -0.019997
    0.026426    -0.019997
    0.027528    -0.019997
    0.028629    -0.019997
    0.029730    -0.019997
    0.030831    -0.019997
    0.031932    -0.019997
    0.033033    -0.019997
    0.034134    -0.019997
    0.035235    -0.019996
    0.036336    -0.019996
    0.037437    -0.019996
    0.038539    -0.019996
    0.039640    -0.019996
    0.040741    -0.019996
    0.041842    -0.019996
    0.042943    -0.019996
    0.044044    -0.019996
    0.045145    -0.019995
    0.046246    -0.019995
    0.047347    -0.019995
    0.048448    -0.019995
    0.049550    -0.019995
    0.050651    -0.019995
    0.051752    -0.019995
    0.052853    -0.019995
    0.053954    -0.019995
    0.055055    -0.019994
    0.056156    -0.019994
    0.057257    -0.019994
    0.058358    -0.019994
    0.059459    -0.019994
    0.060561    -0.019994
    0.061662    -0.019994
    0.062763    -0.019994
    0.063864    -0.019994
    0.064965    -0.019994
    0.066066    -0.019993
    0.067167    -0.019993
    0.068268    -0.019993
    0.069369    -0.019993
    0.070470    -0.019993
    0.071572    -0.019993
    0.072673    -0.019993
    0.073774    -0.019993
    0.074875    -0.019993
    0.075976    -0.019992
    0.077077    -0.019992
    0.078178    -0.019992
    0.079279    -0.019992
    0.080380    -0.019992
    0.081481    -0.019992
    0.082583    -0.019992
    0.083684    -0.019992
    0.084785    -0.019992
    0.085886    -0.019991
    0.086987    -0.019991
    0.088088    -0.019991
    0.089189    -0.019991
    0.090290    -0.019991
    0.091391    -0.019991
    0.092492    -0.019991
    0.093594    -0.019991
    0.094695    -0.019991
    0.095796    -0.019990
    0.096897    -0.019990
    0.097998    -0.019990
    0.099099    -0.019990
    0.100200    -0.019990
    0.101301    -0.019990
    0.102402    -0.019990
    0.103504    -0.019990
    0.104605    -0.019990
    0.105706    -0.019989
    0.106807    -0.019989
    0.107908    -0.019989
    0.109009    -0.019989
    0.110110    -0.019989
    0.111211    -0.019989
    0.112312    -0.019989
    0.113413    -0.019989
    0.114515    -0.019989
    0.115616    -0.019988
    0.116717    -0.019988
    0.117818    -0.019988
    0.118919    -0.019988
    0.120020    -0.019988
    0.121121    -0.019988
    0.122222    -0.019988
    0.123323    -0.019988
    0.124424    -0.019988
    0.125526    -0.019987
    0.126627    -0.019987
    0.127728    -0.019987
    0.128829    -0.019987
    0.129930    -0.019987
    0.131031    -0.019987
    0.132132    -0.019987
    0.133233    -0.019987
    0.134334    -0.019987
    0.135435    -0.019986
    0.136537    -0.019986
    0.137638    -0.019986
    0.138739    -0.019986
    0.139840    -0.019986
    0.140941    -0.019986
    0.142042    -0.019986
    0.143143    -0.019986
    0.144244    -0.019986
    0.145345    -0.019985
    0.146446    -0.019985
    0.147548    -0.019985
    0.148649    -0.019985
    0.149750    -0.019985
    0.150851    -0.019985
    0.151952    -0.019985
    0.153053    -0.019985
    0.154154    -0.019985
    0.155255    -0.019984
    0.156356    -0.019984
    0.157457    -0.019984
    0.158559    -0.019984
    0.159660    -0.019984
    0.160761    -0.019984
    0.161862    -0.019984
    0.162963    -0.019984
    0.164064    -0.019984
    0.165165    -0.019983
    0.166266    -0.019983
    0.167367    -0.019983
    0.168468    -0.019983
    0.169570    -0.019983
    0.170671    -0.019983
    0.171772    -0.019983
    0.172873    -0.019983
    0.173974    -0.019983
    0.175075    -0.019982
    0.176176    -0.019982
    0.177277    -0.019982
    0.178378    -0.019982
    0.179479    -0.019982
    0.180581    -0.019982
    0.181682    -0.019982
    0.182783    -0.019982
    0.183884    -0.019982
    0.184985    -0.019982
    0.186086    -0.019981
    0.187187    -0.019981
    0.188288    -0.019981
    0.189389    -0.019981
    0.190490    -0.019981
    0.191592    -0.019981
    0.192693    -0.019981
    0.193794    -0.019981
    0.194895    -0.019981
    0.195996    -0.019980
    0.197097    -0.019980
    0.198198    -0.019980
    0.199299    -0.019980
    0.200400    -0.019980
    0.201502    -0.019980
    0.202603    -0.019980
    0.203704    -0.019980
    0.204805    -0.019980
    0.205906    -0.019979
    0.207007    -0.019979
    0.208108    -0.019979
    0.209209    -0.019979
    0.210310    -0.019979
    0.211411    -0.019979
    0.212513    -0.019979
    0.213614    -0.019979
    0.214715    -0.019979
    0.215816    -0.019978
    0.216917    -0.019978
    0.218018    -0.019978
    0.219119    -0.019978
    0.220220    -0.019978
    0.221321    -0.019978
    0.222422    -0.019978
    0.223524    -0.019978
    0.224625    -0.019978
    0.225726    -0.019977
    0.226827    -0.019977
    0.227928    -0.019977
    0.229029    -0.019977
    0.230130    -0.019977
    0.231231    -0.019977
    0.232332    -0.019977
    0.233433    -0.019977
    0.234535    -0.019977
    0.235636    -0.019976
    0.236737    -0.019976
    0.237838    -0.019976
    0.238939    -0.019976
    0.240040    -0.019976
    0.241141    -0.019976
    0.242242    -0.019976
    0.243343    -0.019976
    0.244444    -0.019976
    0.245546    -0.019975
    0.246647    -0.019975
    0.247748    -0.019975
    0.248849    -0.019975
    0.249950    -0.019975
    0.251051    -0.019975
    0.252152    -0.019975
    0.253253    -0.019975
    0.254354    -0.019975
    0.255455    -0.019974
    0.256557    -0.019974
    0.257658    -0.019974
    0.258759    -0.019974
    0.259860    -0.019974
    0.260961    -0.019974
    0.262062    -0.019974
    0.263163    -0.019974
    0.264264    -0.019974
    0.265365    -0.019973
    0.266466    -0.019973
    0.267568    -0.019973
    0.268669    -0.019973
    0.269770    -0.019973
    0.270871    -0.019973
    0.271972    -0.019973
    0.273073    -0.019973
    0.274174    -0.019973
    0.275275    -0.019972
    0.276376    -0.019972
    0.277477    -0.019972
    0.278579    -0.019972
    0.279680    -0.019972
    0.280781    -0.019972
    0.281882    -0.019972
    0.282983    -0.019972
    0.284084    -0.019972
    0.285185    -0.019971
    0.286286    -0.019971
    0.287387    -0.019971
    0.288488    -0.019971
    0.289590    -0.019971
    0.290691    -0.019971
    0.291792    -0.019971
    0.292893    -0.019971
    0.293994    -0.019971
    0.295095    -0.019970
    0.296196    -0.019970
    0.297297    -0.019970
    0.298398    -0.019970
    0.299499    -0.019970
    0.300601    -0.019970
    0.301702    -0.019970
    0.302803    -0.019970
    0.303904    -0.019970
    0.305005    -0.019969
    0.306106    -0.019969
    0.307207    -0.019969
    0.308308    -0.019969
    0.309409    -0.019969
    0.310511    -0.019969
    0.311612    -0.019969
    0.312713    -0.019969
    0.313814    -0.019969
    0.314915    -0.019969
    0.316016    -0.019968
    0.317117    -0.019968
    0.318218    -0.019968
    0.319319    -0.019968
    0.320420    -0.019968
    0.321522    -0.019968
    0.322623    -0.019968
    0.323724    -0.019968
    0.324825    -0.019968
    0.325926    -0.019967
    0.327027    -0.019967
    0.328128    -0.019967
    0.329229    -0.019967
    0.330330    -0.019967
    0.331431    -0.019967
    0.332533    -0.019967
    0.333634    -0.019967
    0.334735    -0.019967
    0.335836    -0.019966
    0.336937    -0.019966
    0.338038    -0.019966
    0.339139    -0.019966
    0.340240    -0.019966
    0.341341    -0.019966
    0.342442    -0.019966
    0.343544    -0.019966
    0.344645    -0.019966
    0.345746    -0.019965
    0.346847    -0.019965
    0.347948    -0.019965
    0.349049    -0.019965
    0.350150    -0.019965
    0.351251    -0.019965
    0.352352    -0.019965
    0.353453    -0.019965
    0.354555    -0.019965
    0.355656    -0.019964
    0.356757    -0.019964
    0.357858    -0.019964
    0.358959    -0.019964
    0.360060    -0.019964
    0.361161    -0.019964
    0.362262    -0.019964
    0.363363    -0.019964
    0.364464    -0.019964
    0.365566    -0.019963
    0.366667    -0.019963
    0.367768    -0.019963
    0.368869    -0.019963
    0.369970    -0.019963
    0.371071    -0.019963
    0.372172    -0.019963
    0.373273    -0.019963
    0.374374    -0.019963
    0.375475    -0.019962
    0.376577    -0.019962
    0.377678    -0.019962
    0.378779    -0.019962
    0.379880    -0.019962
    0.380981    -0.019962
    0.382082    -0.019962
    0.383183    -0.019962
    0.384284    -0.019962
    0.385385    -0.019961
    0.386486    -0.019961
    0.387588    -0.019961
    0.388689    -0.019961
    0.389790    -0.019961
    0.390891    -0.019961
    0.391992    -0.019961
    0.393093    -0.019961
    0.394194    -0.019961
    0.395295    -0.019960
    0.396396    -0.019960
    0.397497    -0.019960
    0.398599    -0.019960
    0.399700    -0.019960
    0.400801    -0.019960
    0.401902    -0.019960
    0.403003    -0.019960
    0.404104    -0.019960
    0.405205    -0.019959
    0.406306    -0.019959
    0.407407    -0.019959
    0.408509    -0.019959
    0.409610    -0.019959
    0.410711    -0.019959
    0.411812    -0.019959
    0.412913    -0.019959
    0.414014    -0.019959
    0.415115    -0.019958
    0.416216    -0.019958
    0.417317    -0.019958
    0.418418    -0.019958
    0.419520    -0.019958
    0.420621    -0.019958
    0.421722    -0.019958
    0.422823    -0.019958
    0.423924    -0.019958
    0.425025    -0.019957
    0.426126    -0.019957
    0.427227    -0.019957
    0.428328    -0.019957
    0.429429    -0.019957
    0.430531    -0.019957
    0.431632    -0.019957
    0.432733    -0.019957
    0.433834    -0.019957
    0.434935    -0.019957
    0.436036    -0.019956
    0.437137    -0.019956
    0.438238    -0.019956
    0.439339    -0.019956
    0.440440    -0.019956
    0.441542    -0.019956
    0.442643    -0.019956
    0.443744    -0.019956
    0.444845    -0.019956
    0.445946    -0.019955
    0.447047    -0.019955
    0.448148    -0.019955
    0.449249    -0.019955
    0.450350    -0.019955
    0.451451    -0.019955
    0.452553    -0.019955
    0.453654    -0.019955
    0.454755    -0.019955
    0.455856    -0.019954
    0.456957    -0.019954
    0.458058    -0.019954
    0.459159    -0.019954
    0.460260    -0.019954
    0.461361    -0.019954
    0.462462    -0.019954
    0.463564    -0.019954
    0.464665    -0.019954
    0.465766    -0.019953
    0.466867    -0.019953
    0.467968    -0.019953
    0.469069    -0.019953
    0.470170    -0.019953
    0.471271    -0.019953
    0.472372    -0.019953
    0.473473    -0.019953
    0.474575    -0.019953
    0.475676    -0.019952
    0.476777    -0.019952
    0.477878    -0.019952
    0.478979    -0.019952
    0.480080    -0.019952
    0.481181    -0.019952
    0.482282    -0.019952
    0.483383    -0.019952
    0.484484    -0.019952
    0.485586    -0.019951
    0.486687    -0.019951
    0.487788    -0.019951
    0.488889    -0.019951
    0.489990    -0.019951
    0.491091    -0.019951
    0.492192    -0.019951
    0.493293    -0.019951
    0.494394    -0.019951
    0.495495    -0.019950
    0.496597    -0.019950
    0.497698    -0.019950
    0.498799    -0.019950
    0.499900    -0.019950
    0.501001    -0.019950
    0.502102    -0.019950
    0.503203    -0.019950
    0.504304    -0.019950
    0.505405    -0.019949
    0.506507    -0.019949
    0.507608    -0.019949
    0.508709    -0.019949
    0.509810    -0.019949
    0.510911    -0.019949
    0.512012    -0.019949
    0.513113    -0.019949
    0.514214    -0.019949
    0.515315    -0.019948
    0.516416    -0.019948
    0.517518    -0.019948
    0.518619    -0.019948
    0.519720    -0.019948
    0.520821    -0.019948
    0.521922    -0.019948
    0.523023    -0.019948
    0.524124    -0.019948
    0.525225    -0.019947
    0.526326    -0.019947
    0.527427    -0.019947
    0.528529    -0.019947
    0.529630    -0.019947
    0.530731    -0.019947
    0.531832    -0.019947
    0.532933    -0.019947
    0.534034    -0.019947
    0.535135    -0.019946
    0.536236    -0.019946
    0.537337    -0.019946
    0.538438    -0.019946
    0.539540    -0.019946
    0.540641    -0.019946
    0.541742    -0.019946
    0.542843    -0.019946
    0.543944    -0.019946
    0.545045    -0.019945
    0.546146    -0.019945
    0.547247    -0.019945
    0.548348    -0.019945
    0.549449    -0.019945
    0.550551    -0.019945
    0.551652    -0.019945
    0.552753    -0.019945
    0.553854    -0.019945
    0.554955    -0.019945
    0.556056    -0.019944
    0.557157    -0.019944
    0.558258    -0.019944
    0.559359    -0.019944
    0.560460    -0.019944
    0.561562    -0.019944
    0.562663    -0.019944
    0.563764    -0.019944
    0.564865    -0.019944
    0.565966    -0.019943
    0.567067    -0.019943
    0.568168    -0.019943
    0.569269    -0.019943
    0.570370    -0.019943
    0.571471    -0.019943
    0.572573    -0.019943
    0.573674    -0.019943
    0.574775    -0.019943
    0.575876    -0.019942
    0.576977    -0.019942
    0.578078    -0.019942
    0.579179    -0.019942
    0.580280    -0.019942
    0.581381    -0.019942
    0.582482    -0.019942
    0.583584    -0.019942
    0.584685    -0.019942
    0.585786    -0.019941
    0.586887    -0.019941
    0.587988    -0.019941
    0.589089    -0.019941
    0.590190    -0.019941
    0.591291    -0.019941
    0.592392    -0.019941
    0.593493    -0.019941
    0.594595    -0.019941
    0.595696    -0.019940
    0.596797    -0.019940
    0.597898    -0.019940
    0.598999    -0.019940
    0.600100    -0.019940
    0.601201    -0.019940
    0.602302    -0.019940
    0.603403    -0.019940
    0.604505    -0.019940
    0.605606    -0.019939
    0.606707    -0.019939
    0.607808    -0.019939
    0.608909    -0.019939
    0.610010    -0.019939
    0.611111    -0.019939
    0.612212    -0.019939
    0.613313    -0.019939
    0.614414    -0.019939
    0.615516    -0.019938
    0.616617    -0.019938
    0.617718    -0.019938
    0.618819    -0.019938
    0.619920    -0.019938
    0.621021    -0.019938
    0.622122    -0.019938
    0.623223    -0.019938
    0.624324    -0.019938
    0.625425    -0.019937
    0.626527    -0.019937
    0.627628    -0.019937
    0.628729    -0.019937
    0.629830    -0.019937
    0.630931    -0.019937
    0.632032    -0.019937
    0.633133    -0.019937
    0.634234    -0.019937
    0.635335    -0.019936
    0.636436    -0.019936
    0.637538    -0.019936
    0.638639    -0.019936
    0.639740    -0.019936
    0.640841    -0.019936
    0.641942    -0.019936
    0.643043    -0.019936
    0.644144    -0.019936
    0.645245    -0.019935
    0.646346    -0.019935
    0.647447    -0.019935
    0.648549    -0.019935
    0.649650    -0.019935
    0.650751    -0.019935
    0.651852    -0.019935
    0.652953    -0.019935
    0.654054    -0.019935
    0.655155    -0.019934
    0.656256    -0.019934
    0.657357    -0.019934
    0.658458    -0.019934
    0.659560    -0.019934
    0.660661    -0.019934
    0.661762    -0.019934
    0.662863    -0.019934
    0.663964    -0.019934
    0.665065    -0.019933
    0.666166    -0.019933
    0.667267    -0.019933
    0.668368    -0.019933
    0.669469    -0.019933
    0.670571    -0.019933
    0.671672    -0.019933
    0.672773    -0.019933
    0.673874    -0.019933
    0.674975    -0.019932
    0.676076    -0.019932
    0.677177    -0.019932
    0.678278    -0.019932
    0.679379    -0.019932
    0.680480    -0.019932
    0.681582    -0.019932
    0.682683    -0.019932
    0.683784    -0.019932
    0.684885    -0.019931
    0.685986    -0.019931
    0.687087    -0.019931
    0.688188    -0.019931
    0.689289    -0.019931
    0.690390    -0.019931
    0.691491    -0.019931
    0.692593    -0.019931
    0.693694    -0.019930
    0.694795    -0.019930
    0.695896    -0.019930
    0.696997    -0.019930
    0.698098    -0.019930
    0.699199    -0.019930
    0.700300    -0.019930
    0.701401    -0.019930
    0.702503    -0.019930
    0.703604    -0.019929
    0.704705    -0.019929
    0.705806    -0.019929
    0.706907    -0.019929
    0.708008    -0.019929
    0.709109    -0.019929
    0.710210    -0.019929
    0.711311    -0.019929
    0.712412    -0.019928
    0.713514    -0.019928
    0.714615    -0.019928
    0.715716    -0.019928
    0.716817    -0.019928
    0.717918    -0.019928
    0.719019    -0.019928
    0.720120    -0.019928
    0.721221    -0.019927
    0.722322    -0.019927
    0.723423    -0.019927
    0.724525    -0.019927
    0.725626    -0.019927
    0.726727    -0.019927
    0.727828    -0.019927
    0.728929    -0.019927
    0.730030    -0.019926
    0.731131    -0.019926
    0.732232    -0.019926
    0.733333    -0.019926
    0.734434    -0.019926
    0.735536    -0.019926
    0.736637    -0.019926
    0.737738    -0.019925
    0.738839    -0.019925
    0.739940    -0.019925
    0.741041    -0.019925
    0.742142    -0.019925
    0.743243    -0.019925
    0.744344    -0.019924
    0.745445    -0.019924
    0.746547    -0.019924
    0.747648    -0.019924
    0.748749    -0.019924
    0.749850    -0.019924
    0.750951    -0.019923
    0.752052    -0.019923
    0.753153    -0.019923
    0.754254    -0.019923
    0.755355    -0.019923
    0.756456    -0.019923
    0.757558    -0.019922
    0.758659    -0.019922
    0.759760    -0.019922
    0.760861    -0.019922
    0.761962    -0.019922
    0.763063    -0.019921
    0.764164    -0.019921
    0.765265    -0.019921
    0.766366    -0.019921
    0.767467    -0.019921
    0.768569    -0.019920
    0.769670    -0.019920
    0.770771    -0.019920
    0.771872    -0.019920
    0.772973    -0.019919
    0.774074    -0.019919
    0.775175    -0.019919
    0.776276    -0.019919
    0.777377    -0.019918
    0.778478    -0.019918
    0.779580    -0.019918
    0.780681    -0.019917
    0.781782    -0.019917
    0.782883    -0.019917
    0.783984    -0.019917
    0.785085    -0.019916
    0.786186    -0.019916
    0.787287    -0.019916
    0.788388    -0.019915
    0.789489    -0.019915
    0.790591    -0.019914
    0.791692    -0.019914
    0.792793    -0.019914
    0.793894    -0.019913
    0.794995    -0.019913
    0.796096    -0.019912
    0.797197    -0.019912
    0.798298    -0.019911
    0.799399    -0.019911
    0.800501    -0.019910
    0.801602    -0.019910
    0.802703    -0.019909
    0.803804    -0.019909
    0.804905    -0.019908
    0.806006    -0.019908
    0.807107    -0.019907
    0.808208    -0.019906
    0.809309    -0.019906
    0.810410    -0.019905
    0.811512    -0.019904
    0.812613    -0.019903
    0.813714    -0.019903
    0.814815    -0.019902
    0.815916    -0.019901
    0.817017    -0.019900
    0.818118    -0.019899
    0.819219    -0.019898
    0.820320    -0.019897
    0.821421    -0.019896
    0.822523    -0.019895
    0.823624    -0.019894
    0.824725    -0.019893
    0.825826    -0.019892
    0.826927    -0.019891
    0.828028    -0.019889
    0.829129    -0.019888
    0.830230    -0.019887
    0.831331    -0.019885
    0.832432    -0.019884
    0.833534    -0.019882
    0.834635    -0.019881
    0.835736    -0.019879
    0.836837    -0.019877
    0.837938    -0.019875
    0.839039    -0.019874
    0.840140    -0.019872
    0.841241    -0.019870
    0.842342    -0.019867
    0.843443    -0.019865
    0.844545    -0.019863
    0.845646    -0.019861
    0.846747    -0.019858
    0.847848    -0.019855
    0.848949    -0.019853
    0.850050    -0.019850
    0.851151    -0.019847
    0.852252    -0.019844
    0.853353    -0.019841
    0.854454    -0.019837
    0.855556    -0.019834
    0.856657    -0.019830
    0.857758    -0.019827
    0.858859    -0.019823
    0.859960    -0.019819
    0.861061    -0.019814
    0.862162    -0.019810
    0.863263    -0.019805
    0.864364    -0.019800
    0.865465    -0.019795
    0.866567    -0.019790
    0.867668    -0.019785
    0.868769    -0.019779
    0.869870    -0.019773
    0.870971    -0.019767
    0.872072    -0.019760
    0.873173    -0.019754
    0.874274    -0.019747
    0.875375    -0.019739
    0.876476    -0.019732
    0.877578    -0.019724
    0.878679    -0.019715
    0.879780    -0.019707
    0.880881    -0.019698
    0.881982    -0.019688
    0.883083    -0.019678
    0.884184    -0.019668
    0.885285    -0.019657
    0.886386    -0.019646
    0.887487    -0.019635
    0.888589    -0.019622
    0.889690    -0.019610
    0.890791    -0.019597
    0.891892    -0.019583
    0.892993    -0.019568
    0.894094    -0.019553
    0.895195    -0.019538
    0.896296    -0.019522
    0.897397    -0.019505
    0.898498    -0.019487
    0.899600    -0.019468
    0.900701    -0.019449
    0.901802    -0.019429
    0.902903    -0.019408
    0.904004    -0.019386
    0.905105    -0.019363
    0.906206    -0.019339
    0.907307    -0.019315
    0.908408    -0.019289
    0.909510    -0.019262
    0.910611    -0.019233
    0.911712    -0.019204
    0.912813    -0.019173
    0.913914    -0.019141
    0.915015    -0.019108
    0.916116    -0.019073
    0.917217    -0.019037
    0.918318    -0.018999
    0.919419    -0.018959
    0.920521    -0.018918
    0.921622    -0.018875
    0.922723    -0.018830
    0.923824    -0.018783
    0.924925    -0.018735
    0.926026    -0.018684
    0.927127    -0.018631
    0.928228    -0.018575
    0.929329    -0.018517
    0.930430    -0.018457
    0.931532    -0.018394
    0.932633    -0.018329
    0.933734    -0.018261
    0.934835    -0.018189
    0.935936    -0.018115
    0.937037    -0.018037
    0.938138    -0.017957
    0.939239    -0.017872
    0.940340    -0.017785
    0.941441    -0.017693
    0.942543    -0.017597
    0.943644    -0.017498
    0.944745    -0.017394
    0.945846    -0.017286
    0.946947    -0.017173
    0.948048    -0.017055
    0.949149    -0.016932
    0.950250    -0.016804
    0.951351    -0.016671
    0.952452    -0.016532
    0.953554    -0.016387
    0.954655    -0.016236
    0.955756    -0.016079
    0.956857    -0.015915
    0.957958    -0.015744
    0.959059    -0.015566
    0.960160    -0.015380
    0.961261    -0.015187
    0.962362    -0.014985
    0.963463    -0.014775
    0.964565    -0.014557
    0.965666    -0.014329
    0.966767    -0.014092
    0.967868    -0.013844
    0.968969    -0.013587
    0.970070    -0.013319
    0.971171    -0.013040
    0.972272    -0.012749
    0.973373    -0.012447
    0.974474    -0.012131
    0.975576    -0.011804
    0.976677    -0.011462
    0.977778    -0.011107
    0.978879    -0.010737
    0.979980    -0.010353
    0.981081    -0.009953
    0.982182    -0.009536
    0.983283    -0.009103
    0.984384    -0.008653
    0.985485    -0.008185
    0.986587    -0.007698
    0.987688    -0.007192
    0.988789    -0.006666
    0.989890    -0.006119
    0.990991    -0.005551
    0.992092    -0.004961
    0.993193    -0.004347
    0.994294    -0.003711
    0.995395    -0.003049
    0.996496    -0.002363
    0.997598    -0.001650
    0.998699    -0.000910
    0.999800    -0.000143
    1.000901     0.000654
    1.002002     0.001480
    1.003103     0.002336
    1.004204     0.003224
    1.005305     0.004144
    1.006406     0.005098
    1.007508     0.006086
    1.008609     0.007110
    1.009710     0.008170
    1.010811     0.009267
    1.011912     0.010403
    1.013013     0.011578
    1.014114     0.012793
    1.015215     0.014050
    1.016316     0.015350
    1.017417     0.016693
    1.018519     0.018080
    1.019620     0.019514
    1.020721     0.020994
    1.021822     0.022521
    1.022923     0.024098
    1.024024     0.025724
    1.025125     0.027401
    1.026226     0.029130
    1.027327     0.030912
    1.028428     0.032748
    1.029530     0.034638
    1.030631     0.036584
    1.031732     0.038587
    1.032833     0.040647
    1.033934     0.042766
    1.035035     0.044943
    1.036136     0.047181
    1.037237     0.049480
    1.038338     0.051841
    1.039439     0.054264
    1.040541     0.056750
    1.041642     0.059299
    1.042743     0.061914
    1.043844     0.064593
    1.044945     0.067338
    1.046046     0.070149
    1.047147     0.073027
    1.048248     0.075971
    1.049349     0.078983
    1.050450     0.082064
    1.051552     0.085212
    1.052653     0.088429
    1.053754     0.091714
    1.054855     0.095069
    1.055956     0.098492
    1.057057     0.101985
    1.058158     0.105548
    1.059259     0.109180
    1.060360     0.112881
    1.061461     0.116652
    1.062563     0.120492
    1.063664     0.124401
    1.064765     0.128380
    1.065866     0.132427
    1.066967     0.136544
    1.068068     0.140729
    1.069169     0.144982
    1.070270     0.149304
    1.071371     0.153693
    1.072472     0.158150
    1.073574     0.162674
    1.074675     0.167264
    1.075776     0.171921
    1.076877     0.176643
    1.077978     0.181431
    1.079079     0.186284
    1.080180     0.191201
    1.081281     0.196182
    1.082382     0.201226
    1.083483     0.206334
    1.084585     0.211503
    1.085686     0.216734
    1.086787     0.222026
    1.087888     0.227379
    1.088989     0.232792
    1.090090     0.238263
    1.091191     0.243794
    1.092292     0.249383
    1.093393     0.255028
    1.094494     0.260731
    1.095596     0.266490
    1.096697     0.272304
    1.097798     0.278173
    1.098899     0.284097
    1.100000     0.290074
