-0.099296	-0.003476
-0.098070	-0.003462
-0.096848	-0.003448
-0.095613	-0.003449
-0.094347	-0.003430
-0.093125	-0.003439
-0.091896	-0.003438
-0.090681	-0.003429
-0.089422	-0.003430
-0.088200	-0.003426
-0.086979	-0.003423
-0.085780	-0.003414
-0.084490	-0.003422
-0.083237	-0.003407
-0.082058	-0.003399
-0.080813	-0.003412
-0.080497	-0.003407
-0.079084	-0.003420
-0.078024	-0.003405
-0.076830	-0.003393
-0.075427	-0.003396
-0.074176	-0.003408
-0.073192	-0.003401
-0.071817	-0.003391
-0.070485	-0.003387
-0.069325	-0.003397
-0.068212	-0.003389
-0.066818	-0.003378
-0.065548	-0.003384
-0.064474	-0.003402
-0.063204	-0.003387
-0.061829	-0.003377
-0.060688	-0.003378
-0.059470	-0.003388
-0.058267	-0.003378
-0.057045	-0.003362
-0.055784	-0.003371
-0.054505	-0.003377
-0.053354	-0.003361
-0.052184	-0.003345
-0.050785	-0.003367
-0.049625	-0.003368
-0.048336	-0.003365
-0.047262	-0.003366
-0.045872	-0.003366
-0.044717	-0.003359
-0.043528	-0.003368
-0.042234	-0.003361
-0.040974	-0.003355
-0.039775	-0.003359
-0.038606	-0.003356
-0.037278	-0.003343
-0.035941	-0.003350
-0.034920	-0.003364
-0.033530	-0.003352
-0.032346	-0.003343
-0.031138	-0.003345
-0.029811	-0.003360
-0.028608	-0.003355
-0.027476	-0.003339
-0.026259	-0.003337
-0.024774	-0.003349
-0.023719	-0.003357
-0.022573	-0.003349
-0.021188	-0.003343
-0.019856	-0.003347
-0.018901	-0.003358
-0.017626	-0.003346
-0.016309	-0.003340
-0.015039	-0.003350
-0.013945	-0.003348
-0.012661	-0.003339
-0.011272	-0.003343
-0.010226	-0.003347
-0.008999	-0.003335
-0.007676	-0.003331
-0.006459	-0.003342
-0.005284	-0.003341
-0.003967	-0.003331
-0.002739	-0.003326
-0.001617	-0.003332
-0.000367	-0.003331
0.000970	-0.003323
0.002068	-0.003320
0.003410	-0.003324
0.004761	-0.003330
0.005788	-0.003329
0.006977	-0.003317
0.008290	-0.003309
0.009607	-0.003316
0.010639	-0.003317
0.011904	-0.003313
0.013246	-0.003306
0.014497	-0.003307
0.015700	-0.003314
0.016951	-0.003311
0.018054	-0.003294
0.019281	-0.003292
0.020689	-0.003286
0.021945	-0.003295
0.022799	-0.003297
0.024122	-0.003278
0.025597	-0.003270
0.026896	-0.003296
0.027880	-0.003311
0.029193	-0.003296
0.030439	-0.003281
0.031742	-0.003284
0.032878	-0.003302
0.034134	-0.003283
0.035356	-0.003267
0.036607	-0.003280
0.037858	-0.003300
0.039028	-0.003278
0.040327	-0.003268
0.041816	-0.003290
0.042671	-0.003296
0.043984	-0.003274
0.045283	-0.003265
0.046667	-0.003279
0.047746	-0.003281
0.048892	-0.003269
0.050286	-0.003271
0.051475	-0.003277
0.052602	-0.003272
0.053862	-0.003263
0.055280	-0.003259
0.056474	-0.003265
0.057591	-0.003270
0.058842	-0.003256
0.059969	-0.003246
0.061311	-0.003246
0.062528	-0.003262
0.063822	-0.003252
0.064887	-0.003237
0.066195	-0.003243
0.067479	-0.003252
0.068620	-0.003242
0.069943	-0.003236
0.071189	-0.003243
0.072359	-0.003241
0.073533	-0.003238
0.074856	-0.003244
0.076069	-0.003240
0.077167	-0.003234
0.078537	-0.003233
0.079912	-0.003238
0.081101	-0.003237
0.082261	-0.003232
0.083603	-0.003229
0.084825	-0.003228
0.086028	-0.003219
0.087298	-0.003216
0.088597	-0.003225
0.089710	-0.003224
0.090898	-0.003212
0.092202	-0.003203
0.093558	-0.003209
0.094646	-0.003219
0.095835	-0.003212
0.097120	-0.003200
0.098328	-0.003200
0.099507	-0.003208
0.100825	-0.003187
0.102009	-0.003174
0.103303	-0.003188
0.104468	-0.003199
0.105728	-0.003178
0.106831	-0.003168
0.108259	-0.003171
0.109476	-0.003184
0.110641	-0.003181
0.111768	-0.003166
0.113205	-0.003154
0.114379	-0.003155
0.115630	-0.003169
0.116772	-0.003161
0.118051	-0.003144
0.119316	-0.003140
0.120524	-0.003148
0.121732	-0.003155
0.122983	-0.003140
0.124191	-0.003136
0.125609	-0.003142
0.126765	-0.003144
0.127820	-0.003136
0.129214	-0.003125
0.130470	-0.003125
0.131625	-0.003127
0.132757	-0.003120
0.134170	-0.003109
0.135440	-0.003114
0.136462	-0.003106
0.137775	-0.003098
0.139054	-0.003093
0.140162	-0.003083
0.141523	-0.003084
0.142788	-0.003086
0.144020	-0.003090
0.145118	-0.003092
0.146369	-0.003082
0.147720	-0.003074
0.148789	-0.003067
0.150164	-0.003069
0.151444	-0.003074
0.152509	-0.003062
0.153860	-0.003049
0.155173	-0.003050
0.156219	-0.003050
0.157517	-0.003043
0.158749	-0.003031
0.160048	-0.003021
0.161165	-0.003022
0.162454	-0.003028
0.163734	-0.003023
0.164765	-0.002999
0.166169	-0.002999
0.167549	-0.003014
0.168628	-0.003009
0.169750	-0.002993
0.171039	-0.002991
0.172356	-0.002993
0.173579	-0.002975
0.174787	-0.002972
0.176038	-0.002976
0.177212	-0.002965
0.178411	-0.002968
0.179681	-0.002964
0.180850	-0.002958
0.182206	-0.002955
0.183319	-0.002947
0.184746	-0.002941
0.185849	-0.002938
0.186928	-0.002931
0.188332	-0.002918
0.189583	-0.002917
0.190710	-0.002917
0.191956	-0.002913
0.193231	-0.002901
0.194453	-0.002896
0.195651	-0.002889
0.197017	-0.002887
0.198258	-0.002892
0.199352	-0.002870
0.200660	-0.002864
0.202049	-0.002870
0.203119	-0.002859
0.204355	-0.002850
0.205654	-0.002850
0.206814	-0.002838
0.208079	-0.002826
0.209326	-0.002826
0.210581	-0.002825
0.211665	-0.002808
0.212964	-0.002789
0.214301	-0.002786
0.215504	-0.002788
0.216650	-0.002788
0.217920	-0.002778
0.219070	-0.002766
0.220297	-0.002754
0.221653	-0.002748
0.222904	-0.002752
0.224041	-0.002751
0.225144	-0.002728
0.226609	-0.002711
0.227894	-0.002717
0.228939	-0.002716
0.230185	-0.002696
0.231508	-0.002687
0.232673	-0.002684
0.233852	-0.002674
0.235113	-0.002671
0.236473	-0.002661
0.237710	-0.002651
0.238961	-0.002641
0.240202	-0.002638
0.241401	-0.002625
0.242704	-0.002616
0.243879	-0.002610
0.245068	-0.002599
0.246357	-0.002591
0.247617	-0.002589
0.248792	-0.002580
0.249957	-0.002568
0.251270	-0.002554
0.252592	-0.002552
0.253604	-0.002550
0.254874	-0.002526
0.256216	-0.002514
0.257443	-0.002516
0.258627	-0.002514
0.259845	-0.002499
0.261163	-0.002487
0.262275	-0.002479
0.263593	-0.002475
0.264729	-0.002462
0.265999	-0.002441
0.267269	-0.002435
0.268616	-0.002435
0.269704	-0.002426
0.270931	-0.002415
0.272134	-0.002403
0.273395	-0.002389
0.274641	-0.002378
0.275983	-0.002371
0.277200	-0.002366
0.278379	-0.002355
0.279549	-0.002340
0.280924	-0.002328
0.282132	-0.002323
0.283245	-0.002314
0.284529	-0.002299
0.285804	-0.002285
0.287079	-0.002278
0.288224	-0.002271
0.289542	-0.002259
0.290717	-0.002250
0.291901	-0.002239
0.293161	-0.002225
0.294465	-0.002214
0.295639	-0.002208
0.296871	-0.002197
0.298050	-0.002182
0.299244	-0.002164
0.300581	-0.002158
0.301827	-0.002157
0.302911	-0.002137
0.304148	-0.002118
0.305585	-0.002110
0.306697	-0.002103
0.307748	-0.002088
0.309209	-0.002070
0.310526	-0.002061
0.311634	-0.002053
0.312875	-0.002037
0.314207	-0.002021
0.315387	-0.002001
0.316523	-0.001984
0.317912	-0.001984
0.319092	-0.001983
0.320276	-0.001961
0.321474	-0.001942
0.322759	-0.001926
0.323976	-0.001922
0.325213	-0.001914
0.326454	-0.001893
0.327614	-0.001863
0.329023	-0.001857
0.330240	-0.001867
0.331434	-0.001848
0.332522	-0.001819
0.333926	-0.001818
0.335039	-0.001818
0.336313	-0.001787
0.337450	-0.001771
0.338763	-0.001760
0.340057	-0.001746
0.341212	-0.001740
0.342477	-0.001726
0.343633	-0.001709
0.344879	-0.001692
0.346101	-0.001679
0.347405	-0.001667
0.348527	-0.001647
0.349816	-0.001632
0.351091	-0.001618
0.352356	-0.001605
0.353492	-0.001592
0.354714	-0.001575
0.356070	-0.001560
0.357240	-0.001539
0.358448	-0.001523
0.359752	-0.001511
0.361031	-0.001499
0.362148	-0.001487
0.363414	-0.001473
0.364760	-0.001453
0.365896	-0.001437
0.367090	-0.001423
0.368441	-0.001413
0.369683	-0.001398
0.370776	-0.001375
0.372141	-0.001361
0.373397	-0.001353
0.374400	-0.001342
0.375608	-0.001314
0.376949	-0.001291
0.378219	-0.001286
0.379461	-0.001282
0.380631	-0.001255
0.381958	-0.001234
0.383151	-0.001226
0.384326	-0.001212
0.385567	-0.001178
0.386847	-0.001162
0.387969	-0.001152
0.389306	-0.001139
0.390519	-0.001119
0.391669	-0.001095
0.392968	-0.001079
0.394443	-0.001071
0.395417	-0.001055
0.396682	-0.001024
0.397991	-0.000999
0.399337	-0.000989
0.400430	-0.000985
0.401739	-0.000962
0.402913	-0.000939
0.404207	-0.000921
0.405382	-0.000916
0.406618	-0.000897
0.407817	-0.000870
0.409163	-0.000852
0.410490	-0.000847
0.411493	-0.000838
0.412706	-0.000806
0.414019	-0.000779
0.415317	-0.000769
0.416363	-0.000761
0.417542	-0.000730
0.419003	-0.000699
0.420240	-0.000692
0.421410	-0.000687
0.422599	-0.000664
0.423835	-0.000633
0.425086	-0.000621
0.426313	-0.000606
0.427602	-0.000593
0.428791	-0.000576
0.429966	-0.000549
0.431264	-0.000533
0.432477	-0.000519
0.433718	-0.000502
0.434974	-0.000480
0.436082	-0.000457
0.437400	-0.000435
0.438703	-0.000418
0.439987	-0.000406
0.441057	-0.000387
0.442322	-0.000358
0.443707	-0.000336
0.444900	-0.000322
0.446046	-0.000304
0.447235	-0.000287
0.448620	-0.000261
0.449742	-0.000242
0.451040	-0.000226
0.452325	-0.000211
0.453447	-0.000192
0.454602	-0.000167
0.455958	-0.000146
0.457242	-0.000134
0.458341	-0.000114
0.459539	-8.766982E-5
0.460780	-5.948215E-5
0.462089	-5.351018E-5
0.463258	-3.994188E-5
0.464471	-5.256716E-6
0.465732	2.594083E-5
0.466963	3.692924E-5
0.468300	4.400005E-5
0.469465	7.118443E-5
0.470754	0.000100
0.472020	0.000110
0.473199	0.000117
0.474369	0.000152
0.475677	0.000179
0.476856	0.000191
0.478246	0.000213
0.479306	0.000232
0.480537	0.000255
0.481836	0.000275
0.483202	0.000282
0.484199	0.000300
0.485503	0.000337
0.486844	0.000354
0.487986	0.000363
0.489146	0.000388
0.490478	0.000422
0.491672	0.000441
0.492908	0.000444
0.494097	0.000466
0.495224	0.000499
0.496565	0.000520
0.497869	0.000531
0.499058	0.000553
0.500223	0.000586
0.501526	0.000606
0.502772	0.000618
0.503947	0.000630
0.505131	0.000664
0.506516	0.000686
0.507690	0.000708
0.508893	0.000725
0.510197	0.000742
0.511295	0.000772
0.512589	0.000798
0.513844	0.000814
0.515114	0.000824
0.516260	0.000852
0.517602	0.000879
0.518877	0.000904
0.520109	0.000919
0.521231	0.000931
0.522453	0.000958
0.523732	0.000982
0.525065	0.000998
0.526210	0.001012
0.527423	0.001044
0.528784	0.001062
0.529892	0.001075
0.531138	0.001102
0.532317	0.001136
0.533549	0.001162
0.534833	0.001176
0.536046	0.001192
0.537216	0.001217
0.538500	0.001242
0.539803	0.001260
0.540897	0.001283
0.542153	0.001314
0.543461	0.001338
0.544716	0.001347
0.545843	0.001361
0.547046	0.001398
0.548407	0.001429
0.549606	0.001449
0.550794	0.001456
0.552141	0.001474
0.553249	0.001502
0.554585	0.001535
0.555874	0.001555
0.557116	0.001574
0.558271	0.001599
0.559551	0.001623
0.560744	0.001641
0.562158	0.001656
0.563222	0.001679
0.564478	0.001711
0.565772	0.001726
0.567013	0.001742
0.568193	0.001770
0.569463	0.001797
0.570675	0.001816
0.571840	0.001830
0.573115	0.001849
0.574318	0.001874
0.575550	0.001900
0.576825	0.001922
0.578090	0.001937
0.579227	0.001962
0.580449	0.001990
0.581752	0.002006
0.583027	0.002026
0.584049	0.002058
0.585371	0.002082
0.586770	0.002097
0.587883	0.002111
0.589086	0.002138
0.590356	0.002159
0.591516	0.002190
0.592824	0.002219
0.594123	0.002236
0.595365	0.002250
0.596549	0.002271
0.597838	0.002296
0.599031	0.002323
0.600258	0.002343
0.601485	0.002352
0.602679	0.002389
0.603978	0.002417
0.605195	0.002426
0.606408	0.002459
0.607611	0.002493
0.608905	0.002516
0.610242	0.002518
0.611297	0.002535
0.612562	0.002564
0.613766	0.002581
0.615040	0.002598
0.616220	0.002622
0.617399	0.002650
0.618650	0.002675
0.619934	0.002692
0.621147	0.002714
0.622412	0.002730
0.623639	0.002760
0.624914	0.002781
0.626098	0.002800
0.627311	0.002819
0.628600	0.002847
0.629822	0.002874
0.630811	0.002892
0.632038	0.002912
0.633284	0.002934
0.634568	0.002956
0.635728	0.002981
0.637037	0.003015
0.638268	0.003027
0.639476	0.003048
0.640727	0.003064
0.641844	0.003094
0.643129	0.003125
0.644418	0.003143
0.645635	0.003159
0.646824	0.003182
0.648099	0.003202
0.649283	0.003229
0.650558	0.003259
0.651713	0.003267
0.652974	0.003292
0.654086	0.003321
0.655481	0.003341
0.656765	0.003355
0.657777	0.003381
0.659042	0.003412
0.660417	0.003434
0.661640	0.003446
0.662747	0.003465
0.663960	0.003498
0.665311	0.003527
0.666653	0.003546
0.667727	0.003557
0.668968	0.003577
0.670215	0.003606
0.671489	0.003623
0.672716	0.003644
0.673967	0.003668
0.675214	0.003694
0.676359	0.003712
0.677696	0.003740
0.678890	0.003755
0.680107	0.003774
0.681382	0.003797
0.682681	0.003823
0.683808	0.003841
0.685082	0.003857
0.686348	0.003878
0.687475	0.003900
0.688692	0.003932
0.690043	0.003953
0.691199	0.003967
0.692383	0.003987
0.693572	0.004017
0.694923	0.004042
0.696212	0.004057
0.697300	0.004073
0.698537	0.004102
0.699826	0.004124
0.701001	0.004147
0.702361	0.004168
0.703503	0.004198
0.704715	0.004221
0.705961	0.004245
0.707179	0.004267
0.708463	0.004293
0.709843	0.004315
0.711042	0.004325
0.712250	0.004347
0.713400	0.004372
0.714804	0.004406
0.715959	0.004419
0.717077	0.004448
0.718495	0.004476
0.719674	0.004487
0.720782	0.004503
0.722075	0.004537
0.723374	0.004559
0.724553	0.004592
0.725680	0.004625
0.727065	0.004653
0.728216	0.004675
0.729567	0.004689
0.730670	0.004711
0.731921	0.004735
0.733138	0.004754
0.734341	0.004769
0.735583	0.004789
0.736891	0.004823
0.738127	0.004842
0.739402	0.004855
0.740539	0.004881
0.741756	0.004907
0.743045	0.004928
0.744325	0.004945
0.745385	0.004983
0.746659	0.005014
0.748097	0.005020
0.749328	0.005028
0.750398	0.005064
0.751740	0.005093
0.752981	0.005111
0.754165	0.005134
0.755340	0.005161
0.756648	0.005188
0.757966	0.005213
0.759064	0.005233
0.760296	0.005258
0.761532	0.005279
0.762826	0.005297
0.764120	0.005318
0.765275	0.005349
0.766459	0.005372
0.767567	0.005402
0.768966	0.005423
0.770145	0.005448
0.771310	0.005486
0.772657	0.005504
0.773850	0.005529
0.775054	0.005564
0.776247	0.005593
0.777522	0.005608
0.778711	0.005634
0.779957	0.005656
0.781141	0.005698
0.782483	0.005730
0.783762	0.005760
0.784975	0.005789
0.786164	0.005812
0.787525	0.005827
0.788565	0.005854
0.789874	0.005878
0.791020	0.005921
0.792399	0.005939
0.793612	0.005954
0.794858	0.005980
0.796119	0.006017
0.797193	0.006042
0.798611	0.006058
0.799595	0.006085
0.800888	0.006133
0.802273	0.006166
0.803524	0.006191
0.804694	0.006218
0.806002	0.006231
0.807081	0.006250
0.808313	0.006274
0.809588	0.006309
0.810810	0.006358
0.811884	0.006399
0.813254	0.006432
0.814739	0.006452
0.815771	0.006471
0.816893	0.006515
0.818306	0.006541
0.819605	0.006580
0.820612	0.006617
0.821734	0.006639
0.823181	0.006663
0.824284	0.006692
0.825711	0.006718
0.826805	0.006761
0.828036	0.006793
0.829015	0.006835
0.830524	0.006842
0.831794	0.006881
0.832997	0.006926
0.834162	0.006948
0.835446	0.006979
0.836564	0.006997
0.837963	0.007036
0.839533	0.007053
0.840579	0.007088
0.841620	0.007116
0.843014	0.007139
0.844122	0.007167
0.845459	0.007197
0.846547	0.007223
0.847865	0.007254
0.849011	0.007305
0.850224	0.007329
0.851575	0.007357
0.852577	0.007381
0.853895	0.007417
0.855060	0.007452
0.856464	0.007478
0.857672	0.007505
0.858784	0.007540
0.860107	0.007578
0.861372	0.007610
0.862661	0.007632
0.863759	0.007656
0.864862	0.007691
0.866314	0.007736
0.867517	0.007785
0.868629	0.007810
0.870186	0.007848
0.871098	0.007883
0.872621	0.007943
0.874005	0.007961
0.875104	0.007979
0.876302	0.008010
0.877586	0.008037
0.878813	0.008061
0.880002	0.008083
0.881010	0.008132
0.882423	0.008176
0.883798	0.008187
0.884595	0.008233
0.886176	0.008250
0.887164	0.008296
0.888238	0.008357
0.889804	0.008385
0.891113	0.008403
0.892292	0.008435
0.893304	0.008497
0.894755	0.008585
0.895930	0.008593
0.896980	0.008614
0.898675	0.008635
0.899372	0.008650
0.900924	0.008712
0.902065	0.008733
0.903030	0.008775
0.904854	0.008800
0.905555	0.008842
0.906926	0.008883
0.908392	0.008907
0.909509	0.008942
0.910779	0.008999
0.911949	0.009042
0.913242	0.009073
0.914312	0.009114
0.915467	0.009164
0.916947	0.009148
0.918237	0.009215
0.919387	0.009290
0.920571	0.009319
0.921841	0.009340
0.923054	0.009404
0.924319	0.009439
0.925480	0.009460
0.926874	0.009535
0.927929	0.009602
0.929247	0.009638
0.929977	0.009721
0.931734	0.009715
0.932909	0.009750
0.934026	0.009772
0.935535	0.009806
0.936518	0.009832
0.937798	0.009860
0.938958	0.009902
0.940276	0.009914
0.941694	0.009958
0.942854	0.010025
0.943661	0.010049
0.945351	0.010072
0.946898	0.010109
0.947423	0.010161
0.948817	0.010222
0.950164	0.010295
0.951400	0.010324
0.952852	0.010374
0.953434	0.010445
0.955158	0.010476
0.956084	0.010529
0.957574	0.010532
0.958734	0.010573
0.959980	0.010636
0.961179	0.010706
0.962219	0.010795
0.963723	0.010834
0.964998	0.010899
0.966077	0.010928
0.967524	0.010971
0.968842	0.010981
0.969711	0.011048
0.971028	0.011097
0.972332	0.011140
0.973893	0.011201
0.974213	0.011287
0.976767	0.011319
0.977574	0.011410
0.977851	0.011434
0.979570	0.011461
0.980964	0.011548
0.982072	0.011598
0.983509	0.011653
0.984478	0.011703
0.985772	0.011766
0.987243	0.011832
0.988718	0.011838
0.989625	0.011933
0.991034	0.011963
0.992624	0.012039
0.993321	0.012102
0.994104	0.012172
0.995994	0.012183
0.996835	0.012257
0.997713	0.012298
0.999418	0.012326
1.001519	0.012436
1.001662	0.012468
1.002951	0.012513
1.004570	0.012584
1.005591	0.012625
1.006737	0.012702
1.008017	0.012763
1.009387	0.012814
1.010700	0.012862
1.011769	0.012932
1.013087	0.013007
1.014400	0.013069
1.017332	0.013443
1.017231	0.013394
1.017537	0.013400
1.019146	0.013424
1.021132	0.013480
1.021085	0.013564
1.022674	0.013615
1.023524	0.013733
1.026021	0.013820
1.026986	0.013829
1.028518	0.013823
1.029908	0.013923
1.031025	0.013897
1.031183	0.013922
1.033040	0.013986
1.034057	0.014020
1.035551	0.014280
1.036826	0.014275
1.037156	0.014394
1.039209	0.014386
1.040120	0.014443
1.040994	0.014518
1.042670	0.014563
1.044279	0.014558
1.045621	0.014542
1.045912	0.014597
1.047736	0.014660
1.048705	0.014758
1.050281	0.014805
1.050792	0.014867
1.052730	0.014960
1.053604	0.015039
1.054807	0.015041
1.056024	0.015143
1.056984	0.015156
1.058989	0.015249
1.059806	0.015312
1.061190	0.015361
1.062141	0.015427
1.063831	0.015447
1.063162	0.015584
1.066576	0.015580
1.067178	0.015582
1.068548	0.015671
1.069909	0.015677
1.071250	0.015719
1.072506	0.015832
1.073361	0.015890
1.074621	0.016003
1.075882	0.016027
1.076689	0.016157
1.078493	0.016174
1.079486	0.016233
1.080733	0.016344
1.082318	0.016424
1.082910	0.016433
1.083936	0.016560
1.085646	0.016549
1.087350	0.016588
1.088563	0.016576
1.089570	0.016640
1.090759	0.016750
1.091351	0.016829
1.093127	0.016882
1.094751	0.017032
1.095725	0.017041
1.096866	0.017073
1.096684	0.017212
1.099177	0.017293
1.100375	0.017354
1.101024	0.017388
1.103474	0.017446
1.104290	0.017512
1.105598	0.017516
1.105918	0.017640
1.108253	0.017736
1.108492	0.017950
1.110191	0.017955
1.111294	0.017975
1.113266	0.017983
1.113209	0.018071
1.114952	0.018134
1.115453	0.018223
1.118404	0.018151
1.119382	0.018267
1.120886	0.018307
1.121517	0.018351
1.122534	0.018408
1.123756	0.018512
1.125083	0.018529
1.125680	0.018622
1.127537	0.018726
1.126463	0.018848
1.131500	0.018898
1.131648	0.018916
1.133042	0.019025
1.133978	0.019090
1.136657	0.019139
1.135993	0.019205
1.138208	0.019322
1.138118	0.019404
1.138667	0.019661
1.140767	0.019612
1.142701	0.019571
1.143995	0.019683
1.145289	0.019708
1.145446	0.019831
1.147547	0.019883
1.149266	0.019939
1.149906	0.020011
1.151577	0.020087
1.152618	0.020093
1.153926	0.020213
1.155554	0.020305
1.156538	0.020287
1.157698	0.020281
1.157750	0.020399
1.159078	0.020431
1.160773	0.020557
1.162090	0.020620
1.162969	0.020723
1.164745	0.020780
1.165466	0.020818
1.168469	0.020873
1.168202	0.020941
1.168713	0.020956
1.170899	0.020980
1.172613	0.021102
1.172742	0.021186
1.174156	0.021119
1.176400	0.021239
1.175970	0.021258
1.177216	0.021371
1.179121	0.021362
1.179532	0.021474
1.182836	0.021523
1.182931	0.021598
1.184793	0.021642
1.184722	0.021697
1.187190	0.021773
1.188131	0.021969
1.188833	0.021926
1.189754	0.021978
1.192361	0.022007
1.192743	0.021985
1.195226	0.022076
1.195173	0.022197
1.196052	0.022275
1.198272	0.022282
