1.198850	0.015421
1.197586	0.014665
1.196266	0.014848
1.195008	0.014739
1.193878	0.014882
1.192676	0.014839
1.191472	0.014806
1.190258	0.014858
1.189075	0.014809
1.187850	0.014926
1.186543	0.014706
1.185269	0.014750
1.183961	0.014687
1.182747	0.014636
1.181599	0.014584
1.180369	0.014537
1.180013	0.014417
1.178988	0.014438
1.177126	0.014414
1.176591	0.014330
1.175602	0.014241
1.173339	0.014190
1.172528	0.014166
1.171434	0.014122
1.170322	0.014113
1.169224	0.014084
1.167715	0.014082
1.167271	0.014047
1.165290	0.013970
1.164344	0.013859
1.163069	0.013811
1.160802	0.013818
1.159875	0.013800
1.159732	0.013734
1.158190	0.013686
1.156944	0.013728
1.155903	0.013618
1.154088	0.013568
1.153210	0.013529
1.152212	0.013494
1.150212	0.013424
1.149858	0.013367
1.148693	0.013380
1.146850	0.013292
1.145523	0.013260
1.144955	0.013200
1.142706	0.013279
1.142735	0.013207
1.141799	0.013113
1.138304	0.013086
1.138237	0.013003
1.136857	0.012944
1.136308	0.012897
1.134207	0.012871
1.133749	0.012790
1.131710	0.012748
1.131706	0.012673
1.129213	0.012672
1.128607	0.012654
1.128053	0.012643
1.125699	0.012556
1.125112	0.012509
1.123422	0.012438
1.122643	0.012408
1.119889	0.012404
1.119550	0.012362
1.118480	0.012288
1.116117	0.012260
1.115744	0.012219
1.114761	0.012240
1.114250	0.012130
1.111629	0.012123
1.111075	0.012043
1.110301	0.011999
1.107986	0.011989
1.105928	0.012041
1.106167	0.011903
1.104815	0.011894
1.103784	0.011858
1.102700	0.011804
1.101535	0.011717
1.100862	0.011690
1.098184	0.011627
1.098489	0.011590
1.096551	0.011530
1.094803	0.011463
1.093318	0.011481
1.093094	0.011402
1.090974	0.011443
1.090014	0.011389
1.089484	0.011297
1.087408	0.011242
1.086524	0.011245
1.085908	0.011166
1.083946	0.011119
1.083311	0.011051
1.082079	0.010967
1.080069	0.010934
1.079224	0.010934
1.077515	0.010901
1.076426	0.010877
1.075046	0.010814
1.074321	0.010757
1.073418	0.010745
1.071246	0.010716
1.069775	0.010752
1.068887	0.010686
1.067598	0.010630
1.066075	0.010610
1.065874	0.010549
1.064041	0.010539
1.063740	0.010454
1.062050	0.010370
1.060742	0.010340
1.059309	0.010292
1.058383	0.010234
1.056679	0.010257
1.055729	0.010198
1.054358	0.010163
1.053055	0.010181
1.051699	0.010085
1.050844	0.010072
1.049665	0.009993
1.048204	0.009928
1.047201	0.009912
1.046199	0.009847
1.044609	0.009800
1.043477	0.009758
1.042264	0.009727
1.039500	0.009741
1.039696	0.009648
1.038827	0.009628
1.037566	0.009582
1.035642	0.009599
1.033866	0.009583
1.033713	0.009523
1.031679	0.009583
1.030562	0.009508
1.030156	0.009444
1.027984	0.009372
1.026824	0.009343
1.026394	0.009314
1.024890	0.009238
1.022479	0.009243
1.021686	0.009208
1.021495	0.009149
1.019161	0.009121
1.018463	0.009076
1.015589	0.009089
1.015943	0.009008
1.015054	0.008982
1.013703	0.008929
1.013173	0.008884
1.010595	0.008870
1.009855	0.008783
1.009239	0.008773
1.007726	0.008776
1.006809	0.008700
1.005272	0.008672
1.002292	0.008640
1.001858	0.008634
1.001304	0.008576
0.999647	0.008590
0.998749	0.008515
0.998048	0.008492
0.996854	0.008438
0.994939	0.008393
0.993860	0.008317
0.992543	0.008338
0.991296	0.008273
0.989711	0.008275
0.987811	0.008207
0.987716	0.008184
0.986646	0.008130
0.984770	0.008125
0.984397	0.008026
0.982659	0.008020
0.980845	0.008012
0.980950	0.007998
0.980243	0.008002
0.977885	0.007948
0.976577	0.007929
0.975015	0.007895
0.974686	0.007804
0.972428	0.007833
0.971711	0.007759
0.970637	0.007741
0.969458	0.007672
0.968699	0.007679
0.966469	0.007622
0.965815	0.007594
0.964908	0.007523
0.962162	0.007487
0.961446	0.007460
0.960243	0.007389
0.959684	0.007338
0.958333	0.007315
0.956667	0.007286
0.955354	0.007291
0.955034	0.007244
0.953439	0.007191
0.951749	0.007194
0.951157	0.007151
0.950350	0.007080
0.948345	0.007077
0.946932	0.007050
0.945752	0.007016
0.944945	0.007004
0.943828	0.006965
0.941279	0.006973
0.940529	0.006881
0.938958	0.006908
0.937879	0.006888
0.936962	0.006803
0.936222	0.006751
0.934890	0.006714
0.933530	0.006719
0.932961	0.006669
0.931166	0.006646
0.930651	0.006607
0.928922	0.006562
0.927165	0.006558
0.926831	0.006519
0.926120	0.006473
0.923990	0.006424
0.923174	0.006378
0.921259	0.006387
0.920605	0.006349
0.918896	0.006309
0.917645	0.006282
0.916508	0.006262
0.915324	0.006196
0.913529	0.006184
0.912589	0.006160
0.910559	0.006136
0.909795	0.006112
0.909184	0.006079
0.907270	0.006037
0.906787	0.005999
0.904658	0.005979
0.903617	0.005994
0.902529	0.005947
0.901034	0.005901
0.900151	0.005863
0.899148	0.005853
0.898571	0.005780
0.895835	0.005785
0.895004	0.005739
0.893715	0.005725
0.892999	0.005660
0.891624	0.005686
0.890674	0.005601
0.889117	0.005564
0.887847	0.005532
0.886887	0.005535
0.885250	0.005470
0.883994	0.005433
0.883411	0.005423
0.882079	0.005412
0.880881	0.005415
0.879644	0.005326
0.877787	0.005310
0.876331	0.005303
0.875677	0.005300
0.875381	0.005249
0.872908	0.005219
0.871423	0.005199
0.870940	0.005148
0.869298	0.005124
0.868186	0.005106
0.866433	0.005087
0.865913	0.005047
0.864671	0.004982
0.863129	0.004928
0.862265	0.004923
0.860699	0.004870
0.859334	0.004859
0.857896	0.004835
0.857152	0.004815
0.855948	0.004782
0.854153	0.004736
0.853022	0.004739
0.852172	0.004727
0.850295	0.004746
0.849971	0.004678
0.847388	0.004668
0.847297	0.004600
0.846175	0.004629
0.844981	0.004547
0.843253	0.004529
0.842437	0.004497
0.839978	0.004526
0.839620	0.004486
0.837867	0.004475
0.836277	0.004426
0.835671	0.004360
0.834941	0.004326
0.833670	0.004350
0.832210	0.004301
0.831097	0.004270
0.829436	0.004259
0.828476	0.004238
0.826867	0.004229
0.826561	0.004191
0.825778	0.004189
0.823534	0.004123
0.822670	0.004118
0.821161	0.004068
0.820144	0.004058
0.818516	0.004030
0.817313	0.003991
0.816525	0.003938
0.814658	0.003928
0.813789	0.003892
0.812672	0.003898
0.811097	0.003852
0.809249	0.003835
0.808910	0.003784
0.807544	0.003750
0.806566	0.003723
0.805019	0.003744
0.804078	0.003710
0.802650	0.003665
0.801123	0.003667
0.800134	0.003703
0.799600	0.003669
0.797102	0.003646
0.796401	0.003614
0.795656	0.003596
0.795336	0.003499
0.792953	0.003443
0.791306	0.003428
0.790561	0.003411
0.788971	0.003372
0.787816	0.003367
0.786474	0.003327
0.785682	0.003287
0.784168	0.003262
0.782435	0.003238
0.781838	0.003231
0.780673	0.003199
0.779413	0.003137
0.778214	0.003122
0.776572	0.003103
0.775498	0.003058
0.774309	0.003039
0.773082	0.003038
0.771879	0.003012
0.770852	0.002989
0.769320	0.002970
0.768002	0.002952
0.767114	0.002927
0.765710	0.002893
0.763724	0.002931
0.763442	0.002895
0.761981	0.002830
0.760577	0.002805
0.759489	0.002775
0.758362	0.002744
0.757202	0.002719
0.755555	0.002695
0.754810	0.002661
0.753406	0.002641
0.752198	0.002612
0.750885	0.002590
0.749868	0.002575
0.748421	0.002546
0.747099	0.002518
0.745963	0.002498
0.744798	0.002476
0.743523	0.002443
0.742195	0.002421
0.741694	0.002415
0.740553	0.002413
0.738595	0.002355
0.737359	0.002327
0.736184	0.002303
0.734919	0.002285
0.733625	0.002264
0.732441	0.002239
0.730994	0.002223
0.729992	0.002196
0.728665	0.002175
0.727390	0.002159
0.726325	0.002140
0.725193	0.002110
0.723756	0.002088
0.722778	0.002079
0.721699	0.002073
0.720042	0.002024
0.718953	0.001998
0.717683	0.001976
0.716470	0.001951
0.715000	0.001940
0.713921	0.001918
0.712670	0.001890
0.711834	0.001883
0.710187	0.001852
0.708869	0.001826
0.707747	0.001815
0.706396	0.001792
0.705203	0.001765
0.703990	0.001740
0.702739	0.001725
0.701507	0.001700
0.700218	0.001676
0.698943	0.001667
0.697855	0.001655
0.696699	0.001630
0.695243	0.001612
0.694049	0.001596
0.692851	0.001564
0.691710	0.001547
0.690359	0.001524
0.689289	0.001497
0.687995	0.001476
0.686725	0.001463
0.685484	0.001441
0.684204	0.001417
0.683039	0.001395
0.681884	0.001381
0.680514	0.001355
0.679306	0.001341
0.678078	0.001320
0.676546	0.001318
0.675667	0.001281
0.674459	0.001260
0.673237	0.001233
0.671547	0.001217
0.670554	0.001221
0.669804	0.001209
0.668520	0.001170
0.666916	0.001135
0.666238	0.001132
0.664505	0.001104
0.663225	0.001082
0.662117	0.001060
0.660761	0.001041
0.659673	0.001023
0.658341	0.001009
0.657228	0.000984
0.655834	0.000961
0.654683	0.000945
0.653294	0.000929
0.652182	0.000911
0.651064	0.000884
0.649785	0.000859
0.648453	0.000843
0.647455	0.000825
0.646075	0.000801
0.644738	0.000790
0.643554	0.000777
0.642499	0.000756
0.641076	0.000727
0.639854	0.000720
0.638651	0.000709
0.637471	0.000681
0.636029	0.000666
0.634907	0.000639
0.633661	0.000619
0.632496	0.000590
0.631131	0.000575
0.630309	0.000564
0.629020	0.000548
0.627779	0.000531
0.626499	0.000515
0.625268	0.000507
0.624117	0.000477
0.622747	0.000454
0.621715	0.000445
0.620450	0.000423
0.619113	0.000400
0.617867	0.000383
0.616826	0.000358
0.615518	0.000338
0.614210	0.000325
0.613059	0.000300
0.611784	0.000278
0.610414	0.000262
0.609321	0.000249
0.608089	0.000229
0.606847	0.000212
0.605625	0.000195
0.604369	0.000176
0.603085	0.000157
0.601892	0.000140
0.600650	0.000138
0.599562	0.000118
0.598282	9.550228E-5
0.597084	7.653532E-5
0.595642	6.612021E-5
0.594415	6.177262E-5
0.593355	1.815339E-5
0.592085	-3.727893E-6
0.590743	-2.001941E-5
0.589506	-3.210667E-5
0.588360	-5.126472E-5
0.587009	-7.027946E-5
0.585792	-7.395819E-5
0.584632	-8.016903E-5
0.583342	-0.000107
0.582211	-0.000130
0.580979	-0.000153
0.579542	-0.000170
0.578487	-0.000173
0.577384	-0.000189
0.576028	-0.000224
0.574648	-0.000232
0.573502	-0.000240
0.572433	-0.000271
0.571096	-0.000291
0.569883	-0.000295
0.568656	-0.000313
0.567472	-0.000336
0.565892	-0.000341
0.564984	-0.000368
0.563686	-0.000390
0.562440	-0.000410
0.561251	-0.000416
0.560024	-0.000434
0.558754	-0.000458
0.557508	-0.000467
0.556366	-0.000479
0.555096	-0.000496
0.553731	-0.000516
0.552661	-0.000537
0.551157	-0.000547
0.550007	-0.000557
0.548856	-0.000577
0.547596	-0.000598
0.546311	-0.000607
0.545094	-0.000620
0.543838	-0.000640
0.542659	-0.000650
0.541403	-0.000659
0.540176	-0.000677
0.539011	-0.000698
0.537722	-0.000714
0.536485	-0.000721
0.535191	-0.000731
0.533955	-0.000757
0.532713	-0.000775
0.531553	-0.000778
0.530436	-0.000784
0.529238	-0.000811
0.527948	-0.000831
0.526588	-0.000828
0.525461	-0.000847
0.524310	-0.000874
0.522916	-0.000881
0.521694	-0.000885
0.520543	-0.000905
0.519335	-0.000930
0.518056	-0.000931
0.516848	-0.000943
0.515654	-0.000967
0.514274	-0.000987
0.513014	-0.000984
0.511858	-0.001000
0.510560	-0.001026
0.509218	-0.001034
0.508048	-0.001030
0.506922	-0.001045
0.505623	-0.001082
0.504281	-0.001091
0.503183	-0.001093
0.502047	-0.001111
0.500691	-0.001129
0.499511	-0.001131
0.498389	-0.001143
0.496962	-0.001161
0.495816	-0.001182
0.494608	-0.001194
0.493247	-0.001201
0.492106	-0.001214
0.490956	-0.001244
0.489538	-0.001255
0.488363	-0.001252
0.487265	-0.001268
0.485966	-0.001294
0.484658	-0.001292
0.483512	-0.001301
0.482280	-0.001325
0.481001	-0.001339
0.479640	-0.001341
0.478723	-0.001354
0.477296	-0.001373
0.475987	-0.001382
0.474870	-0.001390
0.473691	-0.001411
0.472206	-0.001430
0.471141	-0.001438
0.469914	-0.001449
0.468702	-0.001464
0.467365	-0.001476
0.466214	-0.001486
0.465025	-0.001504
0.463769	-0.001512
0.462452	-0.001515
0.461268	-0.001528
0.460017	-0.001553
0.458785	-0.001561
0.457629	-0.001562
0.456269	-0.001579
0.455094	-0.001597
0.453934	-0.001600
0.452688	-0.001602
0.451394	-0.001615
0.450372	-0.001636
0.448983	-0.001642
0.447622	-0.001649
0.446557	-0.001665
0.445225	-0.001678
0.444003	-0.001676
0.442805	-0.001693
0.441625	-0.001714
0.440374	-0.001724
0.439057	-0.001731
0.437806	-0.001739
0.436669	-0.001755
0.435275	-0.001768
0.434077	-0.001769
0.432921	-0.001779
0.431709	-0.001793
0.430372	-0.001811
0.429216	-0.001814
0.428008	-0.001830
0.426667	-0.001842
0.425564	-0.001856
0.424279	-0.001870
0.422966	-0.001875
0.421763	-0.001882
0.420694	-0.001895
0.419290	-0.001908
0.418101	-0.001922
0.416865	-0.001928
0.415580	-0.001935
0.414305	-0.001950
0.413179	-0.001960
0.412014	-0.001968
0.410572	-0.001980
0.409531	-0.001975
0.408275	-0.001984
0.407105	-0.002003
0.405802	-0.002023
0.404627	-0.002027
0.403357	-0.002033
0.402006	-0.002041
0.400903	-0.002053
0.399657	-0.002060
0.398421	-0.002076
0.397146	-0.002078
0.395933	-0.002080
0.394696	-0.002090
0.393417	-0.002108
0.392032	-0.002116
0.390858	-0.002113
0.389750	-0.002130
0.388494	-0.002157
0.387181	-0.002148
0.385902	-0.002150
0.384823	-0.002169
0.383572	-0.002188
0.382259	-0.002188
0.381060	-0.002188
0.379876	-0.002195
0.378578	-0.002215
0.377255	-0.002223
0.376143	-0.002227
0.374954	-0.002236
0.373655	-0.002248
0.372395	-0.002257
0.371172	-0.002249
0.369964	-0.002256
0.368742	-0.002278
0.367496	-0.002276
0.366212	-0.002281
0.365195	-0.002291
0.363949	-0.002327
0.362559	-0.002328
0.361370	-0.002317
0.360263	-0.002328
0.358945	-0.002351
0.357541	-0.002345
0.356438	-0.002354
0.355168	-0.002360
0.354003	-0.002375
0.352604	-0.002386
0.351482	-0.002384
0.350317	-0.002387
0.348995	-0.002404
0.347763	-0.002419
0.346512	-0.002421
0.345295	-0.002433
0.344091	-0.002445
0.342860	-0.002439
0.341618	-0.002440
0.340448	-0.002462
0.339078	-0.002473
0.337746	-0.002469
0.336686	-0.002478
0.335464	-0.002495
0.334222	-0.002493
0.332919	-0.002494
0.331802	-0.002507
0.330608	-0.002520
0.329200	-0.002531
0.328020	-0.002535
0.326874	-0.002544
0.325595	-0.002555
0.324258	-0.002557
0.323208	-0.002562
0.321871	-0.002569
0.320653	-0.002576
0.319426	-0.002583
0.318199	-0.002585
0.316857	-0.002590
0.315802	-0.002600
0.314461	-0.002602
0.313248	-0.002605
0.311949	-0.002614
0.310794	-0.002619
0.309505	-0.002624
0.308311	-0.002638
0.307094	-0.002645
0.305943	-0.002643
0.304616	-0.002654
0.303346	-0.002666
0.302147	-0.002674
0.300992	-0.002683
0.299621	-0.002688
0.298476	-0.002686
0.297229	-0.002695
0.295850	-0.002709
0.294747	-0.002708
0.293529	-0.002706
0.292269	-0.002714
0.291161	-0.002722
0.289905	-0.002728
0.288626	-0.002733
0.287313	-0.002754
0.286167	-0.002752
0.284959	-0.002751
0.283694	-0.002761
0.282433	-0.002780
0.281383	-0.002770
0.279946	-0.002775
0.278776	-0.002790
0.277577	-0.002797
0.276241	-0.002793
0.274985	-0.002796
0.273839	-0.002806
0.272536	-0.002816
0.271294	-0.002816
0.270091	-0.002819
0.268936	-0.002829
0.267604	-0.002838
0.266243	-0.002844
0.265126	-0.002843
0.263793	-0.002849
0.262657	-0.002859
0.261554	-0.002863
0.260189	-0.002866
0.258943	-0.002873
0.257830	-0.002884
0.256522	-0.002883
0.255204	-0.002879
0.254044	-0.002882
0.252955	-0.002887
0.251618	-0.002894
0.250325	-0.002896
0.249236	-0.002906
0.247909	-0.002917
0.246519	-0.002913
0.245440	-0.002916
0.244242	-0.002926
0.242814	-0.002924
0.241764	-0.002923
0.240546	-0.002924
0.239291	-0.002932
0.237973	-0.002949
0.236903	-0.002951
0.235504	-0.002956
0.234187	-0.002963
0.233026	-0.002958
0.231909	-0.002960
0.230496	-0.002971
0.229259	-0.002971
0.228190	-0.002969
0.226863	-0.002976
0.225669	-0.002992
0.224408	-0.002994
0.223191	-0.002988
0.221897	-0.003008
0.220646	-0.003001
0.219567	-0.003006
0.218230	-0.003028
0.216869	-0.003010
0.215967	-0.003006
0.214530	-0.003027
0.213207	-0.003040
0.212119	-0.003029
0.210882	-0.003022
0.209655	-0.003041
0.208376	-0.003056
0.207182	-0.003042
0.205898	-0.003042
0.204723	-0.003056
0.203496	-0.003064
0.202140	-0.003046
0.200899	-0.003048
0.199844	-0.003067
0.198464	-0.003081
0.197093	-0.003069
0.196000	-0.003073
0.194902	-0.003091
0.193436	-0.003094
0.192328	-0.003094
0.191159	-0.003095
0.189803	-0.003095
0.188686	-0.003097
0.187530	-0.003115
0.186193	-0.003115
0.184852	-0.003113
0.183835	-0.003124
0.182493	-0.003122
0.181170	-0.003122
0.180010	-0.003119
0.178821	-0.003121
0.177480	-0.003127
0.176296	-0.003137
0.175178	-0.003138
0.173846	-0.003127
0.172610	-0.003127
0.171526	-0.003143
0.170199	-0.003160
0.168828	-0.003149
0.167783	-0.003152
0.166551	-0.003158
0.165233	-0.003166
0.163982	-0.003157
0.162846	-0.003157
0.161528	-0.003172
0.160148	-0.003179
0.159021	-0.003174
0.157880	-0.003176
0.156500	-0.003184
0.155293	-0.003181
0.154204	-0.003178
0.152943	-0.003190
0.151645	-0.003189
0.150456	-0.003188
0.149162	-0.003195
0.147806	-0.003197
0.146751	-0.003195
0.145481	-0.003202
0.144230	-0.003206
0.143027	-0.003199
0.141824	-0.003196
0.140534	-0.003208
0.139336	-0.003202
0.138205	-0.003202
0.136896	-0.003215
0.135698	-0.003221
0.134433	-0.003216
0.133277	-0.003212
0.131854	-0.003225
0.130704	-0.003235
0.129491	-0.003232
0.128231	-0.003235
0.127003	-0.003234
0.125920	-0.003235
0.124578	-0.003241
0.123322	-0.003245
0.122086	-0.003244
0.120863	-0.003245
0.119536	-0.003250
0.118452	-0.003255
0.117111	-0.003259
0.115807	-0.003253
0.114595	-0.003249
0.113549	-0.003255
0.112117	-0.003259
0.110904	-0.003259
0.109801	-0.003265
0.108526	-0.003266
0.107237	-0.003263
0.106058	-0.003267
0.104983	-0.003272
0.103508	-0.003273
0.102190	-0.003273
0.101068	-0.003272
0.099836	-0.003277
0.098619	-0.003289
0.097545	-0.003287
0.096170	-0.003267
0.094919	-0.003275
0.093763	-0.003293
0.092508	-0.003293
0.091285	-0.003295
0.090011	-0.003296
0.088822	-0.003297
0.087470	-0.003289
0.086310	-0.003300
0.085174	-0.003312
0.083842	-0.003311
0.082567	-0.003304
0.081397	-0.003304
0.080242	-0.003310
0.078824	-0.003313
0.077539	-0.003317
0.076408	-0.003317
0.075152	-0.003316
0.073863	-0.003324
0.072626	-0.003326
0.071395	-0.003315
0.070149	-0.003323
0.068969	-0.003331
0.067804	-0.003330
0.066486	-0.003338
0.065321	-0.003338
0.064133	-0.003340
0.062815	-0.003350
0.061483	-0.003346
0.060404	-0.003344
0.059076	-0.003341
0.057811	-0.003338
0.056737	-0.003345
0.055529	-0.003348
0.054206	-0.003351
0.052898	-0.003349
0.051762	-0.003338
0.050540	-0.003336
0.049265	-0.003352
0.048071	-0.003354
0.046835	-0.003349
0.045607	-0.003349
0.044419	-0.003358
0.043048	-0.003356
0.041769	-0.003349
0.040594	-0.003353
0.039401	-0.003351
0.038159	-0.003356
0.036904	-0.003360
0.035839	-0.003359
0.034488	-0.003364
0.033136	-0.003365
0.032091	-0.003358
0.030802	-0.003362
0.029503	-0.003374
0.028195	-0.003376
0.027035	-0.003362
0.025913	-0.003367
0.024557	-0.003378
0.023411	-0.003387
0.022126	-0.003375
0.020809	-0.003376
0.019758	-0.003393
0.018388	-0.003385
0.017213	-0.003374
0.016077	-0.003383
0.014936	-0.003396
0.013456	-0.003395
0.012243	-0.003399
0.011069	-0.003391
0.009832	-0.003389
0.008552	-0.003387
0.007402	-0.003389
0.006175	-0.003395
0.004847	-0.003395
0.003821	-0.003400
0.002460	-0.003406
0.001047	-0.003400
-0.000118	-0.003399
-0.001173	-0.003405
-0.002501	-0.003403
-0.003747	-0.003400
-0.004831	-0.003404
-0.006144	-0.003412
-0.007509	-0.003414
-0.008679	-0.003410
-0.009815	-0.003415
-0.011095	-0.003416
-0.012374	-0.003416
-0.013468	-0.003410
-0.014699	-0.003415
-0.016141	-0.003426
-0.017383	-0.003418
-0.018533	-0.003412
-0.019722	-0.003419
-0.020897	-0.003433
-0.022119	-0.003424
-0.023403	-0.003419
-0.024564	-0.003432
-0.025862	-0.003425
-0.027151	-0.003410
-0.028364	-0.003418
-0.029438	-0.003436
-0.030871	-0.003424
-0.032117	-0.003410
-0.033248	-0.003417
-0.034328	-0.003440
-0.035793	-0.003430
-0.037140	-0.003415
-0.038042	-0.003421
-0.039388	-0.003439
-0.040697	-0.003429
-0.041972	-0.003416
-0.043055	-0.003415
-0.044340	-0.003431
-0.045662	-0.003435
-0.046884	-0.003430
-0.048102	-0.003433
-0.049315	-0.003444
-0.050527	-0.003444
-0.051716	-0.003437
-0.053072	-0.003446
-0.054271	-0.003452
-0.055393	-0.003445
-0.056854	-0.003452
-0.057976	-0.003452
-0.059188	-0.003452
-0.060406	-0.003452
-0.061709	-0.003450
-0.062784	-0.003451
-0.064068	-0.003457
-0.065247	-0.003470
-0.066594	-0.003460
-0.067740	-0.003455
-0.068976	-0.003462
-0.070251	-0.003466
-0.071468	-0.003463
-0.072734	-0.003465
-0.073999	-0.003468
-0.075078	-0.003471
-0.076496	-0.003471
-0.077733	-0.003470
-0.078893	-0.003467
-0.080153	-0.003457
-0.081452	-0.003463
-0.082607	-0.003481
-0.083873	-0.003475
-0.085171	-0.003465
-0.086460	-0.003470
-0.087497	-0.003483
-0.088786	-0.003486
-0.090146	-0.003481
-0.091245	-0.003480
-0.092438	-0.003481
-0.093847	-0.003490
-0.095059	-0.003486
-0.096167	-0.003475
-0.097485	-0.003479
-0.098683	-0.003491
