1.198880	0.003006
1.197607	0.002950
1.196384	0.002906
1.195153	0.002868
1.193939	0.002833
1.192681	0.002797
1.191458	0.002764
1.190237	0.002734
1.189019	0.002703
1.187732	0.002671
1.186516	0.002641
1.185288	0.002612
1.184063	0.002585
1.182729	0.002554
1.181501	0.002527
1.180265	0.002501
1.179963	0.002494
1.178854	0.002471
1.177536	0.002446
1.176352	0.002421
1.175043	0.002396
1.173883	0.002374
1.172642	0.002349
1.171420	0.002324
1.170183	0.002300
1.168994	0.002277
1.167667	0.002252
1.166516	0.002228
1.165318	0.002204
1.164000	0.002181
1.162864	0.002157
1.161570	0.002134
1.160395	0.002110
1.159187	0.002087
1.157889	0.002063
1.156700	0.002039
1.155368	0.002015
1.154207	0.001993
1.152933	0.001969
1.151715	0.001946
1.150493	0.001921
1.149266	0.001899
1.148020	0.001875
1.146759	0.001852
1.145570	0.001828
1.144372	0.001804
1.143021	0.001780
1.141813	0.001758
1.140629	0.001736
1.139349	0.001712
1.138055	0.001687
1.136895	0.001664
1.135577	0.001642
1.134403	0.001619
1.133157	0.001596
1.131973	0.001574
1.130722	0.001551
1.129528	0.001527
1.128220	0.001504
1.127012	0.001482
1.125756	0.001458
1.124548	0.001435
1.123364	0.001413
1.122123	0.001392
1.120934	0.001369
1.119683	0.001347
1.118408	0.001323
1.117224	0.001302
1.115959	0.001280
1.114698	0.001259
1.113457	0.001236
1.112297	0.001214
1.111084	0.001191
1.109809	0.001168
1.108539	0.001145
1.107307	0.001125
1.106047	0.001103
1.104786	0.001081
1.103655	0.001058
1.102309	0.001036
1.101143	0.001014
1.099959	0.000993
1.098704	0.000970
1.097419	0.000948
1.096197	0.000926
1.094989	0.000905
1.093681	0.000882
1.092525	0.000862
1.091308	0.000840
1.090086	0.000819
1.088835	0.000796
1.087584	0.000773
1.086342	0.000751
1.085092	0.000730
1.083955	0.000708
1.082695	0.000688
1.081506	0.000667
1.080245	0.000645
1.079028	0.000623
1.077744	0.000603
1.076540	0.000581
1.075342	0.000558
1.074048	0.000538
1.072835	0.000518
1.071570	0.000495
1.070367	0.000473
1.069140	0.000452
1.067875	0.000431
1.066719	0.000410
1.065320	0.000388
1.064117	0.000367
1.063009	0.000346
1.061706	0.000327
1.060512	0.000305
1.059252	0.000283
1.057968	0.000262
1.056764	0.000242
1.055556	0.000221
1.054210	0.000201
1.052969	0.000179
1.051851	0.000158
1.050634	0.000140
1.049345	0.000119
1.048099	9.717442E-5
1.046857	7.624866E-5
1.045645	5.618286E-5
1.044417	3.511377E-5
1.043243	1.466576E-5
1.042035	-5.352268E-6
1.040774	-2.494031E-5
1.039519	-4.600940E-5
1.038196	-6.449860E-5
1.037112	-8.614099E-5
1.035857	-0.000106
1.034620	-0.000127
1.033345	-0.000145
1.032190	-0.000163
1.030891	-0.000184
1.029631	-0.000207
1.028337	-0.000225
1.027162	-0.000243
1.026040	-0.000263
1.024594	-0.000286
1.023367	-0.000305
1.022240	-0.000323
1.021027	-0.000344
1.019614	-0.000365
1.018477	-0.000383
1.017174	-0.000402
1.015980	-0.000423
1.014777	-0.000444
1.013536	-0.000463
1.012299	-0.000479
1.011086	-0.000499
1.009898	-0.000522
1.008609	-0.000543
1.007272	-0.000559
1.006193	-0.000577
1.004942	-0.000599
1.003710	-0.000618
1.002440	-0.000635
1.001261	-0.000654
1.000024	-0.000674
0.998749	-0.000693
0.997493	-0.000711
0.996281	-0.000730
0.995044	-0.000747
0.993850	-0.000767
0.992528	-0.000788
0.991320	-0.000806
0.990160	-0.000825
0.988909	-0.000844
0.987687	-0.000863
0.986469	-0.000879
0.985180	-0.000899
0.983919	-0.000918
0.982692	-0.000936
0.981456	-0.000955
0.980224	-0.000974
0.978992	-0.000990
0.977784	-0.001007
0.976605	-0.001026
0.975301	-0.001043
0.974093	-0.001059
0.972876	-0.001078
0.971611	-0.001097
0.970374	-0.001117
0.969128	-0.001132
0.967901	-0.001148
0.966722	-0.001168
0.965509	-0.001187
0.964268	-0.001204
0.963040	-0.001218
0.961785	-0.001237
0.960567	-0.001257
0.959302	-0.001273
0.958094	-0.001289
0.956843	-0.001306
0.955611	-0.001324
0.954341	-0.001341
0.953090	-0.001357
0.951935	-0.001375
0.950684	-0.001394
0.949471	-0.001411
0.948163	-0.001425
0.947036	-0.001440
0.945752	-0.001459
0.944506	-0.001479
0.943212	-0.001494
0.942037	-0.001509
0.940806	-0.001525
0.939502	-0.001545
0.938332	-0.001561
0.937101	-0.001575
0.935931	-0.001595
0.934603	-0.001610
0.933333	-0.001622
0.932231	-0.001639
0.930918	-0.001658
0.929690	-0.001672
0.928459	-0.001687
0.927246	-0.001703
0.925976	-0.001719
0.924820	-0.001734
0.923579	-0.001749
0.922342	-0.001764
0.921115	-0.001782
0.919884	-0.001799
0.918637	-0.001813
0.917324	-0.001827
0.916160	-0.001842
0.914980	-0.001859
0.913705	-0.001874
0.912469	-0.001887
0.911218	-0.001900
0.909981	-0.001913
0.908821	-0.001932
0.907508	-0.001946
0.906238	-0.001958
0.905049	-0.001972
0.903755	-0.001990
0.902600	-0.002003
0.901268	-0.002017
0.900065	-0.002032
0.898833	-0.002046
0.897630	-0.002057
0.896374	-0.002073
0.895175	-0.002085
0.893958	-0.002102
0.892645	-0.002117
0.891404	-0.002129
0.890196	-0.002142
0.889002	-0.002156
0.887742	-0.002171
0.886529	-0.002182
0.885302	-0.002193
0.884065	-0.002205
0.882891	-0.002222
0.881635	-0.002238
0.880308	-0.002250
0.879181	-0.002263
0.877963	-0.002276
0.876636	-0.002293
0.875462	-0.002303
0.874258	-0.002310
0.872984	-0.002325
0.871752	-0.002339
0.870482	-0.002349
0.869283	-0.002359
0.868123	-0.002369
0.866805	-0.002385
0.865483	-0.002399
0.864246	-0.002408
0.863076	-0.002422
0.861778	-0.002435
0.860532	-0.002448
0.859281	-0.002457
0.858120	-0.002465
0.856836	-0.002475
0.855662	-0.002491
0.854377	-0.002498
0.853212	-0.002505
0.851923	-0.002517
0.850734	-0.002536
0.849440	-0.002542
0.848242	-0.002544
0.847010	-0.002555
0.845874	-0.002575
0.844580	-0.002578
0.843391	-0.002585
0.842083	-0.002599
0.840884	-0.002616
0.839662	-0.002626
0.838397	-0.002637
0.837165	-0.002647
0.835895	-0.002652
0.834720	-0.002661
0.833517	-0.002674
0.832233	-0.002685
0.830949	-0.002692
0.829731	-0.002705
0.828523	-0.002715
0.827215	-0.002722
0.826021	-0.002728
0.824823	-0.002739
0.823553	-0.002745
0.822292	-0.002754
0.821089	-0.002769
0.819815	-0.002772
0.818602	-0.002774
0.817437	-0.002788
0.816157	-0.002800
0.814887	-0.002805
0.813746	-0.002811
0.812471	-0.002817
0.811297	-0.002828
0.809998	-0.002843
0.808814	-0.002849
0.807549	-0.002849
0.806369	-0.002858
0.805090	-0.002869
0.803891	-0.002865
0.802588	-0.002866
0.801471	-0.002890
0.800210	-0.002905
0.798950	-0.002898
0.797685	-0.002905
0.796534	-0.002922
0.795149	-0.002922
0.793965	-0.002917
0.792757	-0.002932
0.791540	-0.002949
0.790360	-0.002950
0.789009	-0.002950
0.787792	-0.002958
0.786598	-0.002971
0.785309	-0.002981
0.784115	-0.002979
0.782864	-0.002981
0.781633	-0.002988
0.780468	-0.003003
0.779193	-0.003010
0.777880	-0.003007
0.776691	-0.003015
0.775545	-0.003024
0.774270	-0.003028
0.772962	-0.003031
0.771840	-0.003037
0.770608	-0.003043
0.769333	-0.003051
0.768164	-0.003057
0.766884	-0.003054
0.765652	-0.003059
0.764411	-0.003072
0.763060	-0.003074
0.761823	-0.003070
0.760692	-0.003077
0.759574	-0.003092
0.758185	-0.003094
0.756929	-0.003091
0.755874	-0.003098
0.754595	-0.003112
0.753272	-0.003109
0.752002	-0.003107
0.750971	-0.003121
0.749586	-0.003133
0.748168	-0.003129
0.747165	-0.003129
0.745871	-0.003134
0.744616	-0.003148
0.743379	-0.003150
0.742200	-0.003149
0.740935	-0.003153
0.739813	-0.003163
0.738509	-0.003167
0.737201	-0.003163
0.735964	-0.003165
0.734895	-0.003174
0.733458	-0.003175
0.732264	-0.003171
0.731099	-0.003175
0.729944	-0.003187
0.728550	-0.003179
0.727437	-0.003181
0.726210	-0.003187
0.724997	-0.003190
0.723622	-0.003199
0.722534	-0.003204
0.721245	-0.003208
0.719855	-0.003209
0.718771	-0.003213
0.717616	-0.003214
0.716332	-0.003217
0.715076	-0.003223
0.713930	-0.003224
0.712569	-0.003224
0.711404	-0.003238
0.710091	-0.003230
0.708912	-0.003221
0.707494	-0.003229
0.706381	-0.003246
0.705154	-0.003246
0.703808	-0.003244
0.702624	-0.003263
0.701383	-0.003258
0.700170	-0.003244
0.698957	-0.003249
0.697754	-0.003271
0.696412	-0.003268
0.695166	-0.003262
0.694044	-0.003263
0.692803	-0.003275
0.691571	-0.003280
0.690301	-0.003281
0.689198	-0.003280
0.687875	-0.003278
0.686715	-0.003290
0.685498	-0.003293
0.684194	-0.003286
0.682962	-0.003293
0.681645	-0.003303
0.680575	-0.003296
0.679224	-0.003292
0.678069	-0.003300
0.676908	-0.003309
0.675524	-0.003300
0.674258	-0.003302
0.673170	-0.003313
0.671881	-0.003312
0.670530	-0.003304
0.669298	-0.003301
0.668138	-0.003307
0.666934	-0.003320
0.665731	-0.003331
0.664394	-0.003321
0.663182	-0.003313
0.661883	-0.003314
0.660775	-0.003322
0.659520	-0.003323
0.658273	-0.003334
0.656999	-0.003332
0.655877	-0.003331
0.654492	-0.003329
0.653236	-0.003326
0.652181	-0.003320
0.650949	-0.003334
0.649536	-0.003334
0.648500	-0.003338
0.647211	-0.003340
0.645898	-0.003340
0.644752	-0.003344
0.643496	-0.003339
0.642264	-0.003348
0.641066	-0.003350
0.639791	-0.003341
0.638559	-0.003333
0.637351	-0.003343
0.636206	-0.003353
0.634902	-0.003354
0.633518	-0.003346
0.632486	-0.003352
0.631145	-0.003356
0.630070	-0.003346
0.629025	-0.003356
0.627736	-0.003360
0.626427	-0.003355
0.625196	-0.003363
0.624050	-0.003376
0.622861	-0.003370
0.621476	-0.003369
0.620283	-0.003369
0.619227	-0.003367
0.617790	-0.003357
0.616687	-0.003365
0.615422	-0.003376
0.614080	-0.003377
0.612868	-0.003370
0.611770	-0.003370
0.610452	-0.003376
0.609124	-0.003379
0.608045	-0.003380
0.606795	-0.003375
0.605477	-0.003377
0.604326	-0.003378
0.603161	-0.003371
0.601834	-0.003377
0.600487	-0.003379
0.599466	-0.003371
0.598062	-0.003364
0.596883	-0.003377
0.595699	-0.003384
0.594424	-0.003381
0.593187	-0.003373
0.591927	-0.003379
0.590833	-0.003386
0.589482	-0.003389
0.588050	-0.003374
0.587209	-0.003383
0.585744	-0.003389
0.584531	-0.003398
0.583299	-0.003393
0.582115	-0.003386
0.580893	-0.003391
0.579647	-0.003401
0.578377	-0.003391
0.577207	-0.003394
0.575956	-0.003400
0.574695	-0.003405
0.573378	-0.003398
0.572117	-0.003390
0.571019	-0.003388
0.569945	-0.003406
0.568446	-0.003406
0.567185	-0.003388
0.566130	-0.003389
0.564917	-0.003405
0.563408	-0.003395
0.562382	-0.003379
0.561270	-0.003392
0.559818	-0.003409
0.558644	-0.003396
0.557498	-0.003385
0.556185	-0.003391
0.554962	-0.003415
0.553731	-0.003387
0.552599	-0.003379
0.551219	-0.003407
0.549935	-0.003416
0.548665	-0.003399
0.547548	-0.003400
0.546354	-0.003417
0.545007	-0.003411
0.543694	-0.003398
0.542606	-0.003406
0.541350	-0.003417
0.540094	-0.003406
0.538839	-0.003401
0.537722	-0.003408
0.536380	-0.003416
0.535038	-0.003415
0.533954	-0.003412
0.532723	-0.003416
0.531414	-0.003414
0.530331	-0.003416
0.529108	-0.003415
0.527757	-0.003404
0.526583	-0.003406
0.525413	-0.003423
0.524105	-0.003419
0.522796	-0.003410
0.521670	-0.003407
0.520500	-0.003411
0.519072	-0.003415
0.517984	-0.003413
0.516685	-0.003409
0.515415	-0.003409
0.514183	-0.003414
0.513080	-0.003420
0.511739	-0.003411
0.510445	-0.003410
0.509399	-0.003418
0.508086	-0.003421
0.506668	-0.003414
0.505584	-0.003406
0.504424	-0.003407
0.503106	-0.003411
0.501765	-0.003420
0.500662	-0.003416
0.499420	-0.003409
0.498079	-0.003408
0.496981	-0.003415
0.495768	-0.003415
0.494388	-0.003414
0.493247	-0.003410
0.492173	-0.003408
0.490740	-0.003406
0.489571	-0.003414
0.488468	-0.003416
0.487112	-0.003415
0.485775	-0.003418
0.484591	-0.003430
0.483464	-0.003422
0.482075	-0.003421
0.480876	-0.003420
0.479926	-0.003420
0.478455	-0.003427
0.477142	-0.003413
0.476102	-0.003413
0.474808	-0.003427
0.473461	-0.003427
0.472282	-0.003417
0.471160	-0.003417
0.469895	-0.003428
0.468501	-0.003431
0.467383	-0.003421
0.466123	-0.003415
0.464862	-0.003424
0.463779	-0.003439
0.462404	-0.003433
0.461057	-0.003418
0.460136	-0.003438
0.458756	-0.003442
0.457366	-0.003426
0.456302	-0.003424
0.455189	-0.003439
0.453666	-0.003433
0.452554	-0.003417
0.451456	-0.003422
0.450214	-0.003436
0.448815	-0.003433
0.447636	-0.003421
0.446528	-0.003423
0.445263	-0.003437
0.443955	-0.003441
0.442747	-0.003431
0.441491	-0.003420
0.440250	-0.003421
0.439223	-0.003440
0.437724	-0.003436
0.436473	-0.003417
0.435413	-0.003415
0.434267	-0.003433
0.432720	-0.003440
0.431441	-0.003426
0.430429	-0.003412
0.429154	-0.003416
0.427874	-0.003431
0.426700	-0.003427
0.425477	-0.003422
0.424226	-0.003431
0.422885	-0.003441
0.421729	-0.003426
0.420521	-0.003418
0.419376	-0.003439
0.418005	-0.003437
0.416754	-0.003421
0.415551	-0.003424
0.414424	-0.003439
0.413169	-0.003433
0.411837	-0.003426
0.410738	-0.003432
0.409511	-0.003438
0.408175	-0.003433
0.406871	-0.003424
0.405849	-0.003425
0.404594	-0.003433
0.403152	-0.003437
0.402168	-0.003445
0.400793	-0.003439
0.399561	-0.003434
0.398329	-0.003432
0.397136	-0.003422
0.395818	-0.003420
0.394634	-0.003424
0.393383	-0.003429
0.392156	-0.003432
0.390728	-0.003432
0.389683	-0.003418
0.388456	-0.003417
0.387095	-0.003434
0.385940	-0.003437
0.384722	-0.003428
0.383414	-0.003433
0.382158	-0.003425
0.381017	-0.003430
0.379795	-0.003428
0.378467	-0.003431
0.377307	-0.003425
0.376257	-0.003430
0.374681	-0.003429
0.373664	-0.003421
0.372471	-0.003421
0.371272	-0.003431
0.369955	-0.003439
0.368661	-0.003435
0.367414	-0.003420
0.366173	-0.003421
0.365022	-0.003437
0.363781	-0.003432
0.362482	-0.003431
0.361418	-0.003438
0.360124	-0.003438
0.358820	-0.003434
0.357579	-0.003435
0.356514	-0.003439
0.355134	-0.003437
0.353793	-0.003436
0.352647	-0.003430
0.351472	-0.003429
0.350135	-0.003440
0.348913	-0.003439
0.347667	-0.003432
0.346368	-0.003426
0.345275	-0.003429
0.344120	-0.003441
0.342725	-0.003430
0.341389	-0.003420
0.340381	-0.003424
0.339082	-0.003433
0.337712	-0.003424
0.336566	-0.003425
0.335397	-0.003427
0.334055	-0.003431
0.332747	-0.003426
0.331734	-0.003416
0.330570	-0.003423
0.329166	-0.003431
0.327939	-0.003432
0.326831	-0.003429
0.325513	-0.003431
0.324291	-0.003426
0.323284	-0.003429
0.321837	-0.003440
0.320567	-0.003436
0.319392	-0.003429
0.318275	-0.003434
0.316828	-0.003433
0.315778	-0.003433
0.314460	-0.003423
0.313128	-0.003412
0.312073	-0.003417
0.310908	-0.003439
0.309385	-0.003442
0.308072	-0.003422
0.307103	-0.003421
0.305866	-0.003442
0.304348	-0.003433
0.303426	-0.003427
0.302175	-0.003433
0.300862	-0.003434
0.299597	-0.003434
0.298399	-0.003436
0.297114	-0.003433
0.295945	-0.003434
0.294856	-0.003445
0.293438	-0.003439
0.292073	-0.003423
0.291132	-0.003433
0.289809	-0.003447
0.288520	-0.003438
0.287374	-0.003435
0.286209	-0.003441
0.284725	-0.003437
0.283574	-0.003428
0.282490	-0.003425
0.281249	-0.003431
0.279850	-0.003441
0.278656	-0.003440
0.277400	-0.003425
0.276207	-0.003420
0.274942	-0.003438
0.273743	-0.003438
0.272511	-0.003432
0.271222	-0.003426
0.270143	-0.003438
0.268754	-0.003440
0.267355	-0.003426
0.266357	-0.003419
0.265235	-0.003426
0.263812	-0.003440
0.262537	-0.003440
0.261492	-0.003430
0.260141	-0.003440
0.258866	-0.003432
0.257744	-0.003433
0.256483	-0.003432
0.255170	-0.003423
0.254149	-0.003434
0.252931	-0.003438
0.251589	-0.003429
0.250329	-0.003428
0.249193	-0.003423
0.247884	-0.003438
0.246619	-0.003445
0.245383	-0.003431
0.244251	-0.003423
0.242991	-0.003428
0.241749	-0.003441
0.240431	-0.003450
0.239114	-0.003427
0.238011	-0.003412
0.236936	-0.003432
0.235389	-0.003445
0.234096	-0.003423
0.233007	-0.003415
0.231837	-0.003427
0.230438	-0.003452
0.229221	-0.003435
0.228185	-0.003422
0.226810	-0.003437
0.225544	-0.003449
0.224341	-0.003429
0.223200	-0.003418
0.221983	-0.003434
0.220741	-0.003452
0.219376	-0.003437
0.218077	-0.003435
0.217012	-0.003445
0.215718	-0.003438
0.214405	-0.003433
0.213326	-0.003434
0.212252	-0.003439
0.210739	-0.003438
0.209483	-0.003433
0.208323	-0.003427
0.207182	-0.003428
0.205816	-0.003443
0.204589	-0.003438
0.203505	-0.003437
0.202240	-0.003443
0.200832	-0.003446
0.199752	-0.003438
0.198482	-0.003430
0.197155	-0.003426
0.196100	-0.003443
0.194777	-0.003448
0.193402	-0.003436
0.192328	-0.003436
0.191111	-0.003427
0.189774	-0.003425
0.188518	-0.003419
0.187592	-0.003431
0.186236	-0.003450
0.184722	-0.003439
0.183724	-0.003419
0.182607	-0.003432
0.180993	-0.003431
0.179962	-0.003424
0.178764	-0.003420
0.177479	-0.003428
0.176133	-0.003420
0.175135	-0.003405
0.174018	-0.003419
0.172509	-0.003448
0.171349	-0.003439
0.170136	-0.003418
0.168861	-0.003422
0.167801	-0.003448
0.166374	-0.003431
0.165185	-0.003418
0.164020	-0.003439
0.162731	-0.003444
0.161394	-0.003428
0.160143	-0.003422
0.159088	-0.003448
0.157718	-0.003437
0.156419	-0.003426
0.155450	-0.003438
0.154199	-0.003451
0.152781	-0.003432
0.151530	-0.003426
0.150489	-0.003440
0.149147	-0.003445
0.147748	-0.003422
0.146870	-0.003426
0.145533	-0.003450
0.144072	-0.003438
0.142931	-0.003434
0.141885	-0.003436
0.140534	-0.003446
0.139207	-0.003437
0.138195	-0.003437
0.136820	-0.003436
0.135583	-0.003433
0.134523	-0.003440
0.133296	-0.003445
0.131811	-0.003445
0.130670	-0.003445
0.129495	-0.003445
0.128187	-0.003436
0.126974	-0.003436
0.125910	-0.003447
0.124544	-0.003441
0.123207	-0.003435
0.122095	-0.003443
0.120858	-0.003447
0.119574	-0.003440
0.118309	-0.003434
0.117172	-0.003437
0.115836	-0.003443
0.114556	-0.003441
0.113434	-0.003436
0.112226	-0.003435
0.110851	-0.003443
0.109719	-0.003441
0.108573	-0.003439
0.107122	-0.003434
0.106048	-0.003430
0.104835	-0.003440
0.103536	-0.003433
0.102190	-0.003423
0.101054	-0.003428
0.099822	-0.003426
0.098566	-0.003429
0.097430	-0.003436
0.096174	-0.003434
0.094909	-0.003431
0.093691	-0.003425
0.092531	-0.003428
0.091328	-0.003438
0.089862	-0.003435
0.088759	-0.003426
0.087618	-0.003433
0.086267	-0.003445
0.085002	-0.003447
0.083913	-0.003435
0.082591	-0.003437
0.081321	-0.003442
0.080256	-0.003444
0.078833	-0.003433
0.077477	-0.003424
0.076546	-0.003431
0.075190	-0.003448
0.073791	-0.003433
0.072650	-0.003428
0.071566	-0.003436
0.070158	-0.003441
0.068940	-0.003438
0.067809	-0.003435
0.066562	-0.003443
0.065121	-0.003440
0.064151	-0.003434
0.062862	-0.003436
0.061497	-0.003447
0.060399	-0.003438
0.059205	-0.003439
0.057816	-0.003438
0.056593	-0.003442
0.055519	-0.003440
0.054168	-0.003438
0.052912	-0.003440
0.051804	-0.003442
0.050539	-0.003442
0.049164	-0.003435
0.048066	-0.003434
0.046930	-0.003444
0.045464	-0.003439
0.044237	-0.003428
0.043143	-0.003424
0.041816	-0.003434
0.040475	-0.003432
0.039419	-0.003420
0.038269	-0.003424
0.036875	-0.003439
0.035619	-0.003432
0.034478	-0.003420
0.033203	-0.003427
0.031880	-0.003443
0.030739	-0.003436
0.029507	-0.003428
0.028137	-0.003442
0.027096	-0.003449
0.025750	-0.003437
0.024504	-0.003431
0.023363	-0.003434
0.022183	-0.003445
0.020784	-0.003440
0.019567	-0.003434
0.018545	-0.003433
0.017323	-0.003443
0.015828	-0.003445
0.014754	-0.003436
0.013518	-0.003439
0.012190	-0.003440
0.011049	-0.003445
0.009817	-0.003432
0.008528	-0.003423
0.007354	-0.003437
0.006131	-0.003450
0.004866	-0.003442
0.003653	-0.003444
0.002412	-0.003448
0.001156	-0.003443
-0.000142	-0.003444
-0.001326	-0.003449
-0.002425	-0.003441
-0.003685	-0.003437
-0.004874	-0.003441
-0.006206	-0.003445
-0.007361	-0.003449
-0.008842	-0.003444
-0.009835	-0.003444
-0.011047	-0.003441
-0.012418	-0.003443
-0.013554	-0.003449
-0.014671	-0.003452
-0.016166	-0.003447
-0.017292	-0.003446
-0.018476	-0.003448
-0.019704	-0.003445
-0.021017	-0.003443
-0.022162	-0.003442
-0.023361	-0.003439
-0.024588	-0.003440
-0.026001	-0.003453
-0.027042	-0.003443
-0.028240	-0.003442
-0.029663	-0.003439
-0.030771	-0.003441
-0.032041	-0.003442
-0.033349	-0.003443
-0.034519	-0.003446
-0.035712	-0.003446
-0.037083	-0.003438
-0.038286	-0.003435
-0.039336	-0.003439
-0.040802	-0.003433
-0.042120	-0.003421
-0.043142	-0.003417
-0.044268	-0.003426
-0.045744	-0.003438
-0.046933	-0.003430
-0.048059	-0.003421
-0.049310	-0.003435
-0.050595	-0.003442
-0.051822	-0.003428
-0.053015	-0.003422
-0.054190	-0.003439
-0.055541	-0.003447
-0.056706	-0.003437
-0.058062	-0.003429
-0.059141	-0.003443
-0.060497	-0.003447
-0.061681	-0.003435
-0.062765	-0.003441
-0.064078	-0.003448
-0.065367	-0.003450
-0.066680	-0.003443
-0.067750	-0.003444
-0.068924	-0.003448
-0.070299	-0.003447
-0.071531	-0.003438
-0.072672	-0.003436
-0.074014	-0.003439
-0.075413	-0.003445
-0.076377	-0.003433
-0.077752	-0.003436
-0.079013	-0.003437
-0.080264	-0.003429
-0.081524	-0.003427
-0.082684	-0.003434
-0.083973	-0.003440
-0.085167	-0.003423
-0.086399	-0.003422
-0.087626	-0.003434
-0.088743	-0.003432
-0.090142	-0.003433
-0.091360	-0.003432
-0.092448	-0.003442
-0.093737	-0.003439
-0.095103	-0.003439
-0.096215	-0.003435
-0.097437	-0.003441
-0.098669	-0.003450
