0.072900	-0.002266
0.100000	-0.003047
0.200000	-0.002995
0.300000	-0.002990
0.400000	-0.002976
0.500000	-0.002964
0.600000	-0.002950
0.700000	-0.002935
0.800000	-0.002928
0.900000	-0.002916
1.000000	-0.002922
1.100000	-0.002912
1.200000	-0.002914
1.300000	-0.002895
1.400000	-0.002897
1.500000	-0.002895
1.600000	-0.002891
1.700000	-0.002888
1.800000	-0.002881
1.900000	-0.002877
2.000000	-0.002880
2.100000	-0.002874
2.200000	-0.002878
2.300000	-0.002863
2.400000	-0.002873
2.500000	-0.002874
2.600000	-0.002869
2.700000	-0.002859
2.800000	-0.002851
2.900000	-0.002848
3.000000	-0.002851
3.100000	-0.002859
3.200000	-0.002852
3.300000	-0.002852
3.400000	-0.002854
3.500000	-0.002860
3.600000	-0.002844
3.700000	-0.002842
3.800000	-0.002843
3.900000	-0.002845
4.000000	-0.002846
4.100000	-0.002849
4.200000	-0.002843
4.300000	-0.002846
4.400000	-0.002846
4.500000	-0.002840
4.600000	-0.002846
4.700000	-0.002847
4.800000	-0.002838
4.900000	-0.002838
5.000000	-0.002839
5.100000	-0.002842
5.200000	-0.002842
5.300000	-0.002842
5.400000	-0.002833
5.500000	-0.002831
5.600000	-0.002834
5.700000	-0.002838
5.800000	-0.002835
5.900000	-0.002845
6.000000	-0.002843
6.100000	-0.002844
6.200000	-0.002843
6.300000	-0.002836
6.400000	-0.002833
6.500000	-0.002837
6.600000	-0.002839
6.700000	-0.002829
6.800000	-0.002830
6.900000	-0.002831
7.000000	-0.002832
7.100000	-0.002838
7.200000	-0.002836
7.300000	-0.002840
7.400000	-0.002829
7.500000	-0.002837
7.600000	-0.002840
7.700000	-0.002843
7.800000	-0.002828
7.900000	-0.002836
8.000000	-0.002835
8.099999	-0.002838
8.200000	-0.002836
8.300000	-0.002837
8.400000	-0.002828
8.500000	-0.002827
8.599999	-0.002833
8.700000	-0.002840
8.800000	-0.002833
8.900000	-0.002833
9.000000	-0.002834
9.099999	-0.002832
9.200000	-0.002827
9.300000	-0.002835
9.400000	-0.002830
9.500000	-0.002838
9.599999	-0.002833
9.700000	-0.002837
9.800000	-0.002834
9.900000	-0.002836
10.000000	-0.002836
10.099999	-0.002836
10.200000	-0.002832
10.300000	-0.002841
10.400000	-0.002834
10.500000	-0.002825
10.599999	-0.002817
10.700000	-0.002840
10.800000	-0.002832
10.900000	-0.002835
11.000000	-0.002830
11.099999	-0.002836
11.200000	-0.002840
11.300000	-0.002838
11.400000	-0.002838
11.500000	-0.002826
11.599999	-0.002833
11.700000	-0.002830
11.799999	-0.002829
11.900000	-0.002833
12.000000	-0.002836
12.099999	-0.002834
12.200000	-0.002834
12.299999	-0.002832
12.400000	-0.002835
12.500000	-0.002827
12.599999	-0.002833
12.700000	-0.002838
12.799999	-0.002837
12.900000	-0.002837
13.000000	-0.002833
13.099999	-0.002826
13.200000	-0.002827
13.299999	-0.002833
13.400000	-0.002831
13.500000	-0.002830
13.599999	-0.002833
13.700000	-0.002839
13.799999	-0.002829
13.900000	-0.002840
14.000000	-0.002840
14.099999	-0.002829
14.200000	-0.002833
14.299999	-0.002833
14.400000	-0.002835
14.500000	-0.002833
14.599999	-0.002836
14.700000	-0.002834
14.799999	-0.002838
14.900000	-0.002832
15.000000	-0.002835
15.099999	-0.002832
15.200000	-0.002828
15.299999	-0.002834
15.400000	-0.002836
15.500000	-0.002836
15.599999	-0.002840
15.700000	-0.002826
15.799999	-0.002830
15.900000	-0.002831
16.000000	-0.002836
16.100000	-0.002833
16.199999	-0.002830
16.299999	-0.002841
16.400000	-0.002837
16.500000	-0.002830
16.600000	-0.002824
16.699999	-0.002830
16.799999	-0.002836
16.900000	-0.002830
17.000000	-0.002827
17.100000	-0.002817
17.199999	-0.002820
17.299999	-0.002837
17.400000	-0.002830
17.500000	-0.002833
17.600000	-0.002831
17.699999	-0.002825
17.799999	-0.002826
17.900000	-0.002836
18.000000	-0.002832
18.100000	-0.002840
18.199999	-0.002837
18.299999	-0.002841
18.400000	-0.002835
18.500000	-0.002822
18.600000	-0.002838
18.699999	-0.002828
18.799999	-0.002830
18.900000	-0.002830
19.000000	-0.002828
19.100000	-0.002826
19.199999	-0.002827
19.299999	-0.002830
19.400000	-0.002822
19.500000	-0.002820
19.600000	-0.002833
19.699999	-0.002827
19.799999	-0.002825
19.900000	-0.002829
20.000000	-0.002824
20.100000	-0.002826
20.199999	-0.002820
20.299999	-0.002835
20.400000	-0.002835
20.500000	-0.002817
20.600000	-0.002827
20.699999	-0.002830
20.799999	-0.002836
20.900000	-0.002836
21.000000	-0.002831
21.100000	-0.002831
21.199999	-0.002825
21.299999	-0.002817
21.400000	-0.002819
21.500000	-0.002823
21.600000	-0.002831
21.699999	-0.002833
21.799999	-0.002827
21.900000	-0.002829
22.000000	-0.002827
22.100000	-0.002834
22.199999	-0.002828
22.299999	-0.002828
22.400000	-0.002833
22.500000	-0.002832
22.600000	-0.002818
22.699999	-0.002825
22.799999	-0.002827
22.900000	-0.002823
23.000000	-0.002830
23.099998	-0.002833
23.199999	-0.002830
23.299999	-0.002831
23.400000	-0.002828
23.500000	-0.002829
23.599998	-0.002831
23.699999	-0.002839
23.799999	-0.002833
23.900000	-0.002832
24.000000	-0.002829
24.099998	-0.002827
24.199999	-0.002827
24.299999	-0.002827
24.400000	-0.002816
24.500000	-0.002830
24.599998	-0.002834
24.699999	-0.002825
24.799999	-0.002830
24.900000	-0.002833
25.000000	-0.002825
25.099998	-0.002823
25.199999	-0.002823
25.299999	-0.002827
25.400000	-0.002830
25.500000	-0.002827
25.599998	-0.002822
25.699999	-0.002832
25.799999	-0.002814
25.900000	-0.002823
26.000000	-0.002828
26.099998	-0.002825
26.199999	-0.002816
26.299999	-0.002821
26.400000	-0.002823
26.500000	-0.002829
26.599998	-0.002830
26.699999	-0.002829
26.799999	-0.002826
26.900000	-0.002818
27.000000	-0.002832
27.099998	-0.002836
27.199999	-0.002834
27.299999	-0.002827
27.400000	-0.002826
27.500000	-0.002830
27.599998	-0.002825
27.699999	-0.002829
27.799999	-0.002827
27.900000	-0.002816
28.000000	-0.002820
28.099998	-0.002836
28.199999	-0.002832
28.299999	-0.002832
28.400000	-0.002825
28.500000	-0.002827
28.599998	-0.002815
28.699999	-0.002828
28.799999	-0.002827
28.900000	-0.002826
29.000000	-0.002830
29.099998	-0.002831
29.199999	-0.002826
29.299999	-0.002826
29.400000	-0.002822
29.500000	-0.002829
29.599998	-0.002824
29.699999	-0.002834
29.799999	-0.002830
29.900000	-0.002833
30.000000	-0.002834
30.099998	-0.002825
30.199999	-0.002833
30.299999	-0.002825
30.400000	-0.002827
30.500000	-0.002827
30.599998	-0.002829
30.699999	-0.002831
30.799999	-0.002834
30.900000	-0.002834
31.000000	-0.002830
31.099998	-0.002829
31.199999	-0.002823
31.299999	-0.002826
31.400000	-0.002824
31.500000	-0.002825
31.599998	-0.002827
31.699999	-0.002830
31.799999	-0.002822
31.900000	-0.002826
32.000000	-0.002818
32.099998	-0.002815
32.200001	-0.002823
32.299999	-0.002829
32.399998	-0.002830
32.500000	-0.002825
32.599998	-0.002825
32.700001	-0.002827
32.799999	-0.002830
32.899998	-0.002823
33.000000	-0.002828
33.099998	-0.002829
33.200001	-0.002825
33.299999	-0.002823
33.399998	-0.002822
33.500000	-0.002818
33.599998	-0.002820
33.700001	-0.002809
33.799999	-0.002823
33.899998	-0.002823
34.000000	-0.002828
34.099998	-0.002827
34.200001	-0.002827
34.299999	-0.002823
34.399998	-0.002827
34.500000	-0.002826
34.599998	-0.002823
34.700001	-0.002826
34.799999	-0.002819
34.899998	-0.002828
35.000000	-0.002830
35.099998	-0.002817
35.200001	-0.002819
35.299999	-0.002825
35.399998	-0.002823
35.500000	-0.002829
35.599998	-0.002828
35.700001	-0.002827
35.799999	-0.002818
35.899998	-0.002814
36.000000	-0.002830
36.099998	-0.002824
36.200001	-0.002823
36.299999	-0.002819
36.399998	-0.002826
36.500000	-0.002830
36.599998	-0.002830
36.700001	-0.002827
36.799999	-0.002817
36.899998	-0.002820
37.000000	-0.002827
37.099998	-0.002827
37.200001	-0.002825
37.299999	-0.002823
37.399998	-0.002807
37.500000	-0.002822
37.599998	-0.002817
37.700001	-0.002820
37.799999	-0.002825
37.899998	-0.002828
38.000000	-0.002827
38.099998	-0.002823
38.200001	-0.002819
38.299999	-0.002821
38.399998	-0.002822
38.500000	-0.002824
38.599998	-0.002826
38.700001	-0.002819
38.799999	-0.002821
38.899998	-0.002827
39.000000	-0.002818
39.099998	-0.002817
39.200001	-0.002823
39.299999	-0.002817
39.399998	-0.002830
39.500000	-0.002816
39.599998	-0.002816
39.700001	-0.002814
39.799999	-0.002820
39.899998	-0.002826
40.000000	-0.002823
40.099998	-0.002818
40.200001	-0.002819
40.299999	-0.002821
40.399998	-0.002819
40.500000	-0.002823
40.599998	-0.002814
40.700001	-0.002812
40.799999	-0.002813
40.899998	-0.002823
41.000000	-0.002815
41.099998	-0.002820
41.200001	-0.002809
41.299999	-0.002805
41.399998	-0.002812
41.500000	-0.002812
41.599998	-0.002813
41.700001	-0.002816
41.799999	-0.002807
41.899998	-0.002820
42.000000	-0.002814
42.099998	-0.002822
42.200001	-0.002823
42.299999	-0.002810
42.399998	-0.002817
42.500000	-0.002810
42.599998	-0.002820
42.700001	-0.002813
42.799999	-0.002812
42.899998	-0.002814
43.000000	-0.002810
43.099998	-0.002816
43.200001	-0.002819
43.299999	-0.002818
43.399998	-0.002813
43.500000	-0.002818
43.599998	-0.002819
43.700001	-0.002818
43.799999	-0.002814
43.899998	-0.002794
44.000000	-0.002801
44.099998	-0.002807
44.200001	-0.002819
44.299999	-0.002813
44.399998	-0.002805
44.500000	-0.002815
44.599998	-0.002814
44.700001	-0.002812
44.799999	-0.002813
44.899998	-0.002808
45.000000	-0.002817
45.099998	-0.002822
45.200001	-0.002818
45.299999	-0.002817
45.399998	-0.002812
45.500000	-0.002811
45.599998	-0.002816
45.699997	-0.002811
45.799999	-0.002812
45.899998	-0.002811
46.000000	-0.002817
46.099998	-0.002809
46.199997	-0.002802
46.299999	-0.002812
46.399998	-0.002814
46.500000	-0.002804
46.599998	-0.002804
46.699997	-0.002812
46.799999	-0.002804
46.899998	-0.002806
47.000000	-0.002796
47.099998	-0.002809
47.199997	-0.002807
47.299999	-0.002817
47.399998	-0.002814
47.500000	-0.002809
47.599998	-0.002801
47.699997	-0.002800
47.799999	-0.002810
47.899998	-0.002808
48.000000	-0.002804
48.099998	-0.002816
48.199997	-0.002810
48.299999	-0.002804
48.399998	-0.002808
48.500000	-0.002801
48.599998	-0.002802
48.699997	-0.002810
48.799999	-0.002813
48.899998	-0.002809
49.000000	-0.002804
49.099998	-0.002803
49.199997	-0.002797
49.299999	-0.002801
49.399998	-0.002806
49.500000	-0.002810
49.599998	-0.002809
49.699997	-0.002807
49.799999	-0.002805
49.899998	-0.002799
50.000000	-0.002804
50.099998	-0.002806
50.199997	-0.002811
50.299999	-0.002797
50.399998	-0.002805
50.500000	-0.002803
50.599998	-0.002801
50.699997	-0.002797
50.799999	-0.002789
50.899998	-0.002793
51.000000	-0.002785
51.099998	-0.002801
51.199997	-0.002797
51.299999	-0.002799
51.399998	-0.002803
51.500000	-0.002807
51.599998	-0.002800
51.699997	-0.002799
51.799999	-0.002788
51.899998	-0.002787
52.000000	-0.002793
52.099998	-0.002792
52.199997	-0.002803
52.299999	-0.002797
52.399998	-0.002801
52.500000	-0.002797
52.599998	-0.002793
52.699997	-0.002782
52.799999	-0.002792
52.899998	-0.002795
53.000000	-0.002786
53.099998	-0.002797
53.199997	-0.002801
53.299999	-0.002795
53.399998	-0.002791
53.500000	-0.002781
53.599998	-0.002778
53.699997	-0.002791
53.799999	-0.002787
53.899998	-0.002794
54.000000	-0.002793
54.099998	-0.002801
54.199997	-0.002800
54.299999	-0.002807
54.399998	-0.002794
54.500000	-0.002790
54.599998	-0.002791
54.699997	-0.002791
54.799999	-0.002799
54.899998	-0.002795
55.000000	-0.002785
55.099998	-0.002791
55.199997	-0.002792
55.299999	-0.002793
55.399998	-0.002796
55.500000	-0.002787
55.599998	-0.002791
55.699997	-0.002784
55.799999	-0.002793
55.899998	-0.002797
56.000000	-0.002788
56.099998	-0.002787
56.199997	-0.002788
56.299999	-0.002791
56.399998	-0.002789
56.500000	-0.002788
56.599998	-0.002787
56.699997	-0.002781
56.799999	-0.002791
56.899998	-0.002786
57.000000	-0.002781
57.099998	-0.002774
57.199997	-0.002778
57.299999	-0.002786
57.399998	-0.002784
57.500000	-0.002781
57.599998	-0.002783
57.699997	-0.002781
57.799999	-0.002784
57.899998	-0.002791
58.000000	-0.002791
58.099998	-0.002783
58.199997	-0.002790
58.299999	-0.002789
58.399998	-0.002783
58.500000	-0.002777
58.599998	-0.002786
58.699997	-0.002789
58.799999	-0.002785
58.899998	-0.002778
59.000000	-0.002787
59.099998	-0.002782
59.199997	-0.002791
59.299999	-0.002793
59.399998	-0.002788
59.500000	-0.002785
59.599998	-0.002790
59.699997	-0.002789
59.799999	-0.002788
59.899998	-0.002781
60.000000	-0.002784
