0.072900	-0.002206
0.100000	-0.002824
0.200000	-0.002734
0.300000	-0.002741
0.400000	-0.002726
0.500000	-0.002717
0.600000	-0.002703
0.700000	-0.002700
0.800000	-0.002683
0.900000	-0.002684
1.000000	-0.002670
1.100000	-0.002671
1.200000	-0.002661
1.300000	-0.002650
1.400000	-0.002646
1.500000	-0.002631
1.600000	-0.002625
1.700000	-0.002616
1.800000	-0.002619
1.900000	-0.002609
2.000000	-0.002600
2.100000	-0.002585
2.200000	-0.002576
2.300000	-0.002570
2.400000	-0.002560
2.500000	-0.002554
2.600000	-0.002554
2.700000	-0.002541
2.800000	-0.002531
2.900000	-0.002519
3.000000	-0.002492
3.100000	-0.002486
3.200000	-0.002486
3.300000	-0.002484
3.400000	-0.002473
3.500000	-0.002471
3.600000	-0.002470
3.700000	-0.002466
3.800000	-0.002463
3.900000	-0.002460
4.000000	-0.002457
4.100000	-0.002452
4.200000	-0.002455
4.300000	-0.002447
4.400000	-0.002437
4.500000	-0.002440
4.600000	-0.002444
4.700000	-0.002433
4.800000	-0.002427
4.900000	-0.002429
5.000000	-0.002438
5.100000	-0.002437
5.200000	-0.002444
5.300000	-0.002434
5.400000	-0.002428
5.500000	-0.002431
5.600000	-0.002418
5.700000	-0.002411
5.800000	-0.002411
5.900000	-0.002400
6.000000	-0.002397
6.100000	-0.002401
6.200000	-0.002397
6.300000	-0.002393
6.400000	-0.002380
6.500000	-0.002373
6.600000	-0.002378
6.700000	-0.002372
6.800000	-0.002364
6.900000	-0.002359
7.000000	-0.002346
7.100000	-0.002320
7.200000	-0.002322
7.300000	-0.002286
7.400000	-0.002288
7.500000	-0.002275
7.600000	-0.002255
7.700000	-0.002239
7.800000	-0.002236
7.900000	-0.002216
8.000000	-0.002193
8.099999	-0.002170
8.200000	-0.002145
8.300000	-0.002112
8.400000	-0.002077
8.500000	-0.002054
8.599999	-0.002026
8.700000	-0.002012
8.800000	-0.001973
8.900000	-0.001943
9.000000	-0.001908
9.099999	-0.001862
9.200000	-0.001818
9.300000	-0.001761
9.400000	-0.001751
9.500000	-0.001708
9.599999	-0.001660
9.700000	-0.001601
9.800000	-0.001518
9.900000	-0.001488
10.000000	-0.001441
10.099999	-0.001377
10.200000	-0.001310
10.300000	-0.001244
10.400000	-0.001178
10.500000	-0.001121
10.599999	-0.001026
10.700000	-0.000967
10.800000	-0.000902
10.900000	-0.000873
11.000000	-0.000832
11.099999	-0.000782
11.200000	-0.000726
11.300000	-0.000661
11.400000	-0.000605
11.500000	-0.000560
11.599999	-0.000515
11.700000	-0.000466
11.799999	-0.000408
11.900000	-0.000344
12.000000	-0.000289
12.099999	-0.000244
12.200000	-0.000190
12.299999	-0.000105
12.400000	-9.367212E-6
12.500000	5.525536E-6
12.599999	5.693584E-6
12.700000	5.678307E-6
12.799999	5.701223E-6
12.900000	5.701223E-6
13.000000	5.655391E-6
13.099999	5.701223E-6
13.200000	5.716500E-6
13.299999	5.754693E-6
13.400000	5.792886E-6
13.500000	5.731777E-6
13.599999	5.747054E-6
13.700000	5.739415E-6
13.799999	5.739415E-6
13.900000	5.762331E-6
14.000000	5.785247E-6
14.099999	5.815801E-6
14.200000	5.769970E-6
14.299999	5.777608E-6
14.400000	5.815801E-6
14.500000	5.777608E-6
14.599999	5.724138E-6
14.700000	5.808163E-6
14.799999	5.808163E-6
14.900000	5.800524E-6
15.000000	5.678307E-6
15.099999	5.693584E-6
15.200000	5.754693E-6
15.299999	5.701223E-6
15.400000	5.624837E-6
15.500000	5.640114E-6
15.599999	5.640114E-6
15.700000	5.670669E-6
15.799999	5.663030E-6
15.900000	5.525536E-6
16.000000	5.586644E-6
16.100000	5.640114E-6
16.199999	5.670669E-6
16.299999	5.594283E-6
16.400000	5.525536E-6
16.500000	5.609560E-6
16.600000	5.556090E-6
16.699999	5.670669E-6
16.799999	5.624837E-6
16.900000	5.632476E-6
17.000000	5.624837E-6
17.100000	5.663030E-6
17.199999	5.594283E-6
17.299999	5.601921E-6
17.400000	5.685945E-6
17.500000	5.647752E-6
17.600000	5.624837E-6
17.699999	5.640114E-6
17.799999	5.701223E-6
17.900000	5.494981E-6
18.000000	5.502620E-6
18.100000	5.617198E-6
18.199999	5.624837E-6
18.299999	5.548451E-6
18.400000	5.563729E-6
18.500000	5.632476E-6
18.600000	5.540813E-6
18.699999	5.517897E-6
18.799999	5.601921E-6
18.900000	5.579006E-6
19.000000	5.571367E-6
19.100000	5.563729E-6
19.199999	5.601921E-6
19.299999	5.556090E-6
19.400000	5.533174E-6
19.500000	5.502620E-6
19.600000	5.601921E-6
19.699999	5.609560E-6
19.799999	5.494981E-6
19.900000	5.556090E-6
20.000000	5.579006E-6
20.100000	5.579006E-6
20.199999	5.571367E-6
20.299999	5.663030E-6
20.400000	5.655391E-6
20.500000	5.594283E-6
20.600000	5.556090E-6
20.699999	5.670669E-6
20.799999	5.632476E-6
20.900000	5.617198E-6
21.000000	5.609560E-6
21.100000	5.640114E-6
21.199999	5.617198E-6
21.299999	5.632476E-6
21.400000	5.670669E-6
21.500000	5.579006E-6
21.600000	5.517897E-6
21.699999	5.487343E-6
21.799999	5.510258E-6
21.900000	5.525536E-6
22.000000	5.517897E-6
22.100000	5.579006E-6
22.199999	5.472065E-6
22.299999	5.418596E-6
22.400000	5.388041E-6
22.500000	5.479704E-6
22.600000	5.449150E-6
22.699999	5.494981E-6
22.799999	5.410957E-6
22.900000	5.388041E-6
23.000000	5.456789E-6
23.099998	5.433873E-6
23.199999	5.395680E-6
23.299999	5.433873E-6
23.400000	5.418596E-6
23.500000	5.472065E-6
23.599998	5.426234E-6
23.699999	5.395680E-6
23.799999	5.342210E-6
23.900000	5.288740E-6
24.000000	5.357487E-6
24.099998	5.357487E-6
24.199999	5.380403E-6
24.299999	5.380403E-6
24.400000	5.380403E-6
24.500000	5.433873E-6
24.599998	5.456789E-6
24.699999	5.380403E-6
24.799999	5.410957E-6
24.900000	5.472065E-6
25.000000	5.449150E-6
25.099998	5.410957E-6
25.199999	5.380403E-6
25.299999	5.372764E-6
25.400000	5.357487E-6
25.500000	5.334572E-6
25.599998	5.433873E-6
25.699999	5.449150E-6
25.799999	5.372764E-6
25.900000	5.357487E-6
26.000000	5.349849E-6
26.099998	5.342210E-6
26.199999	5.342210E-6
26.299999	5.357487E-6
26.400000	5.388041E-6
26.500000	5.357487E-6
26.599998	5.319294E-6
26.699999	5.334572E-6
26.799999	5.326933E-6
26.900000	5.281101E-6
27.000000	5.265824E-6
27.099998	5.319294E-6
27.199999	5.311656E-6
27.299999	5.372764E-6
27.400000	5.296378E-6
27.500000	5.304017E-6
27.599998	5.319294E-6
27.699999	5.372764E-6
27.799999	5.357487E-6
27.900000	5.334572E-6
28.000000	5.281101E-6
28.099998	5.326933E-6
28.199999	5.311656E-6
28.299999	5.365126E-6
28.400000	5.365126E-6
28.500000	5.349849E-6
28.599998	5.372764E-6
28.699999	5.342210E-6
28.799999	5.319294E-6
28.900000	5.395680E-6
29.000000	5.410957E-6
29.099998	5.456789E-6
29.199999	5.472065E-6
29.299999	5.418596E-6
29.400000	5.426234E-6
29.500000	5.472065E-6
29.599998	5.449150E-6
29.699999	5.403318E-6
29.799999	5.426234E-6
29.900000	5.410957E-6
30.000000	5.365126E-6
30.099998	5.410957E-6
30.199999	5.380403E-6
30.299999	5.372764E-6
30.400000	5.456789E-6
30.500000	5.464427E-6
30.599998	5.502620E-6
30.699999	5.487343E-6
30.799999	5.533174E-6
30.900000	5.464427E-6
31.000000	5.525536E-6
31.099998	5.472065E-6
31.199999	5.456789E-6
31.299999	5.517897E-6
31.400000	5.472065E-6
31.500000	5.494981E-6
31.599998	5.426234E-6
31.699999	5.464427E-6
31.799999	5.433873E-6
31.900000	5.441511E-6
32.000000	5.464427E-6
32.099998	5.388041E-6
32.200001	5.357487E-6
32.299999	5.365126E-6
32.399998	5.441511E-6
32.500000	5.388041E-6
32.599998	5.418596E-6
32.700001	5.441511E-6
32.799999	5.472065E-6
32.899998	5.502620E-6
33.000000	5.464427E-6
33.099998	5.449150E-6
33.200001	5.517897E-6
33.299999	5.494981E-6
33.399998	5.433873E-6
33.500000	5.433873E-6
33.599998	5.357487E-6
33.700001	5.426234E-6
33.799999	5.502620E-6
33.899998	5.380403E-6
34.000000	5.456789E-6
34.099998	5.556090E-6
34.200001	5.609560E-6
34.299999	5.525536E-6
34.399998	5.571367E-6
34.500000	5.563729E-6
34.599998	5.540813E-6
34.700001	5.556090E-6
34.799999	5.601921E-6
34.899998	5.563729E-6
35.000000	5.533174E-6
35.099998	5.563729E-6
35.200001	5.571367E-6
35.299999	5.540813E-6
35.399998	5.601921E-6
35.500000	5.556090E-6
35.599998	5.601921E-6
35.700001	5.624837E-6
35.799999	5.571367E-6
35.899998	5.594283E-6
36.000000	5.647752E-6
36.099998	5.640114E-6
36.200001	5.647752E-6
36.299999	5.640114E-6
36.399998	5.556090E-6
36.500000	5.609560E-6
36.599998	5.594283E-6
36.700001	5.624837E-6
36.799999	5.632476E-6
36.899998	5.586644E-6
37.000000	5.556090E-6
37.099998	5.563729E-6
37.200001	5.594283E-6
37.299999	5.556090E-6
37.399998	5.586644E-6
37.500000	5.586644E-6
37.599998	5.556090E-6
37.700001	5.601921E-6
37.799999	5.601921E-6
37.899998	5.663030E-6
38.000000	5.556090E-6
38.099998	5.678307E-6
38.200001	5.678307E-6
38.299999	5.747054E-6
38.399998	5.670669E-6
38.500000	5.747054E-6
38.599998	5.678307E-6
38.700001	5.663030E-6
38.799999	5.685945E-6
38.899998	5.708861E-6
39.000000	5.678307E-6
39.099998	5.731777E-6
39.200001	5.846356E-6
39.299999	5.876910E-6
39.399998	5.754693E-6
39.500000	5.762331E-6
39.599998	5.831078E-6
39.700001	5.831078E-6
39.799999	5.823440E-6
39.899998	5.892187E-6
40.000000	5.861632E-6
40.099998	5.861632E-6
40.200001	5.907464E-6
40.299999	5.960934E-6
40.399998	5.884549E-6
40.500000	5.953295E-6
40.599998	5.938018E-6
40.700001	5.953295E-6
40.799999	5.915103E-6
40.899998	5.846356E-6
41.000000	5.899825E-6
41.099998	5.930380E-6
41.200001	5.968573E-6
41.299999	5.876910E-6
41.399998	5.861632E-6
41.500000	5.853994E-6
41.599998	5.701223E-6
41.700001	5.792886E-6
41.799999	5.861632E-6
41.899998	5.624837E-6
42.000000	5.586644E-6
42.099998	5.563729E-6
42.200001	5.494981E-6
42.299999	5.517897E-6
42.399998	5.487343E-6
42.500000	5.502620E-6
42.599998	5.464427E-6
42.700001	5.433873E-6
42.799999	5.380403E-6
42.899998	5.395680E-6
43.000000	5.372764E-6
43.099998	5.380403E-6
43.200001	5.410957E-6
43.299999	5.449150E-6
43.399998	5.388041E-6
43.500000	5.388041E-6
43.599998	5.410957E-6
43.700001	5.342210E-6
43.799999	5.410957E-6
43.899998	5.372764E-6
44.000000	5.372764E-6
44.099998	5.388041E-6
44.200001	5.395680E-6
44.299999	5.365126E-6
44.399998	5.388041E-6
44.500000	5.395680E-6
44.599998	5.403318E-6
44.700001	5.372764E-6
44.799999	5.388041E-6
44.899998	5.418596E-6
45.000000	5.418596E-6
45.099998	5.441511E-6
45.200001	5.433873E-6
45.299999	5.380403E-6
45.399998	5.403318E-6
45.500000	5.410957E-6
45.599998	5.403318E-6
45.699997	5.426234E-6
45.799999	5.388041E-6
45.899998	5.449150E-6
46.000000	5.410957E-6
46.099998	5.410957E-6
46.199997	5.449150E-6
46.299999	5.449150E-6
46.399998	5.410957E-6
46.500000	5.433873E-6
46.599998	5.433873E-6
46.699997	5.388041E-6
46.799999	5.418596E-6
46.899998	5.410957E-6
47.000000	5.418596E-6
47.099998	5.464427E-6
47.199997	5.449150E-6
47.299999	5.426234E-6
47.399998	5.479704E-6
47.500000	5.395680E-6
47.599998	5.372764E-6
47.699997	5.380403E-6
47.799999	5.365126E-6
47.899998	5.334572E-6
48.000000	5.296378E-6
48.099998	5.380403E-6
48.199997	5.395680E-6
48.299999	5.410957E-6
48.399998	5.403318E-6
48.500000	5.441511E-6
48.599998	5.502620E-6
48.699997	5.449150E-6
48.799999	5.525536E-6
48.899998	5.426234E-6
49.000000	5.410957E-6
49.099998	5.410957E-6
49.199997	5.395680E-6
49.299999	5.426234E-6
49.399998	5.510258E-6
49.500000	5.433873E-6
49.599998	5.418596E-6
49.699997	5.395680E-6
49.799999	5.464427E-6
49.899998	5.494981E-6
50.000000	5.410957E-6
50.099998	5.464427E-6
50.199997	5.510258E-6
50.299999	5.418596E-6
50.399998	5.472065E-6
50.500000	5.441511E-6
50.599998	5.517897E-6
50.699997	5.479704E-6
50.799999	5.510258E-6
50.899998	5.510258E-6
51.000000	5.517897E-6
51.099998	5.479704E-6
51.199997	5.494981E-6
51.299999	5.517897E-6
51.399998	5.556090E-6
51.500000	5.571367E-6
51.599998	5.533174E-6
51.699997	5.525536E-6
51.799999	5.556090E-6
51.899998	5.571367E-6
52.000000	5.563729E-6
52.099998	5.571367E-6
52.199997	5.579006E-6
52.299999	5.579006E-6
52.399998	5.609560E-6
52.500000	5.632476E-6
52.599998	5.609560E-6
52.699997	5.525536E-6
52.799999	5.517897E-6
52.899998	5.571367E-6
53.000000	5.632476E-6
53.099998	5.640114E-6
53.199997	5.670669E-6
53.299999	5.586644E-6
53.399998	5.601921E-6
53.500000	5.624837E-6
53.599998	5.571367E-6
53.699997	5.556090E-6
53.799999	5.624837E-6
53.899998	5.647752E-6
54.000000	5.655391E-6
54.099998	5.670669E-6
54.199997	5.609560E-6
54.299999	5.701223E-6
54.399998	5.556090E-6
54.500000	5.601921E-6
54.599998	5.655391E-6
54.699997	5.601921E-6
54.799999	5.663030E-6
54.899998	5.701223E-6
55.000000	5.724138E-6
55.099998	5.739415E-6
55.199997	5.785247E-6
55.299999	5.747054E-6
55.399998	5.739415E-6
55.500000	5.747054E-6
55.599998	5.747054E-6
55.699997	5.739415E-6
55.799999	5.769970E-6
55.899998	5.754693E-6
56.000000	5.777608E-6
56.099998	5.777608E-6
56.199997	5.754693E-6
56.299999	5.762331E-6
56.399998	5.792886E-6
56.500000	5.823440E-6
56.599998	5.815801E-6
56.699997	5.739415E-6
56.799999	5.785247E-6
56.899998	5.785247E-6
57.000000	5.769970E-6
57.099998	5.747054E-6
57.199997	5.785247E-6
57.299999	5.876910E-6
57.399998	5.861632E-6
57.500000	5.876910E-6
57.599998	5.808163E-6
57.699997	5.884549E-6
57.799999	5.899825E-6
57.899998	5.815801E-6
58.000000	5.876910E-6
58.099998	5.907464E-6
58.199997	5.899825E-6
58.299999	5.899825E-6
58.399998	5.876910E-6
58.500000	5.853994E-6
58.599998	5.869271E-6
58.699997	5.899825E-6
58.799999	5.846356E-6
58.899998	5.853994E-6
59.000000	5.853994E-6
59.099998	5.800524E-6
59.199997	5.762331E-6
59.299999	5.785247E-6
59.399998	5.892187E-6
59.500000	5.823440E-6
59.599998	5.808163E-6
59.699997	5.792886E-6
59.799999	5.754693E-6
59.899998	5.777608E-6
60.000000	5.800524E-6
