0.072900	-0.001901
0.100000	-0.002163
0.132350	-0.001160
0.200000	-0.001488
0.300000	-0.002270
0.400000	-0.002168
0.500000	-0.001945
0.600000	-0.002287
0.700000	-0.002269
0.719250	-0.001266
0.800000	-0.001570
0.900000	-0.002012
1.000000	-0.002247
1.100000	-0.001925
1.192150	-0.000896
1.197275	-0.001896
1.200000	-0.001886
1.300000	-0.001941
1.400000	-0.002012
1.500000	-0.001983
1.600000	-0.002109
1.700000	-0.002160
1.800000	-0.002017
1.900000	-0.001984
2.000000	-0.002077
2.100000	-0.001869
2.200000	-0.001887
2.300000	-0.001912
2.400000	-0.001879
2.500000	-0.001804
2.600000	-0.001915
2.700000	-0.001995
2.800000	-0.001902
2.900000	-0.001884
3.000000	-0.002152
3.100000	-0.002156
3.200000	-0.002161
3.300000	-0.002149
3.400000	-0.002236
3.500000	-0.002265
3.600000	-0.002228
3.700000	-0.002257
3.800000	-0.002213
3.843550	-0.000290
3.843675	-0.001442
3.900000	-0.002060
4.000000	-0.002178
4.100000	-0.002107
4.200000	-0.002041
4.300000	-0.001288
4.400000	-0.001623
4.500000	-0.001568
4.600000	-0.001627
4.700000	-0.001415
4.800000	-0.001611
4.900000	-0.001619
5.000000	-0.001705
5.100000	-0.001641
5.200000	-0.001575
5.300000	-0.001652
5.400000	-0.001731
5.500000	-0.001678
5.600000	-0.001642
5.700000	-0.001674
5.800000	-0.001657
5.900000	-0.001693
6.000000	-0.001809
6.100000	-0.001754
6.200000	-0.001860
6.300000	-0.001903
6.400000	-0.001811
6.500000	-0.001873
6.600000	-0.001879
6.700000	-0.001840
6.800000	-0.001827
6.900000	-0.001791
7.000000	-0.001847
7.100000	-0.001824
7.200000	-0.001902
7.300000	-0.001869
7.400000	-0.001795
7.500000	-0.001564
7.600000	-0.001274
7.700000	-0.001467
7.800000	-0.001573
7.900000	-0.001694
8.000000	-0.001638
8.099999	-0.001723
8.200000	-0.001722
8.300000	-0.001944
8.400000	-0.001895
8.500000	-0.001923
8.599999	-0.001901
8.700000	-0.001883
8.800000	-0.001998
8.900000	-0.001915
9.000000	-0.001412
9.099999	-0.001866
9.200000	-0.002035
9.300000	-0.001443
9.400000	-0.000750
9.416750	-0.001752
9.451625	-0.000719
9.500000	-0.001291
9.599999	-0.001983
9.700000	-0.001938
9.800000	-0.001886
9.900000	-0.002002
10.000000	-0.001996
10.099999	-0.002017
10.200000	-0.001990
10.300000	-0.001947
10.400000	-0.001941
10.500000	-0.001838
10.599999	-0.001464
10.700000	-0.001973
10.800000	-0.001999
10.900000	-0.001658
11.000000	-0.001697
11.042049	-0.000597
11.051675	-0.001599
11.099999	-0.001840
11.200000	-0.001779
11.300000	-0.001852
11.400000	-0.001866
11.478650	-0.000863
11.491899	-0.001863
11.500000	-0.001992
11.599999	-0.001838
11.700000	-0.001822
11.799999	-0.001868
11.900000	-0.001798
12.000000	-0.001796
12.099999	-0.001774
12.200000	-0.001830
12.261274	-0.000827
12.282724	0.000186
12.292375	-0.000818
12.299999	-0.001344
12.400000	-0.001839
12.500000	-0.001861
12.599999	-0.001873
12.606524	-0.000862
12.627125	-0.001871
12.700000	-0.001775
12.797199	-0.000754
12.799999	-0.000545
12.815849	-0.001552
12.900000	-0.001839
13.000000	-0.001883
13.099999	-0.001822
13.200000	-0.001787
13.299999	-0.001829
13.400000	-0.001860
13.500000	-0.001745
13.599999	-0.001864
13.700000	-0.001964
13.799999	-0.001812
13.900000	-0.001899
14.000000	-0.001860
14.099999	-0.001949
14.119800	-0.000928
14.200000	-0.000523
14.209399	-0.001525
14.299999	-0.001778
14.400000	-0.001862
14.442949	-0.000853
14.461349	-0.001857
14.500000	-0.001903
14.599999	-0.001828
14.700000	-0.001789
14.768600	-0.000781
14.799999	-0.001770
14.900000	-0.001877
15.000000	-0.001857
15.099999	-0.001836
15.186174	-0.000794
15.200000	-0.001697
15.299999	-0.001882
15.400000	-0.001948
15.500000	-0.001935
15.599999	-0.001929
15.700000	-0.001929
15.799999	-0.001926
15.864525	-0.000923
15.900000	-0.001826
16.000000	-0.001880
16.081150	-0.000851
16.100000	-0.001727
16.199999	-0.001910
16.299999	-0.001861
16.400000	-0.001833
16.500000	-0.001887
16.600000	-0.001932
16.699999	-0.001886
16.799999	-0.001911
16.900000	-0.001952
17.000000	-0.001895
17.100000	-0.001934
17.199999	-0.001850
17.299999	-0.001931
17.400000	-0.001881
17.500000	-0.001865
17.600000	-0.001909
17.699999	-0.001930
17.799999	-0.001899
17.900000	-0.001860
18.000000	-0.001902
18.100000	-0.001875
18.199999	-0.001901
18.299999	-0.001860
18.400000	-0.001869
18.500000	-0.001959
18.600000	-0.001934
18.699999	-0.001976
18.799999	-0.001895
18.900000	-0.001914
19.000000	-0.001826
19.100000	-0.001883
19.199999	-0.001866
19.299999	-0.001850
19.344599	-0.000845
19.390724	-0.001847
19.400000	-0.001860
19.500000	-0.001946
19.600000	-0.001904
19.699999	-0.001926
19.799999	-0.001884
19.900000	-0.001922
20.000000	-0.001937
20.100000	-0.001892
20.197899	-0.000321
20.197950	-0.001440
20.199999	-0.001783
20.299999	-0.001855
20.400000	-0.001884
20.500000	-0.001901
20.600000	-0.001861
20.699999	-0.001846
20.799999	-0.001756
20.900000	-0.001910
21.000000	-0.001862
21.100000	-0.001737
21.199999	-0.001796
21.299999	-0.001760
21.400000	-0.001766
21.500000	-0.001785
21.600000	-0.001805
21.699999	-0.001771
21.799999	-0.001852
21.900000	-0.001837
22.000000	-0.001797
22.100000	-0.001803
22.199999	-0.001791
22.299999	-0.001707
22.400000	-0.001784
22.500000	-0.001839
22.600000	-0.001688
22.699999	-0.001686
22.799999	-0.001461
22.900000	-0.001764
23.000000	-0.001691
23.099998	-0.001664
23.199999	-0.001555
23.299999	-0.001574
23.400000	-0.001550
23.500000	-0.001601
23.599998	-0.001645
23.699999	-0.001698
23.799999	-0.001637
23.900000	-0.001642
24.000000	-0.001664
24.099998	-0.001380
24.199999	-0.001623
24.299999	-0.001600
24.400000	-0.001468
24.500000	-0.001485
24.599998	-0.001425
24.699999	-0.001458
24.799999	-0.001649
24.900000	-0.001632
25.000000	-0.001684
25.099998	-0.001653
25.199999	-0.001659
25.299999	-0.001596
25.400000	-0.001337
25.500000	-0.001484
25.599998	-0.001673
25.699999	-0.001816
25.799999	-0.001607
25.900000	-0.001516
26.000000	-0.001727
26.099998	-0.001687
26.199999	-0.001679
26.299999	-0.001655
26.400000	-0.001745
26.500000	-0.001838
26.599998	-0.001957
26.699999	-0.001968
26.799999	-0.001990
26.900000	-0.001944
27.000000	-0.001843
27.099998	-0.002022
27.199999	-0.001967
27.299999	-0.001940
27.400000	-0.002023
27.500000	-0.001939
27.599998	-0.001910
27.699999	-0.002019
27.799999	-0.002026
27.900000	-0.001972
28.000000	-0.001912
28.099998	-0.001641
28.199999	-0.001834
28.299999	-0.001809
28.400000	-0.001689
28.500000	-0.001642
28.599998	-0.001680
28.699999	-0.001827
28.799999	-0.001727
28.900000	-0.001793
29.000000	-0.001883
29.099998	-0.001891
29.199999	-0.001856
29.293600	-0.000853
29.299999	-0.001459
29.400000	-0.001754
29.500000	-0.001715
29.599998	-0.001681
29.699999	-0.001799
29.799999	-0.001830
29.900000	-0.001785
30.000000	-0.001837
30.099998	-0.001739
30.113375	-0.000737
30.135149	-0.001744
30.199999	-0.001889
30.299999	-0.001889
30.366749	-0.000878
30.397850	-0.001880
30.400000	-0.001865
30.500000	-0.001865
30.599998	-0.001853
30.699999	-0.001764
30.799999	-0.001789
30.900000	-0.001900
30.993450	-0.000899
31.000000	-0.001600
31.099998	-0.001941
31.152775	-0.000925
31.197050	-0.001928
31.199999	-0.001936
31.299999	-0.001920
31.400000	-0.001790
31.500000	-0.001818
31.599998	-0.001647
31.641550	-0.000642
31.699999	-0.001505
31.742624	-0.000471
31.758200	-0.001472
31.799999	-0.001676
31.900000	-0.001735
32.000000	-0.000973
32.099998	-0.001552
32.200001	-0.001376
32.299999	-0.001686
32.399998	-0.001628
32.500000	-0.001673
32.599998	-0.001604
32.700001	-0.001614
32.794849	-0.000461
32.795097	-0.001474
32.799999	-0.001532
32.899998	-0.001480
33.000000	-0.001652
33.099998	-0.001499
33.200001	-0.001519
33.299999	-0.001636
33.349422	-0.000635
33.399998	-0.001607
33.500000	-0.001607
33.506847	0.001988
33.506874	0.000629
33.506901	-0.000990
33.599998	-0.001645
33.700001	-0.001616
33.799999	-0.001658
33.899998	-0.001573
34.000000	-0.001539
34.040424	-0.000520
34.085976	-0.001521
34.099998	-0.001674
34.148273	-0.000669
34.196499	-0.001671
34.200001	-0.001650
34.299999	-0.001735
34.380699	-0.000734
34.399998	-0.001253
34.500000	-0.001793
34.593300	-0.000770
34.599998	-0.000595
34.700001	-0.001480
34.799999	-0.001461
34.899998	-0.001473
35.000000	-0.001514
35.099998	-0.001396
35.200001	-0.001386
35.299999	-0.001279
35.399998	-0.001605
35.500000	-0.001613
35.599998	-0.001519
35.700001	-0.001598
35.799999	-0.001604
35.899998	-0.001540
36.000000	-0.001581
36.099998	-0.001578
36.200001	-0.001555
36.299999	-0.001574
36.399998	-0.001570
36.500000	-0.001558
36.599998	-0.001503
36.700001	-0.001460
36.799999	-0.001542
36.899998	-0.001545
36.948025	-0.000538
36.980099	-0.001543
37.000000	-0.001522
37.046947	-0.000510
37.099998	-0.000840
37.118324	0.000169
37.126499	-0.000835
37.200001	-0.001654
37.299999	-0.001640
37.399998	-0.001760
37.500000	-0.001817
37.599998	-0.001738
37.700001	-0.001811
37.799999	-0.001778
37.899998	-0.001632
37.946526	-0.000631
37.977623	-0.001632
38.000000	-0.001784
38.099998	-0.001759
38.200001	-0.001739
38.299999	-0.001767
38.399998	-0.001723
38.500000	-0.001651
38.599998	-0.001620
38.700001	-0.001590
38.799999	-0.001615
38.899998	-0.001673
39.000000	-0.001557
39.099998	-0.001357
39.200001	-0.001201
39.299999	-0.001196
39.399998	-0.001266
39.500000	-0.001228
39.535423	3.391937E-5
39.577225	-0.000975
39.599998	-0.001184
39.700001	-0.001261
39.799999	-0.001349
39.899998	-0.001337
40.000000	-0.001263
40.091698	-0.000253
40.099998	-8.762204E-5
40.149075	-0.001094
40.200001	-0.001567
40.235100	-0.000543
40.299999	-0.000976
40.399998	-0.001428
40.500000	-0.001398
40.599998	-0.000682
40.700001	-0.001495
40.799999	-0.001461
40.899998	-0.001355
40.928299	-0.000330
41.000000	-0.000805
41.099998	-0.001292
41.200001	-0.001156
41.270599	-0.000156
41.299999	-0.000902
41.399998	-0.001127
41.500000	-0.000263
41.599998	-0.001154
41.700001	-0.001286
41.799999	-0.001225
41.806351	-0.000176
41.859425	-0.001183
41.899998	-0.000403
41.930748	-0.001415
42.000000	-0.001447
42.028748	-0.000441
42.099998	-0.000310
42.164848	-0.001313
42.181274	-0.000307
42.200001	-0.000185
42.270050	-0.001186
42.299999	-0.001389
42.399998	-0.001295
42.500000	-0.001266
42.558125	-0.000251
42.599998	-0.001002
42.700001	-0.001278
42.799999	-0.001164
42.871124	-0.000131
42.899025	-0.001133
42.899998	-0.001163
42.979572	-0.000124
43.000000	-0.000934
43.099998	-0.001083
43.104874	0.001508
43.104950	-0.000720
43.167500	0.000365
43.200001	0.000416
43.208401	-0.000588
43.228050	0.000427
43.243473	-0.000578
43.299999	-0.001006
43.399998	-0.000923
43.500000	-0.001204
43.584499	-0.000193
43.599998	0.000160
43.616249	-0.000847
43.700001	-0.001303
43.799999	-0.001172
43.899998	-0.001115
44.000000	-0.001013
44.066574	1.814090E-6
44.099998	-0.000847
44.200001	-0.001139
44.299999	-0.001246
44.369247	0.000272
44.374897	-0.000739
44.399998	-0.001099
44.500000	-0.001226
44.568798	-0.000209
44.576401	0.001057
44.577274	-7.004058E-5
44.598049	-0.001074
44.599998	-0.000402
44.700001	-0.001321
44.799999	-0.001354
44.899998	-0.001347
45.000000	-0.001224
45.044598	-0.000210
45.099998	-0.001100
45.200001	-0.001582
45.299999	-0.001337
45.399998	-0.001508
45.500000	-0.001435
45.542824	-0.000403
45.599998	0.000329
45.620174	-0.000673
45.699997	-0.001452
45.799999	-0.001461
45.899998	-0.001381
46.000000	-0.000862
46.099998	-0.000474
46.199997	-0.001376
46.299999	-0.001390
46.399998	-0.001363
46.500000	-0.001342
46.574947	-0.000336
46.599998	-0.000708
46.699997	-0.001405
46.780525	-0.000314
46.799999	-0.001246
46.899998	-0.001434
47.000000	-0.001404
47.012722	-0.000396
47.050747	-0.001398
47.099998	-0.001231
47.169449	-0.000192
47.177124	-0.001204
47.184425	-0.000182
47.199997	0.000355
47.220798	-0.000653
47.259224	0.000369
47.277000	-0.000637
47.299999	-0.001324
47.399998	-0.001393
47.500000	-0.001297
47.518299	-0.000296
47.542797	-0.001297
47.599998	-0.001263
47.699997	-0.001029
47.799999	-0.001379
47.899998	-0.001363
47.917522	-0.000352
48.000000	-0.001188
48.069698	-0.000188
48.082726	0.000888
48.084000	-0.000269
48.099998	0.000357
48.153950	-0.000646
48.199997	-0.001247
48.299999	-0.001214
48.399998	-0.001194
48.500000	-0.000997
48.599998	-0.001303
48.699997	-0.001232
48.792850	-0.000229
48.799999	5.226525E-5
48.826199	0.001374
48.855747	2.092438E-5
48.870373	-0.000986
48.899998	-0.001362
49.000000	-0.001274
49.099998	-0.001446
49.183823	-4.405059E-5
49.184048	-0.001168
49.199997	-0.001381
49.299999	-0.001405
49.399998	-0.001390
49.500000	-0.001490
49.522274	-0.000460
49.548824	0.000554
49.599998	0.000298
49.618923	-0.000705
49.699997	-0.001378
49.799999	-0.001347
49.899998	-0.001342
49.972675	-0.000338
50.000000	-0.001002
50.099998	-0.001057
50.199997	-0.001409
50.299999	-0.001340
50.309399	-0.000328
50.332474	-0.001329
50.399998	-0.001467
50.500000	-0.001351
50.599998	-0.001382
50.699997	-0.001367
50.799999	-0.001428
50.899998	-0.001425
51.000000	-0.001431
51.099998	-0.001527
51.199997	-0.001339
51.299999	-0.001425
51.399998	-0.001315
51.500000	-0.001295
51.599998	-0.001285
51.699997	-0.001214
51.799999	-0.001400
51.899998	-0.001374
52.000000	-0.000805
52.099998	-0.001371
52.163448	-0.000339
52.199997	-0.001061
52.299999	-0.001153
52.399998	-0.001379
52.472073	-0.000360
52.500000	-0.001207
52.599998	-0.000846
52.699997	-0.001359
52.718548	-0.000358
52.759148	-0.001366
52.799999	-0.001389
52.899998	-0.001224
53.000000	-0.001371
53.099998	-0.001341
53.175800	-0.000341
53.199997	-0.001259
53.299999	-0.001096
53.383949	4.079907E-5
53.399998	0.000603
53.420174	-0.000400
53.477924	-0.001402
53.500000	-0.001311
53.599998	-0.000578
53.699997	-0.001379
53.799999	-0.001305
53.899998	-0.001335
54.000000	-0.001405
54.099998	-0.001366
54.199997	-0.001321
54.299999	-0.001229
54.399998	-0.001251
54.500000	-0.001373
54.599998	-0.001331
54.699997	-0.001403
54.799999	-0.001297
54.899998	-0.001246
55.000000	-0.001230
55.099998	-0.001294
55.199997	-0.001207
55.299999	-0.001156
55.399998	-0.001227
55.500000	-0.001188
55.599998	-0.001289
55.699997	-0.001201
55.799999	-0.001190
55.899998	-0.001095
56.000000	-0.001213
56.099998	-0.001228
56.199997	-0.001162
56.299999	-0.001300
56.399998	-0.001318
56.500000	-0.001169
56.599998	-0.001109
56.699997	-0.001156
56.799999	-0.001013
56.899998	-0.000990
57.000000	-0.000986
57.099998	-0.001032
57.199997	-0.001071
57.299999	-0.001058
57.399998	-0.001078
57.500000	-0.001052
57.599998	-0.001107
57.699997	-0.001101
57.799999	-0.001062
57.899998	-0.000953
58.000000	-0.000990
58.099998	-0.001119
58.199997	-0.000797
58.299999	-0.001001
58.399998	-0.001005
58.400822	0.001304
58.400848	7.749083E-5
58.402222	-0.000926
58.500000	-0.000716
58.599998	-0.000818
58.699997	-0.000842
58.799999	-0.000947
58.899998	-0.000935
59.000000	-0.001099
59.099998	-0.000963
59.199997	-0.000967
59.228825	0.000618
59.228848	-0.000782
59.299999	-0.001022
59.399998	-0.001048
59.500000	-0.000899
59.599998	-0.000885
59.617325	0.000434
59.617348	-0.000695
59.699997	-0.000763
59.799999	-0.001016
59.899998	-0.000898
60.000000	-0.000900
