-0.099300	-0.003585
-0.098064	-0.003575
-0.096854	-0.003558
-0.095599	-0.003550
-0.094334	-0.003556
-0.093118	-0.003553
-0.091873	-0.003551
-0.090670	-0.003545
-0.089413	-0.003534
-0.088208	-0.003547
-0.086992	-0.003540
-0.085766	-0.003530
-0.084476	-0.003529
-0.083252	-0.003524
-0.082034	-0.003528
-0.080812	-0.003513
-0.080529	-0.003520
-0.079195	-0.003512
-0.077906	-0.003510
-0.076808	-0.003509
-0.075476	-0.003509
-0.074196	-0.003510
-0.073027	-0.003495
-0.071690	-0.003517
-0.070573	-0.003512
-0.069269	-0.003495
-0.068166	-0.003506
-0.066911	-0.003498
-0.065578	-0.003493
-0.064390	-0.003511
-0.063239	-0.003507
-0.061807	-0.003490
-0.060675	-0.003489
-0.059486	-0.003497
-0.058254	-0.003501
-0.057027	-0.003490
-0.055819	-0.003498
-0.054497	-0.003498
-0.053294	-0.003481
-0.052057	-0.003480
-0.050816	-0.003495
-0.049641	-0.003494
-0.048457	-0.003477
-0.047192	-0.003478
-0.045788	-0.003485
-0.044766	-0.003489
-0.043573	-0.003480
-0.042183	-0.003478
-0.040961	-0.003480
-0.039872	-0.003486
-0.038483	-0.003472
-0.037070	-0.003471
-0.036124	-0.003482
-0.034821	-0.003475
-0.033556	-0.003468
-0.032367	-0.003465
-0.031192	-0.003471
-0.029841	-0.003466
-0.028762	-0.003448
-0.027368	-0.003444
-0.026026	-0.003468
-0.024976	-0.003460
-0.023768	-0.003441
-0.022517	-0.003434
-0.021056	-0.003451
-0.020221	-0.003453
-0.018850	-0.003436
-0.017456	-0.003442
-0.016334	-0.003457
-0.015169	-0.003455
-0.013784	-0.003442
-0.012667	-0.003441
-0.011459	-0.003444
-0.010099	-0.003439
-0.008876	-0.003450
-0.007726	-0.003457
-0.006561	-0.003444
-0.005166	-0.003440
-0.004054	-0.003448
-0.002832	-0.003446
-0.001609	-0.003440
-0.000363	-0.003433
0.000840	-0.003441
0.002229	-0.003439
0.003342	-0.003431
0.004511	-0.003423
0.005824	-0.003423
0.007075	-0.003422
0.008279	-0.003427
0.009491	-0.003424
0.010737	-0.003419
0.011902	-0.003414
0.013139	-0.003416
0.014567	-0.003423
0.015679	-0.003422
0.016820	-0.003409
0.018190	-0.003404
0.019470	-0.003411
0.020549	-0.003416
0.021910	-0.003406
0.023099	-0.003407
0.024264	-0.003415
0.025505	-0.003412
0.026770	-0.003400
0.027978	-0.003397
0.029134	-0.003402
0.030537	-0.003407
0.031636	-0.003402
0.032815	-0.003401
0.034257	-0.003398
0.035508	-0.003405
0.036563	-0.003399
0.037823	-0.003391
0.039275	-0.003399
0.040273	-0.003402
0.041447	-0.003391
0.042918	-0.003391
0.044083	-0.003403
0.045076	-0.003397
0.046456	-0.003372
0.047726	-0.003370
0.049015	-0.003397
0.050237	-0.003392
0.051330	-0.003367
0.052648	-0.003370
0.054009	-0.003390
0.055222	-0.003375
0.056434	-0.003368
0.057599	-0.003376
0.058865	-0.003382
0.060039	-0.003369
0.061247	-0.003371
0.062522	-0.003377
0.063849	-0.003375
0.064828	-0.003372
0.066236	-0.003361
0.067502	-0.003365
0.068652	-0.003369
0.069889	-0.003369
0.071145	-0.003367
0.072334	-0.003365
0.073556	-0.003358
0.074893	-0.003363
0.075943	-0.003357
0.077247	-0.003350
0.078722	-0.003353
0.079863	-0.003352
0.081023	-0.003345
0.082346	-0.003339
0.083573	-0.003332
0.084867	-0.003333
0.085965	-0.003345
0.087278	-0.003334
0.088438	-0.003326
0.089660	-0.003329
0.090926	-0.003334
0.092143	-0.003326
0.093446	-0.003325
0.094755	-0.003327
0.095958	-0.003331
0.097066	-0.003330
0.098345	-0.003319
0.099596	-0.003321
0.100737	-0.003318
0.102012	-0.003318
0.103354	-0.003323
0.104399	-0.003322
0.105583	-0.003312
0.106987	-0.003306
0.108214	-0.003308
0.109346	-0.003319
0.110635	-0.003309
0.111962	-0.003292
0.113180	-0.003292
0.114454	-0.003301
0.115629	-0.003310
0.116717	-0.003299
0.118054	-0.003293
0.119530	-0.003301
0.120465	-0.003293
0.121602	-0.003280
0.123096	-0.003284
0.124204	-0.003296
0.125388	-0.003281
0.126792	-0.003274
0.128090	-0.003281
0.129150	-0.003286
0.130358	-0.003279
0.131628	-0.003272
0.132960	-0.003273
0.134059	-0.003279
0.135343	-0.003271
0.136613	-0.003269
0.137678	-0.003262
0.139067	-0.003266
0.140265	-0.003266
0.141416	-0.003265
0.142667	-0.003260
0.144042	-0.003252
0.145145	-0.003247
0.146339	-0.003242
0.147647	-0.003240
0.148960	-0.003249
0.149972	-0.003236
0.151323	-0.003227
0.152655	-0.003231
0.153925	-0.003244
0.155062	-0.003237
0.156265	-0.003227
0.157473	-0.003224
0.158657	-0.003213
0.160070	-0.003223
0.161140	-0.003219
0.162481	-0.003217
0.163856	-0.003219
0.164945	-0.003222
0.166053	-0.003217
0.167366	-0.003203
0.168631	-0.003217
0.169762	-0.003222
0.170985	-0.003206
0.172360	-0.003194
0.173649	-0.003203
0.174771	-0.003212
0.175988	-0.003200
0.177125	-0.003191
0.178428	-0.003204
0.179607	-0.003196
0.180877	-0.003182
0.182114	-0.003186
0.183365	-0.003186
0.184659	-0.003170
0.185872	-0.003171
0.187017	-0.003180
0.188345	-0.003174
0.189529	-0.003165
0.190723	-0.003169
0.192131	-0.003168
0.193215	-0.003159
0.194437	-0.003159
0.195745	-0.003159
0.197030	-0.003158
0.198147	-0.003151
0.199388	-0.003146
0.200711	-0.003138
0.201933	-0.003138
0.203179	-0.003143
0.204387	-0.003136
0.205629	-0.003128
0.206851	-0.003128
0.208145	-0.003130
0.209348	-0.003125
0.210522	-0.003123
0.211749	-0.003116
0.213029	-0.003105
0.214122	-0.003100
0.215478	-0.003102
0.216619	-0.003100
0.217842	-0.003089
0.219045	-0.003084
0.220477	-0.003086
0.221661	-0.003089
0.222745	-0.003079
0.224206	-0.003083
0.225242	-0.003085
0.226445	-0.003075
0.227787	-0.003068
0.229129	-0.003070
0.230084	-0.003069
0.231406	-0.003055
0.232757	-0.003051
0.233903	-0.003056
0.235121	-0.003052
0.236491	-0.003046
0.237747	-0.003040
0.238912	-0.003037
0.240177	-0.003043
0.241452	-0.003038
0.242583	-0.003025
0.243997	-0.003028
0.245147	-0.003033
0.246231	-0.003016
0.247635	-0.003013
0.248781	-0.003014
0.250060	-0.003008
0.251254	-0.003010
0.252543	-0.003004
0.253737	-0.002999
0.254897	-0.002991
0.256243	-0.002989
0.257547	-0.002996
0.258592	-0.002989
0.259791	-0.002979
0.261252	-0.002979
0.262245	-0.002973
0.263529	-0.002963
0.264861	-0.002953
0.266112	-0.002949
0.267234	-0.002952
0.268461	-0.002940
0.269736	-0.002932
0.271006	-0.002933
0.272286	-0.002934
0.273551	-0.002928
0.274596	-0.002921
0.275962	-0.002917
0.277289	-0.002914
0.278335	-0.002911
0.279581	-0.002905
0.280932	-0.002898
0.282207	-0.002894
0.283248	-0.002893
0.284599	-0.002890
0.285802	-0.002882
0.286943	-0.002875
0.288261	-0.002869
0.289579	-0.002863
0.290687	-0.002865
0.291914	-0.002852
0.293231	-0.002836
0.294425	-0.002834
0.295518	-0.002835
0.296932	-0.002821
0.298049	-0.002815
0.299266	-0.002824
0.300579	-0.002803
0.301931	-0.002797
0.303019	-0.002799
0.304265	-0.002808
0.305507	-0.002794
0.306700	-0.002779
0.307918	-0.002778
0.309326	-0.002787
0.310362	-0.002772
0.311518	-0.002752
0.312969	-0.002742
0.314201	-0.002753
0.315304	-0.002744
0.316646	-0.002729
0.317887	-0.002725
0.319124	-0.002733
0.320255	-0.002731
0.321520	-0.002717
0.322886	-0.002720
0.323955	-0.002718
0.325249	-0.002704
0.326505	-0.002686
0.327813	-0.002694
0.328806	-0.002690
0.330263	-0.002667
0.331485	-0.002672
0.332669	-0.002678
0.333858	-0.002657
0.335118	-0.002643
0.336350	-0.002649
0.337558	-0.002648
0.338704	-0.002628
0.339816	-0.002614
0.341258	-0.002613
0.342461	-0.002618
0.343631	-0.002598
0.344887	-0.002582
0.346238	-0.002581
0.347289	-0.002579
0.348578	-0.002568
0.349981	-0.002558
0.351013	-0.002548
0.352354	-0.002537
0.353596	-0.002533
0.354722	-0.002525
0.355969	-0.002523
0.357315	-0.002522
0.358504	-0.002514
0.359783	-0.002507
0.360991	-0.002497
0.362314	-0.002487
0.363431	-0.002484
0.364649	-0.002471
0.366024	-0.002456
0.367179	-0.002450
0.368401	-0.002456
0.369648	-0.002454
0.370894	-0.002432
0.372121	-0.002424
0.373400	-0.002427
0.374632	-0.002423
0.375663	-0.002412
0.376924	-0.002400
0.378232	-0.002385
0.379497	-0.002381
0.380705	-0.002378
0.381875	-0.002363
0.383131	-0.002351
0.384406	-0.002352
0.385575	-0.002345
0.386779	-0.002328
0.388049	-0.002322
0.389309	-0.002319
0.390579	-0.002302
0.391782	-0.002290
0.393028	-0.002285
0.394337	-0.002274
0.395468	-0.002248
0.396743	-0.002233
0.398056	-0.002231
0.399331	-0.002235
0.400434	-0.002223
0.401756	-0.002206
0.402921	-0.002202
0.404206	-0.002189
0.405404	-0.002178
0.406741	-0.002167
0.407844	-0.002156
0.409142	-0.002155
0.410403	-0.002150
0.411563	-0.002124
0.412929	-0.002125
0.414012	-0.002123
0.415273	-0.002108
0.416505	-0.002097
0.417780	-0.002083
0.418964	-0.002068
0.420200	-0.002047
0.421422	-0.002047
0.422759	-0.002043
0.423767	-0.002030
0.425037	-0.002017
0.426412	-0.002006
0.427601	-0.002004
0.428842	-0.001993
0.430093	-0.001986
0.431258	-0.001973
0.432538	-0.001961
0.433817	-0.001960
0.434982	-0.001950
0.436238	-0.001930
0.437513	-0.001920
0.438778	-0.001915
0.439948	-0.001897
0.441108	-0.001880
0.442502	-0.001876
0.443700	-0.001867
0.444889	-0.001855
0.446083	-0.001838
0.447372	-0.001817
0.448647	-0.001802
0.449831	-0.001797
0.451020	-0.001782
0.452242	-0.001761
0.453512	-0.001745
0.454801	-0.001741
0.455875	-0.001731
0.457141	-0.001715
0.458458	-0.001705
0.459619	-0.001684
0.460970	-0.001683
0.462106	-0.001680
0.463352	-0.001656
0.464503	-0.001632
0.465835	-0.001623
0.467033	-0.001608
0.468232	-0.001593
0.469425	-0.001571
0.470853	-0.001570
0.471961	-0.001554
0.473083	-0.001540
0.474529	-0.001528
0.475671	-0.001509
0.476845	-0.001490
0.478101	-0.001479
0.479414	-0.001466
0.480574	-0.001452
0.481801	-0.001438
0.483176	-0.001434
0.484284	-0.001418
0.485473	-0.001397
0.486781	-0.001384
0.488046	-0.001366
0.489197	-0.001351
0.490648	-0.001354
0.491603	-0.001338
0.492806	-0.001309
0.494172	-0.001294
0.495389	-0.001291
0.496511	-0.001276
0.497800	-0.001256
0.499133	-0.001244
0.500307	-0.001233
0.501429	-0.001209
0.502776	-0.001189
0.504055	-0.001183
0.505182	-0.001161
0.506495	-0.001137
0.507794	-0.001121
0.508906	-0.001118
0.510018	-0.001084
0.511389	-0.001065
0.512697	-0.001077
0.513762	-0.001047
0.515094	-0.001013
0.516349	-0.001000
0.517596	-0.001000
0.518804	-0.000969
0.520131	-0.000939
0.521305	-0.000925
0.522604	-0.000929
0.523774	-0.000912
0.524910	-0.000882
0.526075	-0.000864
0.527613	-0.000862
0.528606	-0.000838
0.529890	-0.000809
0.531065	-0.000787
0.532483	-0.000779
0.533480	-0.000764
0.534779	-0.000735
0.536140	-0.000724
0.537372	-0.000717
0.538441	-0.000692
0.539778	-0.000662
0.541058	-0.000655
0.542161	-0.000640
0.543407	-0.000612
0.544634	-0.000581
0.545842	-0.000566
0.547155	-0.000550
0.548329	-0.000523
0.549523	-0.000503
0.550922	-0.000486
0.552154	-0.000474
0.553438	-0.000450
0.554565	-0.000429
0.555844	-0.000413
0.557033	-0.000391
0.558303	-0.000372
0.559607	-0.000344
0.560867	-0.000327
0.562061	-0.000317
0.563273	-0.000297
0.564458	-0.000276
0.565699	-0.000254
0.566959	-0.000242
0.568220	-0.000217
0.569433	-0.000197
0.570679	-0.000186
0.571772	-0.000165
0.573138	-0.000133
0.574274	-0.000115
0.575534	-0.000103
0.576752	-7.085277E-5
0.577955	-3.525986E-5
0.579297	-8.553240E-6
0.580586	-1.004678E-6
0.581727	1.431884E-6
0.582859	2.703967E-5
0.584086	6.965561E-5
0.585446	9.779551E-5
0.586693	8.131289E-5
0.587834	0.000112
0.589061	0.000153
0.590369	0.000173
0.591639	0.000178
0.592699	0.000207
0.593983	0.000246
0.595382	0.000265
0.596638	0.000276
0.597726	0.000295
0.599054	0.000327
0.600343	0.000339
0.601603	0.000350
0.602735	0.000370
0.603895	0.000401
0.605141	0.000430
0.606478	0.000438
0.607667	0.000465
0.608989	0.000495
0.610102	0.000521
0.611243	0.000541
0.612647	0.000566
0.613669	0.000588
0.614996	0.000622
0.616261	0.000652
0.617536	0.000663
0.618696	0.000690
0.619928	0.000715
0.621126	0.000736
0.622301	0.000765
0.623724	0.000788
0.624850	0.000814
0.626092	0.000830
0.627352	0.000856
0.628756	0.000881
0.629759	0.000908
0.630771	0.000927
0.632007	0.000953
0.633249	0.000965
0.634318	0.000995
0.635765	0.001025
0.636997	0.001047
0.638157	0.001071
0.639446	0.001096
0.640668	0.001116
0.641915	0.001143
0.643056	0.001164
0.644383	0.001182
0.645615	0.001212
0.646885	0.001238
0.648155	0.001264
0.649325	0.001285
0.650475	0.001302
0.651726	0.001323
0.652891	0.001366
0.654133	0.001395
0.655460	0.001411
0.656663	0.001431
0.657966	0.001464
0.659031	0.001486
0.660397	0.001508
0.661519	0.001540
0.662803	0.001566
0.664073	0.001588
0.665701	0.001684
0.666398	0.001704
0.667792	0.001712
0.668857	0.001728
0.669984	0.001769
0.671574	0.001794
0.672744	0.001803
0.673894	0.001838
0.675183	0.001872
0.676339	0.001879
0.677676	0.001911
0.678860	0.001941
0.680101	0.001957
0.681285	0.001996
0.682508	0.002039
0.683820	0.002057
0.685186	0.002067
0.686298	0.002097
0.687578	0.002131
0.688786	0.002145
0.689937	0.002171
0.691173	0.002210
0.692486	0.002232
0.693637	0.002251
0.694936	0.002256
0.696105	0.002298
0.697442	0.002335
0.698564	0.002354
0.699782	0.002372
0.701018	0.002400
0.702231	0.002432
0.703348	0.002467
0.704800	0.002484
0.706156	0.002490
0.707130	0.002534
0.708457	0.002570
0.709818	0.002587
0.710887	0.002606
0.712081	0.002637
0.713556	0.002665
0.714807	0.002685
0.716029	0.002699
0.717161	0.002731
0.718393	0.002763
0.719563	0.002798
0.720933	0.002819
0.722198	0.002839
0.723186	0.002873
0.724619	0.002906
0.725889	0.002921
0.727030	0.002942
0.728386	0.002967
0.729436	0.003010
0.730749	0.003035
0.731814	0.003060
0.733094	0.003090
0.734378	0.003118
0.735653	0.003136
0.736889	0.003164
0.738126	0.003190
0.739243	0.003217
0.740518	0.003244
0.741855	0.003273
0.742982	0.003304
0.744223	0.003324
0.745555	0.003355
0.746725	0.003381
0.747909	0.003412
0.749260	0.003444
0.750521	0.003466
0.751681	0.003481
0.752884	0.003512
0.754183	0.003546
0.755352	0.003567
0.756584	0.003601
0.757797	0.003621
0.759129	0.003648
0.760227	0.003688
0.761669	0.003720
0.762476	0.003769
0.763966	0.003804
0.765260	0.003840
0.766467	0.003856
0.767690	0.003883
0.768912	0.003906
0.770134	0.003926
0.771371	0.003945
0.772617	0.003972
0.773844	0.003990
0.775023	0.004022
0.776164	0.004056
0.777520	0.004073
0.778786	0.004109
0.779764	0.004148
0.781297	0.004172
0.782453	0.004188
0.783613	0.004221
0.784954	0.004256
0.786143	0.004279
0.787528	0.004301
0.788650	0.004334
0.790006	0.004366
0.791128	0.004382
0.792302	0.004410
0.793601	0.004459
0.794995	0.004484
0.796046	0.004528
0.797191	0.004549
0.798428	0.004580
0.799803	0.004610
0.800897	0.004628
0.802124	0.004658
0.803351	0.004694
0.804573	0.004716
0.805915	0.004736
0.807127	0.004757
0.808235	0.004794
0.809586	0.004815
0.810918	0.004851
0.812016	0.004887
0.813377	0.004906
0.814423	0.004949
0.815664	0.004972
0.817087	0.005013
0.818185	0.005030
0.819403	0.005052
0.820673	0.005081
0.821885	0.005113
0.823394	0.005149
0.824210	0.005170
0.825853	0.005191
0.826388	0.005230
0.828106	0.005250
0.829090	0.005292
0.830608	0.005313
0.831745	0.005325
0.833043	0.005365
0.834227	0.005405
0.835388	0.005444
0.836710	0.005471
0.837942	0.005504
0.839121	0.005536
0.840301	0.005568
0.841666	0.005598
0.842817	0.005616
0.844077	0.005655
0.845357	0.005692
0.846655	0.005709
0.848059	0.005716
0.849067	0.005759
0.850356	0.005770
0.851401	0.005793
0.852733	0.005841
0.853741	0.005868
0.855159	0.005883
0.856415	0.005930
0.857709	0.005956
0.859184	0.005978
0.860158	0.006000
0.861332	0.006037
0.862593	0.006064
0.863801	0.006095
0.865090	0.006153
0.866460	0.006152
0.867630	0.006197
0.868809	0.006226
0.870108	0.006254
0.871177	0.006275
0.872619	0.006300
0.873455	0.006336
0.874596	0.006362
0.876315	0.006398
0.877738	0.006410
0.878545	0.006445
0.879528	0.006466
0.881357	0.006501
0.882517	0.006533
0.883596	0.006568
0.884938	0.006590
0.886074	0.006627
0.887248	0.006684
0.888538	0.006692
0.889674	0.006719
0.891335	0.006810
0.892252	0.006818
0.893446	0.006848
0.894759	0.006867
0.895895	0.006907
0.897046	0.006930
0.898340	0.006973
0.899667	0.007009
0.900937	0.007036
0.902040	0.007081
0.903415	0.007096
0.904504	0.007136
0.905754	0.007167
0.906700	0.007222
0.908065	0.007265
0.909612	0.007277
0.910949	0.007306
0.912114	0.007350
0.913155	0.007385
0.914224	0.007413
0.915829	0.007437
0.917003	0.007467
0.918111	0.007513
0.919056	0.007570
0.920699	0.007570
0.921892	0.007608
0.923067	0.007672
0.924203	0.007711
0.925335	0.007737
0.926910	0.007786
0.927927	0.007825
0.929269	0.007856
0.930701	0.007894
0.931671	0.007911
0.933003	0.007955
0.934392	0.008005
0.935485	0.008040
0.936598	0.008070
0.937763	0.008135
0.938976	0.008185
0.940160	0.008215
0.941306	0.008219
0.942915	0.008286
0.944003	0.008320
0.945249	0.008327
0.946500	0.008370
0.947999	0.008430
0.949179	0.008467
0.950191	0.008485
0.951170	0.008545
0.952717	0.008576
0.953791	0.008612
0.955133	0.008650
0.956054	0.008684
0.957725	0.008748
0.958604	0.008782
0.959673	0.008807
0.961015	0.008854
0.962543	0.008880
0.964133	0.008921
0.965221	0.008939
0.966367	0.008972
0.967494	0.009007
0.968711	0.009053
0.969657	0.009114
0.971170	0.009179
0.972426	0.009197
0.973519	0.009223
0.974765	0.009277
0.976140	0.009318
0.977239	0.009356
0.978475	0.009385
0.979721	0.009422
0.981039	0.009455
0.982051	0.009518
0.983374	0.009567
0.984706	0.009587
0.985957	0.009644
0.987236	0.009688
0.988530	0.009768
0.989633	0.009784
0.990650	0.009822
0.992431	0.009854
0.992952	0.009928
0.994513	0.009970
0.995754	0.010007
0.996933	0.010082
0.998227	0.010146
0.999602	0.010169
1.000772	0.010220
1.001832	0.010269
1.003045	0.010312
1.004415	0.010380
1.005762	0.010389
1.007051	0.010427
1.008144	0.010478
1.008879	0.010529
1.010527	0.010598
1.012116	0.010650
1.012818	0.010724
1.013969	0.010779
1.015473	0.010834
1.016796	0.010857
1.017817	0.010910
1.019245	0.010986
1.021002	0.011035
1.021861	0.011075
1.022716	0.011099
1.024234	0.011166
1.025084	0.011203
1.026808	0.011269
1.027934	0.011332
1.029324	0.011378
1.030336	0.011428
1.031601	0.011486
1.032776	0.011559
1.034008	0.011558
1.035321	0.011666
1.036419	0.011679
1.037684	0.011718
1.039035	0.011790
1.039938	0.011834
1.041427	0.011889
1.042907	0.011948
1.044569	0.012085
1.045170	0.012026
1.046020	0.012060
1.047233	0.012126
1.049047	0.012183
1.050093	0.012228
1.051583	0.012273
1.052275	0.012347
1.053402	0.012417
1.055063	0.012547
1.056157	0.012517
1.057164	0.012631
1.058539	0.012669
1.060053	0.012694
1.061452	0.012758
1.062908	0.012814
1.063371	0.012844
1.064808	0.012949
1.065787	0.012964
1.067315	0.013118
1.068838	0.013130
1.069826	0.013195
1.071254	0.013256
1.072376	0.013323
1.072977	0.013464
1.074414	0.013451
1.076534	0.013570
1.076582	0.013639
1.078076	0.013717
1.080736	0.013749
1.081433	0.013712
1.082345	0.013810
1.083605	0.013889
1.084259	0.014022
1.085453	0.014030
1.086599	0.014151
1.088485	0.014177
1.089115	0.014241
1.090581	0.014334
1.091817	0.014357
1.093431	0.014405
1.094486	0.014447
1.095374	0.014529
1.097342	0.014579
1.098454	0.014619
1.098798	0.014672
1.100435	0.014755
1.102102	0.014905
1.102598	0.014935
1.104756	0.015006
1.105549	0.015035
1.106046	0.015179
1.107994	0.015252
1.109053	0.015316
1.110190	0.015343
1.111641	0.015368
1.112754	0.015453
1.114105	0.015587
1.114286	0.015707
1.117333	0.015787
1.117347	0.015830
1.119405	0.015854
1.120522	0.015928
1.121596	0.016013
1.122217	0.016054
1.124871	0.016099
1.125000	0.016230
1.126800	0.016260
1.126256	0.016379
1.129952	0.016470
1.130248	0.016491
1.130730	0.016604
1.132821	0.016686
1.133595	0.016715
1.135495	0.016795
1.136493	0.016858
1.137624	0.016906
1.138885	0.016970
1.140222	0.017084
1.141391	0.017124
1.142991	0.017175
1.143521	0.017272
1.145001	0.017266
1.145698	0.017285
1.147455	0.017410
1.148868	0.017429
1.149537	0.017517
1.151213	0.017664
1.151929	0.017714
1.154096	0.017778
1.154789	0.017940
1.155997	0.018009
1.156278	0.018136
1.159138	0.018260
1.160723	0.018293
1.161745	0.018361
1.161301	0.018420
1.163698	0.018485
1.164586	0.018546
1.165321	0.018647
1.167217	0.018680
1.168358	0.018796
1.168697	0.018942
1.171137	0.019003
1.172870	0.019022
1.173939	0.019075
1.175095	0.019202
1.175085	0.019442
1.176560	0.019439
1.177014	0.019455
1.179272	0.019434
1.181278	0.019510
1.181793	0.019717
1.183111	0.019698
1.183211	0.019939
1.186630	0.019911
1.187604	0.019959
1.187675	0.020106
1.190010	0.020172
1.189299	0.020251
1.192125	0.020254
1.192603	0.020278
1.193071	0.020364
1.196284	0.020435
1.196031	0.020573
1.197124	0.020801
