0.072875	-0.001923
0.100000	-0.000982
0.200000	-0.000852
0.300000	-0.001094
0.400000	-0.001021
0.500000	-0.001165
0.600000	-0.001210
0.700000	-0.001005
0.800000	-0.001243
0.900000	-0.001255
1.000000	-0.001448
1.100000	-0.001555
1.200000	-0.001559
1.300000	-0.001564
1.400000	-0.001574
1.500000	-0.001599
1.600000	-0.001612
1.700000	-0.001635
1.800000	-0.001622
1.900000	-0.001658
2.000000	-0.001671
2.100000	-0.001674
2.200000	-0.001690
2.300000	-0.001685
2.400000	-0.001704
2.500000	-0.001705
2.600000	-0.001710
2.700000	-0.001727
2.800000	-0.001749
2.900000	-0.001748
3.000000	-0.001751
3.100000	-0.001751
3.200000	-0.001744
3.300000	-0.001740
3.400000	-0.001765
3.500000	-0.001766
3.600000	-0.001773
3.700000	-0.001782
3.800000	-0.001795
3.900000	-0.001782
4.000000	-0.001801
4.100000	-0.001789
4.200000	-0.001837
4.300000	-0.001828
4.400000	-0.001808
4.500000	-0.001812
4.600000	-0.001810
4.700000	-0.001810
4.800000	-0.001814
4.900000	-0.001830
5.000000	-0.001837
5.100000	-0.001891
5.200000	-0.001929
5.300000	-0.001959
5.400000	-0.001955
5.500000	-0.001964
5.600000	-0.001963
5.700000	-0.001974
5.800000	-0.001976
5.900000	-0.001989
6.000000	-0.001995
6.100000	-0.001994
6.200000	-0.001992
6.300000	-0.001990
6.400000	-0.001995
6.500000	-0.001998
6.600000	-0.001985
6.700000	-0.002001
6.800000	-0.001995
6.900000	-0.001999
7.000000	-0.001999
7.100000	-0.002009
7.200000	-0.002025
7.300000	-0.002018
7.400000	-0.002015
7.500000	-0.002007
7.600000	-0.002024
7.700000	-0.002012
7.800000	-0.002019
7.900000	-0.002025
8.000000	-0.002036
8.099999	-0.002022
8.200000	-0.002032
8.300000	-0.002032
8.400000	-0.002039
8.500000	-0.002033
8.599999	-0.002022
8.700000	-0.002038
8.800000	-0.002019
8.900000	-0.002038
9.000000	-0.002045
9.099999	-0.002037
9.200000	-0.002032
9.300000	-0.002039
9.400000	-0.002012
9.500000	-0.002036
9.599999	-0.002035
9.700000	-0.002041
9.800000	-0.002014
9.900000	-0.002028
10.000000	-0.002026
10.099999	-0.002035
10.200000	-0.002024
10.300000	-0.002032
10.400000	-0.002029
10.500000	-0.002028
10.599999	-0.002026
10.700000	-0.002038
10.800000	-0.002025
10.900000	-0.002039
11.000000	-0.002035
11.099999	-0.002038
11.200000	-0.002055
11.300000	-0.002038
11.400000	-0.002058
11.500000	-0.002053
11.599999	-0.002070
11.700000	-0.002062
11.799999	-0.002062
11.900000	-0.002067
12.000000	-0.002060
12.099999	-0.002064
12.200000	-0.002074
12.299999	-0.002086
12.400000	-0.002073
12.500000	-0.002078
12.599999	-0.002071
12.700000	-0.002068
12.799999	-0.002067
12.900000	-0.002077
13.000000	-0.002075
13.099999	-0.002081
13.200000	-0.002082
13.299999	-0.002080
13.400000	-0.002075
13.500000	-0.002080
13.599999	-0.002088
13.700000	-0.002084
13.799999	-0.002089
13.900000	-0.002084
14.000000	-0.002077
14.099999	-0.002080
14.200000	-0.002075
14.299999	-0.002092
14.400000	-0.002087
14.500000	-0.002098
14.599999	-0.002097
14.700000	-0.002091
14.799999	-0.002106
14.900000	-0.002083
15.000000	-0.002100
15.099999	-0.002094
15.200000	-0.002083
15.299999	-0.002096
15.400000	-0.002081
15.500000	-0.002098
15.599999	-0.002096
15.700000	-0.002090
15.799999	-0.002092
15.900000	-0.002097
16.000000	-0.002102
16.100000	-0.002096
16.199999	-0.002092
16.299999	-0.002084
16.400000	-0.002097
16.500000	-0.002100
16.600000	-0.002106
16.699999	-0.002107
16.799999	-0.002093
16.900000	-0.002082
17.000000	-0.002085
17.100000	-0.002084
17.199999	-0.002103
17.299999	-0.002093
17.400000	-0.002104
17.500000	-0.002105
17.600000	-0.002106
17.699999	-0.002108
17.799999	-0.002115
17.900000	-0.002120
18.000000	-0.002112
18.100000	-0.002103
18.199999	-0.002106
18.299999	-0.002107
18.400000	-0.002123
18.500000	-0.002107
18.600000	-0.002103
18.699999	-0.002114
18.799999	-0.002116
18.900000	-0.002117
19.000000	-0.002118
19.100000	-0.002126
19.199999	-0.002119
19.299999	-0.002123
19.400000	-0.002121
19.500000	-0.002126
19.600000	-0.002126
19.699999	-0.002119
19.799999	-0.002137
19.900000	-0.002138
20.000000	-0.002121
20.100000	-0.002129
20.199999	-0.002122
20.299999	-0.002131
20.400000	-0.002123
20.500000	-0.002131
20.600000	-0.002144
20.699999	-0.002136
20.799999	-0.002130
20.900000	-0.002130
21.000000	-0.002130
21.100000	-0.002132
21.199999	-0.002145
21.299999	-0.002143
21.400000	-0.002138
21.500000	-0.002135
21.600000	-0.002134
21.699999	-0.002134
21.799999	-0.002124
21.900000	-0.002137
22.000000	-0.002139
22.100000	-0.002131
22.199999	-0.002145
22.299999	-0.002149
22.400000	-0.002160
22.500000	-0.002161
22.600000	-0.002152
22.699999	-0.002152
22.799999	-0.002157
22.900000	-0.002155
23.000000	-0.002150
23.099998	-0.002151
23.199999	-0.002155
23.299999	-0.002156
23.400000	-0.002161
23.500000	-0.002152
23.599998	-0.002140
23.699999	-0.002152
23.799999	-0.002149
23.900000	-0.002151
24.000000	-0.002149
24.099998	-0.002170
24.199999	-0.002151
24.299999	-0.002156
24.400000	-0.002155
24.500000	-0.002158
24.599998	-0.002165
24.699999	-0.002155
24.799999	-0.002146
24.900000	-0.002145
25.000000	-0.002144
25.099998	-0.002149
25.199999	-0.002154
25.299999	-0.002139
25.400000	-0.002147
25.500000	-0.002137
25.599998	-0.002148
25.699999	-0.002163
25.799999	-0.002177
25.900000	-0.002158
26.000000	-0.002158
26.099998	-0.002177
26.199999	-0.002149
26.299999	-0.002158
26.400000	-0.002157
26.500000	-0.002169
26.599998	-0.002167
26.699999	-0.002147
26.799999	-0.002158
26.900000	-0.002164
27.000000	-0.002165
27.099998	-0.002171
27.199999	-0.002164
27.299999	-0.002170
27.400000	-0.002164
27.500000	-0.002176
27.599998	-0.002166
27.699999	-0.002170
27.799999	-0.002166
27.900000	-0.002155
28.000000	-0.002164
28.099998	-0.002162
28.199999	-0.002163
28.299999	-0.002158
28.400000	-0.002171
28.500000	-0.002168
28.599998	-0.002161
28.699999	-0.002160
28.799999	-0.002166
28.900000	-0.002181
29.000000	-0.002168
29.099998	-0.002163
29.199999	-0.002172
29.299999	-0.002176
29.400000	-0.002166
29.500000	-0.002158
29.599998	-0.002159
29.699999	-0.002155
29.799999	-0.002165
29.900000	-0.002171
30.000000	-0.002176
30.099998	-0.002166
30.199999	-0.002161
30.299999	-0.002171
30.400000	-0.002166
30.500000	-0.002175
30.599998	-0.002165
30.699999	-0.002164
30.799999	-0.002158
30.900000	-0.002155
31.000000	-0.002151
31.099998	-0.002160
31.199999	-0.002164
31.299999	-0.002168
31.400000	-0.002168
31.500000	-0.002156
31.599998	-0.002161
31.699999	-0.002158
31.799999	-0.002159
31.900000	-0.002170
32.000000	-0.002167
32.099998	-0.002167
32.200001	-0.002158
32.299999	-0.002154
32.399998	-0.002165
32.500000	-0.002151
32.599998	-0.002168
32.700001	-0.002157
32.799999	-0.002171
32.899998	-0.002179
33.000000	-0.002179
33.099998	-0.002173
33.200001	-0.002183
33.299999	-0.002181
33.399998	-0.002179
33.500000	-0.002175
33.599998	-0.002187
33.700001	-0.002171
33.799999	-0.002179
33.899998	-0.002173
34.000000	-0.002178
34.099998	-0.002167
34.200001	-0.002168
34.299999	-0.002178
34.399998	-0.002167
34.500000	-0.002177
34.599998	-0.002165
34.700001	-0.002174
34.799999	-0.002174
34.899998	-0.002175
35.000000	-0.002176
35.099998	-0.002171
35.200001	-0.002172
35.299999	-0.002165
35.399998	-0.002182
35.500000	-0.002178
35.599998	-0.002166
35.700001	-0.002179
35.799999	-0.002172
35.899998	-0.002176
36.000000	-0.002182
36.099998	-0.002187
36.200001	-0.002176
36.299999	-0.002175
36.399998	-0.002177
36.500000	-0.002181
36.599998	-0.002184
36.700001	-0.002177
36.799999	-0.002155
36.899998	-0.002181
37.000000	-0.002165
37.099998	-0.002179
37.200001	-0.002172
37.299999	-0.002181
37.399998	-0.002191
37.500000	-0.002180
37.599998	-0.002179
37.700001	-0.002175
37.799999	-0.002185
37.899998	-0.002172
38.000000	-0.002180
38.099998	-0.002171
38.200001	-0.002190
38.299999	-0.002178
38.399998	-0.002184
38.500000	-0.002171
38.599998	-0.002174
38.700001	-0.002197
38.799999	-0.002176
38.899998	-0.002180
39.000000	-0.002184
39.099998	-0.002191
39.200001	-0.002183
39.299999	-0.002190
39.399998	-0.002186
39.500000	-0.002187
39.599998	-0.002202
39.700001	-0.002176
39.799999	-0.002162
39.899998	-0.002176
40.000000	-0.002179
40.099998	-0.002178
40.200001	-0.002200
40.299999	-0.002186
40.399998	-0.002191
40.500000	-0.002168
40.599998	-0.002185
40.700001	-0.002168
40.799999	-0.002181
40.899998	-0.002198
41.000000	-0.002194
41.099998	-0.002197
41.200001	-0.002172
41.299999	-0.002191
41.399998	-0.002127
41.500000	-0.002100
41.599998	-0.002084
41.700001	-0.002078
41.799999	-0.002064
41.899998	-0.002064
42.000000	-0.002049
42.099998	-0.002065
42.200001	-0.002061
42.299999	-0.002052
42.399998	-0.002054
42.500000	-0.002058
42.599998	-0.002065
42.700001	-0.002082
42.799999	-0.002076
42.899998	-0.002067
43.000000	-0.002064
43.099998	-0.002064
43.200001	-0.002074
43.299999	-0.002069
43.399998	-0.002084
43.500000	-0.002067
43.599998	-0.002061
43.700001	-0.002067
43.799999	-0.002075
43.899998	-0.002074
44.000000	-0.002092
44.099998	-0.002084
44.200001	-0.002075
44.299999	-0.002080
44.399998	-0.002078
44.500000	-0.002081
44.599998	-0.002095
44.700001	-0.002087
44.799999	-0.002080
44.899998	-0.002072
45.000000	-0.002078
45.099998	-0.002065
45.200001	-0.002080
45.299999	-0.002074
45.399998	-0.002071
45.500000	-0.002075
45.599998	-0.002080
45.699997	-0.002081
45.799999	-0.002087
45.899998	-0.002087
46.000000	-0.002087
46.099998	-0.002085
46.199997	-0.002086
46.299999	-0.002090
46.399998	-0.002089
46.500000	-0.002088
46.599998	-0.002091
46.699997	-0.002087
46.799999	-0.002092
46.899998	-0.002086
47.000000	-0.002066
47.099998	-0.002076
47.199997	-0.002051
47.299999	-0.002074
47.399998	-0.002089
47.500000	-0.002087
47.599998	-0.002072
47.699997	-0.002074
47.799999	-0.002092
47.899998	-0.002084
48.000000	-0.002090
48.099998	-0.002090
48.199997	-0.002105
48.299999	-0.002191
48.399998	-0.002119
48.500000	-0.002092
48.599998	-0.002099
48.699997	-0.002100
48.799999	-0.002097
48.899998	-0.002181
49.000000	-0.002116
49.099998	-0.002090
49.199997	-0.002100
49.299999	-0.002204
49.399998	-0.002094
49.500000	-0.002184
49.599998	-0.002089
49.699997	-0.002096
49.799999	-0.002103
49.899998	-0.002091
50.000000	-0.002113
50.099998	-0.002209
50.199997	-0.002195
50.299999	-0.002195
50.399998	-0.002080
50.500000	-0.002093
50.599998	-0.002197
50.699997	-0.002179
50.799999	-0.002079
50.899998	-0.002091
51.000000	-0.002195
51.099998	-0.002088
51.199997	-0.002097
51.299999	-0.002204
51.399998	-0.002206
51.500000	-0.002176
51.599998	-0.002200
51.699997	-0.002187
51.799999	-0.002067
51.899998	-0.002078
52.000000	-0.002197
52.099998	-0.002184
52.199997	-0.002180
52.299999	-0.002190
52.399998	-0.002188
52.500000	-0.002164
52.599998	-0.002093
52.699997	-0.002107
52.799999	-0.002185
52.899998	-0.002180
53.000000	-0.002181
53.099998	-0.002176
53.199997	-0.002190
53.299999	-0.002181
53.399998	-0.002184
53.500000	-0.002091
53.599998	-0.002200
53.699997	-0.002191
53.799999	-0.002198
53.899998	-0.002067
54.000000	-0.002187
54.099998	-0.002171
54.199997	-0.002184
54.299999	-0.002179
54.399998	-0.002187
54.500000	-0.002161
54.599998	-0.002181
54.699997	-0.002187
54.799999	-0.002197
54.899998	-0.002188
55.000000	-0.002082
55.099998	-0.002177
55.199997	-0.002179
55.299999	-0.002192
55.399998	-0.002120
55.500000	-0.002185
55.599998	-0.002068
55.699997	-0.002183
55.799999	-0.002194
55.899998	-0.002076
56.000000	-0.002089
56.099998	-0.002194
56.199997	-0.002088
56.299999	-0.002170
56.399998	-0.002161
56.500000	-0.002180
56.599998	-0.002099
56.699997	-0.002104
56.799999	-0.002134
56.899998	-0.002181
57.000000	-0.002193
57.099998	-0.002195
57.199997	-0.002194
57.299999	-0.002194
57.399998	-0.002213
57.500000	-0.002206
57.599998	-0.002124
57.699997	-0.002114
57.799999	-0.002093
57.899998	-0.002108
58.000000	-0.002193
58.099998	-0.002122
58.199997	-0.002210
58.299999	-0.002197
58.399998	-0.002194
58.500000	-0.002212
58.599998	-0.002202
58.699997	-0.002194
58.799999	-0.002202
58.899998	-0.002191
59.000000	-0.002201
59.099998	-0.002182
59.199997	-0.002205
59.299999	-0.002204
59.399998	-0.002200
59.500000	-0.002194
59.599998	-0.002163
59.699997	-0.002201
59.799999	-0.002197
59.899998	-0.002220
60.000000	-0.002182
