0.299378	-6.69924E-06
0.298158	-6.61001E-06
0.296929	-6.25606E-06
0.295717	-6.04191E-06
0.2945	-5.71671E-06
0.293273	-5.58485E-06
0.292053	-5.31715E-06
0.290832	-4.93544E-06
0.289557	-4.64297E-06
0.28834	-4.43179E-06
0.287117	-4.28406E-06
0.285895	-4.02628E-06
0.284636	-3.82402E-06
0.28342	-3.62573E-06
0.282193	-3.31342E-06
0.280983	-3.13694E-06
0.280609	-3.14686E-06
0.279387	-2.48186E-06
0.278166	-2.33391E-06
0.276954	-1.95417E-06
0.275644	-1.98869E-06
0.274435	-1.61389E-06
0.273217	-1.31798E-06
0.271998	-5.8809E-07
0.270698	-4.3521E-07
0.269492	-3.31647E-07
0.268251	6.782E-08
0.267041	6.00443E-07
0.265785	6.00443E-07
0.264587	1.03936E-06
0.263329	1.19224E-06
0.262139	1.65089E-06
0.260846	2.07995E-06
0.259635	2.23776E-06
0.258392	2.46462E-06
0.257196	2.76052E-06
0.255962	3.05642E-06
0.25474	3.41644E-06
0.253532	3.67782E-06
0.252306	3.93426E-06
0.251034	4.17098E-06
0.249792	4.54579E-06
0.24856	4.75786E-06
0.247374	4.97978E-06
0.246122	5.33486E-06
0.24489		5.60117E-06
0.243663	5.97105E-06
0.242461	6.05489E-06
0.241168	6.43956E-06
0.239913	6.52833E-06
0.238707	6.65655E-06
0.237498	7.09054E-06
0.236138	7.32233E-06
0.234925	7.7218E-06
0.233682	7.75139E-06
0.232483	8.02756E-06
0.231189	7.87468E-06
0.229969	8.55032E-06
0.228755	8.64402E-06
0.22754		8.93006E-06
0.226264	9.27035E-06
0.225045	9.6205E-06
0.223856	9.8227E-06
0.222646	9.68954E-06
0.221346	1.05526E-05
0.220117	1.03652E-05
0.2189		1.02715E-05
0.217681	1.06562E-05
0.216455	1.10162E-05
0.215229	1.1169E-05
0.214018	1.16425E-05
0.21278		1.17066E-05
0.211537	1.19285E-05
0.21031		1.2259E-05
0.209109	1.23724E-05
0.207858	1.23921E-05
0.206611	1.26633E-05
0.205376	1.30283E-05
0.20416		1.30382E-05
0.202937	1.32847E-05
0.201677	1.35856E-05
0.200448	1.37878E-05
0.199232	1.38272E-05
0.19801		1.43352E-05
0.196708	1.45226E-05
0.195512	1.4567E-05
0.194242	1.46607E-05
0.19305		1.4996E-05
0.191768	1.50651E-05
0.190531	1.54152E-05
0.189326	1.56865E-05
0.188077	1.5864E-05
0.186873	1.58689E-05
0.185624	1.62191E-05
0.184418	1.58541E-05
0.18322		1.64262E-05
0.181899	1.66038E-05
0.180698	1.68504E-05
0.17946		1.6875E-05
0.178238	1.75802E-05
0.177009	1.73386E-05
0.175801	1.77874E-05
0.174573	1.78761E-05
0.173388	1.82016E-05
0.172108	1.79748E-05
0.170861	1.8537E-05
0.169629	1.86159E-05
0.168426	1.88773E-05
0.16716		1.88033E-05
0.165965	1.92866E-05
0.164732	1.92225E-05
0.163499	1.95726E-05
0.162216	1.97058E-05
0.160979	1.99228E-05
0.159758	2.00264E-05
0.158565	2.02582E-05
0.157271	2.06132E-05
0.156054	2.07168E-05
0.154837	2.06428E-05
0.153611	2.0993E-05
0.152318	2.10423E-05
0.151092	2.1422E-05
0.149881	2.14072E-05
0.148663	2.17229E-05
0.147412	2.17081E-05
0.146196	2.21026E-05
0.144971	2.2004E-05
0.143749	2.23788E-05
0.14247		2.23097E-05
0.141248	2.25514E-05
0.140021	2.2364E-05
0.138788	2.27141E-05
0.137604	2.31037E-05
0.13636		2.29361E-05
0.135144	2.31678E-05
0.133927	2.37301E-05
0.132626	2.35131E-05
0.131424	2.38287E-05
0.130204	2.38139E-05
0.128977	2.39125E-05
0.127714	2.41098E-05
0.126531	2.45191E-05
0.125273	2.44156E-05
0.124079	2.49186E-05
0.12278		2.47213E-05
0.121556	2.50961E-05
0.120327	2.48545E-05
0.119124	2.51997E-05
0.11782		2.55646E-05
0.116604	2.58359E-05
0.115369	2.57964E-05
0.114163	2.60677E-05
0.112875	2.59296E-05
0.111641	2.62847E-05
0.110456	2.63833E-05
0.109214	0.000026694
0.107958	2.64918E-05
0.106751	2.68321E-05
0.105534	2.6911E-05
0.104298	2.73401E-05
0.103025	2.73006E-05
0.101818	2.74929E-05
0.100613	2.72809E-05
0.099392	2.76409E-05
0.098154	2.76655E-05
0.096938	2.81439E-05
0.095727	2.82228E-05
0.094509	2.84053E-05
0.093218	2.85434E-05
0.091971	2.85335E-05
0.090762	2.86519E-05
0.089532	2.87554E-05
0.088299	2.8785E-05
0.08708		2.90366E-05
0.085836	2.93818E-05
0.084614	2.91993E-05
0.083354	2.94656E-05
0.082115	2.97763E-05
0.080919	2.97862E-05
0.079682	2.97615E-05
0.078351	3.03188E-05
0.077131	3.02547E-05
0.075917	3.04717E-05
0.074673	3.05506E-05
0.073398	3.09155E-05
0.07216		3.08169E-05
0.070951	3.11818E-05
0.06973		3.11276E-05
0.068462	3.13347E-05
0.06726		3.13396E-05
0.066037	3.14629E-05
0.06485		3.17983E-05
0.063542	3.2035E-05
0.062332	3.18624E-05
0.061077	3.22668E-05
0.059893	3.2183E-05
0.058641	3.2252E-05
0.057439	3.25726E-05
0.056202	3.25578E-05
0.054988	3.28981E-05
0.0537		3.27452E-05
0.052506	3.29326E-05
0.051264	3.31249E-05
0.050044	3.32186E-05
0.04879		3.30608E-05
0.047548	3.32581E-05
0.04634		3.35688E-05
0.045082	3.35934E-05
0.043835	3.39041E-05
0.042608	3.3988E-05
0.0414		3.40225E-05
0.040157	3.43135E-05
0.038873	3.44022E-05
0.037665	3.43283E-05
0.036443	3.44022E-05
0.035201	3.45502E-05
0.033941	3.47968E-05
0.032709	3.47277E-05
0.031495	3.52949E-05
0.030292	3.49595E-05
0.029033	3.53836E-05
0.027812	3.53097E-05
0.02657		3.56401E-05
0.025354	3.53886E-05
0.024079	3.60247E-05
0.022876	3.59557E-05
0.02168		3.60346E-05
0.020446	3.62417E-05
0.019189	3.61332E-05
0.017991	3.63157E-05
0.01677		3.65771E-05
0.015539	3.68829E-05
0.01426		3.66757E-05
0.013021	3.71689E-05
0.011817	3.71788E-05
0.010596	3.72823E-05
0.009341	3.70999E-05
0.008108	3.77508E-05
0.006896	3.73267E-05
0.005677	3.77114E-05
0.004397	3.78988E-05
0.003151	3.78445E-05
0.001946	3.80862E-05
0.000717	3.8318E-05
-0.000517	3.84462E-05
-0.001746	3.82884E-05
-0.002944	3.89246E-05
-0.004173	3.84265E-05
-0.005465	3.89049E-05
-0.006671	3.89246E-05
-0.007914	3.92008E-05
-0.009111	3.91219E-05
-0.010383	3.91958E-05
-0.011611	3.9403E-05
-0.012804	3.96298E-05
-0.014051	3.96693E-05
-0.015348	3.98863E-05
-0.016541	3.99306E-05
-0.017751	3.98912E-05
-0.018975	4.034E-05
-0.020205	0.000040049
-0.021435	4.03104E-05
-0.022644	4.04929E-05
-0.023843	4.07838E-05
-0.025132	4.06803E-05
-0.026345	4.09367E-05
-0.027585	4.08381E-05
-0.0288		4.11389E-05
-0.03004	4.10452E-05
-0.031271	4.13954E-05
-0.032509	4.14496E-05
-0.033723	4.13608E-05
-0.034995	4.17948E-05
-0.03622	4.17455E-05
-0.037425	4.17948E-05
-0.038675	4.21302E-05
-0.039964	4.20957E-05
-0.041181	4.20414E-05
-0.042405	4.23373E-05
-0.043638	4.23521E-05
-0.04492	4.2574E-05
-0.04612	4.25148E-05
-0.047355	4.29784E-05
-0.04857	4.28009E-05
-0.049821	4.27023E-05
-0.051015	4.33532E-05
-0.052265	4.3082E-05
-0.053482	4.31067E-05
-0.05475	4.3373E-05
-0.05598	4.36491E-05
-0.057207	4.33976E-05
-0.058426	4.4093E-05
-0.059656	4.38809E-05
-0.060865	4.42607E-05
-0.062058	4.43149E-05
-0.063306	4.44185E-05
-0.064579	4.43346E-05
-0.065795	4.43938E-05
-0.067006	4.48722E-05
-0.06824	4.41916E-05
-0.069502	4.47785E-05
-0.070725	4.4887E-05
-0.071937	4.50843E-05
-0.073191	4.49906E-05
-0.074455	4.54541E-05
-0.075687	4.56465E-05
-0.076898	4.53752E-05
-0.078087	4.55035E-05
-0.079458	4.58733E-05
-0.080678	4.58388E-05
-0.0819		4.58092E-05
-0.08311	4.61742E-05
-0.084419	4.62235E-05
-0.085603	4.58684E-05
-0.086836	4.65391E-05
-0.088073	4.62827E-05
-0.089291	4.67216E-05
-0.090512	4.66032E-05
-0.091758	4.70027E-05
-0.092982	4.68153E-05
-0.094252	4.68054E-05
-0.095467	4.73282E-05
-0.096692	4.70964E-05
-0.097922	4.73134E-05
-0.099126	4.74169E-05
