    0.000000    -0.020000
    0.001101    -0.019994
    0.002202    -0.019989
    0.003303    -0.019983
    0.004404    -0.019978
    0.005506    -0.019972
    0.006607    -0.019967
    0.007708    -0.019961
    0.008809    -0.019956
    0.009910    -0.019950
    0.011011    -0.019945
    0.012112    -0.019939
    0.013213    -0.019934
    0.014314    -0.019928
    0.015415    -0.019923
    0.016517    -0.019917
    0.017618    -0.019912
    0.018719    -0.019906
    0.019820    -0.019901
    0.020921    -0.019895
    0.022022    -0.019890
    0.023123    -0.019884
    0.024224    -0.019879
    0.025325    -0.019873
    0.026426    -0.019868
    0.027528    -0.019862
    0.028629    -0.019857
    0.029730    -0.019851
    0.030831    -0.019846
    0.031932    -0.019840
    0.033033    -0.019835
    0.034134    -0.019829
    0.035235    -0.019824
    0.036336    -0.019818
    0.037437    -0.019813
    0.038539    -0.019807
    0.039640    -0.019802
    0.040741    -0.019796
    0.041842    -0.019791
    0.042943    -0.019785
    0.044044    -0.019780
    0.045145    -0.019774
    0.046246    -0.019769
    0.047347    -0.019763
    0.048448    -0.019758
    0.049550    -0.019752
    0.050651    -0.019747
    0.051752    -0.019741
    0.052853    -0.019736
    0.053954    -0.019730
    0.055055    -0.019725
    0.056156    -0.019719
    0.057257    -0.019714
    0.058358    -0.019708
    0.059459    -0.019703
    0.060561    -0.019697
    0.061662    -0.019692
    0.062763    -0.019686
    0.063864    -0.019681
    0.064965    -0.019675
    0.066066    -0.019670
    0.067167    -0.019664
    0.068268    -0.019659
    0.069369    -0.019653
    0.070470    -0.019648
    0.071572    -0.019642
    0.072673    -0.019637
    0.073774    -0.019631
    0.074875    -0.019626
    0.075976    -0.019620
    0.077077    -0.019615
    0.078178    -0.019609
    0.079279    -0.019604
    0.080380    -0.019598
    0.081481    -0.019593
    0.082583    -0.019587
    0.083684    -0.019582
    0.084785    -0.019576
    0.085886    -0.019571
    0.086987    -0.019565
    0.088088    -0.019560
    0.089189    -0.019554
    0.090290    -0.019549
    0.091391    -0.019543
    0.092492    -0.019538
    0.093594    -0.019532
    0.094695    -0.019527
    0.095796    -0.019521
    0.096897    -0.019516
    0.097998    -0.019510
    0.099099    -0.019505
    0.100200    -0.019499
    0.101301    -0.019494
    0.102402    -0.019488
    0.103504    -0.019483
    0.104605    -0.019477
    0.105706    -0.019472
    0.106807    -0.019466
    0.107908    -0.019461
    0.109009    -0.019455
    0.110110    -0.019450
    0.111211    -0.019444
    0.112312    -0.019439
    0.113413    -0.019433
    0.114515    -0.019428
    0.115616    -0.019422
    0.116717    -0.019417
    0.117818    -0.019411
    0.118919    -0.019406
    0.120020    -0.019400
    0.121121    -0.019395
    0.122222    -0.019389
    0.123323    -0.019384
    0.124424    -0.019378
    0.125526    -0.019373
    0.126627    -0.019367
    0.127728    -0.019362
    0.128829    -0.019356
    0.129930    -0.019351
    0.131031    -0.019345
    0.132132    -0.019340
    0.133233    -0.019334
    0.134334    -0.019329
    0.135435    -0.019323
    0.136537    -0.019318
    0.137638    -0.019312
    0.138739    -0.019307
    0.139840    -0.019301
    0.140941    -0.019296
    0.142042    -0.019290
    0.143143    -0.019285
    0.144244    -0.019279
    0.145345    -0.019274
    0.146446    -0.019268
    0.147548    -0.019263
    0.148649    -0.019257
    0.149750    -0.019252
    0.150851    -0.019246
    0.151952    -0.019241
    0.153053    -0.019235
    0.154154    -0.019230
    0.155255    -0.019224
    0.156356    -0.019219
    0.157457    -0.019213
    0.158559    -0.019208
    0.159660    -0.019202
    0.160761    -0.019197
    0.161862    -0.019191
    0.162963    -0.019186
    0.164064    -0.019180
    0.165165    -0.019175
    0.166266    -0.019169
    0.167367    -0.019164
    0.168468    -0.019158
    0.169570    -0.019153
    0.170671    -0.019147
    0.171772    -0.019142
    0.172873    -0.019136
    0.173974    -0.019131
    0.175075    -0.019125
    0.176176    -0.019120
    0.177277    -0.019114
    0.178378    -0.019109
    0.179479    -0.019103
    0.180581    -0.019098
    0.181682    -0.019092
    0.182783    -0.019086
    0.183884    -0.019081
    0.184985    -0.019075
    0.186086    -0.019070
    0.187187    -0.019064
    0.188288    -0.019059
    0.189389    -0.019053
    0.190490    -0.019048
    0.191592    -0.019042
    0.192693    -0.019037
    0.193794    -0.019031
    0.194895    -0.019026
    0.195996    -0.019020
    0.197097    -0.019015
    0.198198    -0.019009
    0.199299    -0.019004
    0.200400    -0.018998
    0.201502    -0.018993
    0.202603    -0.018987
    0.203704    -0.018982
    0.204805    -0.018976
    0.205906    -0.018971
    0.207007    -0.018965
    0.208108    -0.018960
    0.209209    -0.018954
    0.210310    -0.018949
    0.211411    -0.018943
    0.212513    -0.018938
    0.213614    -0.018932
    0.214715    -0.018927
    0.215816    -0.018921
    0.216917    -0.018916
    0.218018    -0.018910
    0.219119    -0.018905
    0.220220    -0.018899
    0.221321    -0.018894
    0.222422    -0.018888
    0.223524    -0.018883
    0.224625    -0.018877
    0.225726    -0.018872
    0.226827    -0.018866
    0.227928    -0.018861
    0.229029    -0.018855
    0.230130    -0.018850
    0.231231    -0.018844
    0.232332    -0.018839
    0.233433    -0.018833
    0.234535    -0.018828
    0.235636    -0.018822
    0.236737    -0.018817
    0.237838    -0.018811
    0.238939    -0.018806
    0.240040    -0.018800
    0.241141    -0.018795
    0.242242    -0.018789
    0.243343    -0.018784
    0.244444    -0.018778
    0.245546    -0.018773
    0.246647    -0.018767
    0.247748    -0.018762
    0.248849    -0.018756
    0.249950    -0.018751
    0.251051    -0.018745
    0.252152    -0.018740
    0.253253    -0.018734
    0.254354    -0.018729
    0.255455    -0.018723
    0.256557    -0.018718
    0.257658    -0.018712
    0.258759    -0.018707
    0.259860    -0.018701
    0.260961    -0.018696
    0.262062    -0.018690
    0.263163    -0.018685
    0.264264    -0.018679
    0.265365    -0.018674
    0.266466    -0.018668
    0.267568    -0.018663
    0.268669    -0.018657
    0.269770    -0.018652
    0.270871    -0.018646
    0.271972    -0.018641
    0.273073    -0.018635
    0.274174    -0.018630
    0.275275    -0.018624
    0.276376    -0.018619
    0.277477    -0.018613
    0.278579    -0.018608
    0.279680    -0.018602
    0.280781    -0.018597
    0.281882    -0.018591
    0.282983    -0.018586
    0.284084    -0.018580
    0.285185    -0.018575
    0.286286    -0.018569
    0.287387    -0.018564
    0.288488    -0.018558
    0.289590    -0.018553
    0.290691    -0.018547
    0.291792    -0.018542
    0.292893    -0.018536
    0.293994    -0.018530
    0.295095    -0.018525
    0.296196    -0.018519
    0.297297    -0.018514
    0.298398    -0.018508
    0.299499    -0.018503
    0.300601    -0.018497
    0.301702    -0.018492
    0.302803    -0.018486
    0.303904    -0.018481
    0.305005    -0.018475
    0.306106    -0.018470
    0.307207    -0.018464
    0.308308    -0.018459
    0.309409    -0.018453
    0.310511    -0.018448
    0.311612    -0.018442
    0.312713    -0.018437
    0.313814    -0.018431
    0.314915    -0.018426
    0.316016    -0.018420
    0.317117    -0.018415
    0.318218    -0.018409
    0.319319    -0.018404
    0.320420    -0.018398
    0.321522    -0.018393
    0.322623    -0.018387
    0.323724    -0.018382
    0.324825    -0.018376
    0.325926    -0.018371
    0.327027    -0.018365
    0.328128    -0.018360
    0.329229    -0.018354
    0.330330    -0.018349
    0.331431    -0.018343
    0.332533    -0.018338
    0.333634    -0.018332
    0.334735    -0.018327
    0.335836    -0.018321
    0.336937    -0.018316
    0.338038    -0.018310
    0.339139    -0.018305
    0.340240    -0.018299
    0.341341    -0.018294
    0.342442    -0.018288
    0.343544    -0.018283
    0.344645    -0.018277
    0.345746    -0.018272
    0.346847    -0.018266
    0.347948    -0.018260
    0.349049    -0.018255
    0.350150    -0.018249
    0.351251    -0.018244
    0.352352    -0.018238
    0.353453    -0.018233
    0.354555    -0.018227
    0.355656    -0.018222
    0.356757    -0.018216
    0.357858    -0.018211
    0.358959    -0.018205
    0.360060    -0.018200
    0.361161    -0.018194
    0.362262    -0.018189
    0.363363    -0.018183
    0.364464    -0.018178
    0.365566    -0.018172
    0.366667    -0.018167
    0.367768    -0.018161
    0.368869    -0.018156
    0.369970    -0.018150
    0.371071    -0.018145
    0.372172    -0.018139
    0.373273    -0.018134
    0.374374    -0.018128
    0.375475    -0.018123
    0.376577    -0.018117
    0.377678    -0.018112
    0.378779    -0.018106
    0.379880    -0.018101
    0.380981    -0.018095
    0.382082    -0.018089
    0.383183    -0.018084
    0.384284    -0.018078
    0.385385    -0.018073
    0.386486    -0.018067
    0.387588    -0.018062
    0.388689    -0.018056
    0.389790    -0.018051
    0.390891    -0.018045
    0.391992    -0.018040
    0.393093    -0.018034
    0.394194    -0.018029
    0.395295    -0.018023
    0.396396    -0.018018
    0.397497    -0.018012
    0.398599    -0.018007
    0.399700    -0.018001
    0.400801    -0.017996
    0.401902    -0.017990
    0.403003    -0.017984
    0.404104    -0.017979
    0.405205    -0.017973
    0.406306    -0.017968
    0.407407    -0.017962
    0.408509    -0.017957
    0.409610    -0.017951
    0.410711    -0.017946
    0.411812    -0.017940
    0.412913    -0.017935
    0.414014    -0.017929
    0.415115    -0.017924
    0.416216    -0.017918
    0.417317    -0.017913
    0.418418    -0.017907
    0.419520    -0.017902
    0.420621    -0.017896
    0.421722    -0.017890
    0.422823    -0.017885
    0.423924    -0.017879
    0.425025    -0.017874
    0.426126    -0.017868
    0.427227    -0.017863
    0.428328    -0.017857
    0.429429    -0.017852
    0.430531    -0.017846
    0.431632    -0.017841
    0.432733    -0.017835
    0.433834    -0.017829
    0.434935    -0.017824
    0.436036    -0.017818
    0.437137    -0.017813
    0.438238    -0.017807
    0.439339    -0.017802
    0.440440    -0.017796
    0.441542    -0.017791
    0.442643    -0.017785
    0.443744    -0.017780
    0.444845    -0.017774
    0.445946    -0.017768
    0.447047    -0.017763
    0.448148    -0.017757
    0.449249    -0.017752
    0.450350    -0.017746
    0.451451    -0.017741
    0.452553    -0.017735
    0.453654    -0.017730
    0.454755    -0.017724
    0.455856    -0.017718
    0.456957    -0.017713
    0.458058    -0.017707
    0.459159    -0.017702
    0.460260    -0.017696
    0.461361    -0.017691
    0.462462    -0.017685
    0.463564    -0.017680
    0.464665    -0.017674
    0.465766    -0.017668
    0.466867    -0.017663
    0.467968    -0.017657
    0.469069    -0.017652
    0.470170    -0.017646
    0.471271    -0.017641
    0.472372    -0.017635
    0.473473    -0.017629
    0.474575    -0.017624
    0.475676    -0.017618
    0.476777    -0.017613
    0.477878    -0.017607
    0.478979    -0.017601
    0.480080    -0.017596
    0.481181    -0.017590
    0.482282    -0.017585
    0.483383    -0.017579
    0.484484    -0.017573
    0.485586    -0.017568
    0.486687    -0.017562
    0.487788    -0.017557
    0.488889    -0.017551
    0.489990    -0.017546
    0.491091    -0.017540
    0.492192    -0.017534
    0.493293    -0.017529
    0.494394    -0.017523
    0.495495    -0.017517
    0.496597    -0.017512
    0.497698    -0.017506
    0.498799    -0.017501
    0.499900    -0.017495
    0.501001    -0.017489
    0.502102    -0.017484
    0.503203    -0.017478
    0.504304    -0.017473
    0.505405    -0.017467
    0.506507    -0.017461
    0.507608    -0.017456
    0.508709    -0.017450
    0.509810    -0.017444
    0.510911    -0.017439
    0.512012    -0.017433
    0.513113    -0.017427
    0.514214    -0.017422
    0.515315    -0.017416
    0.516416    -0.017411
    0.517518    -0.017405
    0.518619    -0.017399
    0.519720    -0.017394
    0.520821    -0.017388
    0.521922    -0.017382
    0.523023    -0.017377
    0.524124    -0.017371
    0.525225    -0.017365
    0.526326    -0.017360
    0.527427    -0.017354
    0.528529    -0.017348
    0.529630    -0.017343
    0.530731    -0.017337
    0.531832    -0.017331
    0.532933    -0.017325
    0.534034    -0.017320
    0.535135    -0.017314
    0.536236    -0.017308
    0.537337    -0.017303
    0.538438    -0.017297
    0.539540    -0.017291
    0.540641    -0.017286
    0.541742    -0.017280
    0.542843    -0.017274
    0.543944    -0.017268
    0.545045    -0.017263
    0.546146    -0.017257
    0.547247    -0.017251
    0.548348    -0.017245
    0.549449    -0.017240
    0.550551    -0.017234
    0.551652    -0.017228
    0.552753    -0.017222
    0.553854    -0.017217
    0.554955    -0.017211
    0.556056    -0.017205
    0.557157    -0.017199
    0.558258    -0.017194
    0.559359    -0.017188
    0.560460    -0.017182
    0.561562    -0.017176
    0.562663    -0.017170
    0.563764    -0.017165
    0.564865    -0.017159
    0.565966    -0.017153
    0.567067    -0.017147
    0.568168    -0.017141
    0.569269    -0.017135
    0.570370    -0.017130
    0.571471    -0.017124
    0.572573    -0.017118
    0.573674    -0.017112
    0.574775    -0.017106
    0.575876    -0.017100
    0.576977    -0.017094
    0.578078    -0.017089
    0.579179    -0.017083
    0.580280    -0.017077
    0.581381    -0.017071
    0.582482    -0.017065
    0.583584    -0.017059
    0.584685    -0.017053
    0.585786    -0.017047
    0.586887    -0.017041
    0.587988    -0.017035
    0.589089    -0.017029
    0.590190    -0.017023
    0.591291    -0.017017
    0.592392    -0.017011
    0.593493    -0.017005
    0.594595    -0.016999
    0.595696    -0.016993
    0.596797    -0.016987
    0.597898    -0.016981
    0.598999    -0.016975
    0.600100    -0.016969
    0.601201    -0.016963
    0.602302    -0.016957
    0.603403    -0.016951
    0.604505    -0.016945
    0.605606    -0.016939
    0.606707    -0.016933
    0.607808    -0.016927
    0.608909    -0.016921
    0.610010    -0.016915
    0.611111    -0.016908
    0.612212    -0.016902
    0.613313    -0.016896
    0.614414    -0.016890
    0.615516    -0.016884
    0.616617    -0.016878
    0.617718    -0.016871
    0.618819    -0.016865
    0.619920    -0.016859
    0.621021    -0.016853
    0.622122    -0.016846
    0.623223    -0.016840
    0.624324    -0.016834
    0.625425    -0.016828
    0.626527    -0.016821
    0.627628    -0.016815
    0.628729    -0.016809
    0.629830    -0.016802
    0.630931    -0.016796
    0.632032    -0.016790
    0.633133    -0.016783
    0.634234    -0.016777
    0.635335    -0.016770
    0.636436    -0.016764
    0.637538    -0.016757
    0.638639    -0.016751
    0.639740    -0.016744
    0.640841    -0.016738
    0.641942    -0.016731
    0.643043    -0.016725
    0.644144    -0.016718
    0.645245    -0.016712
    0.646346    -0.016705
    0.647447    -0.016699
    0.648549    -0.016692
    0.649650    -0.016685
    0.650751    -0.016679
    0.651852    -0.016672
    0.652953    -0.016665
    0.654054    -0.016658
    0.655155    -0.016652
    0.656256    -0.016645
    0.657357    -0.016638
    0.658458    -0.016631
    0.659560    -0.016624
    0.660661    -0.016618
    0.661762    -0.016611
    0.662863    -0.016604
    0.663964    -0.016597
    0.665065    -0.016590
    0.666166    -0.016583
    0.667267    -0.016576
    0.668368    -0.016569
    0.669469    -0.016562
    0.670571    -0.016555
    0.671672    -0.016548
    0.672773    -0.016540
    0.673874    -0.016533
    0.674975    -0.016526
    0.676076    -0.016519
    0.677177    -0.016512
    0.678278    -0.016504
    0.679379    -0.016497
    0.680480    -0.016490
    0.681582    -0.016482
    0.682683    -0.016475
    0.683784    -0.016467
    0.684885    -0.016460
    0.685986    -0.016452
    0.687087    -0.016445
    0.688188    -0.016437
    0.689289    -0.016429
    0.690390    -0.016422
    0.691491    -0.016414
    0.692593    -0.016406
    0.693694    -0.016399
    0.694795    -0.016391
    0.695896    -0.016383
    0.696997    -0.016375
    0.698098    -0.016367
    0.699199    -0.016359
    0.700300    -0.016351
    0.701401    -0.016343
    0.702503    -0.016335
    0.703604    -0.016327
    0.704705    -0.016319
    0.705806    -0.016310
    0.706907    -0.016302
    0.708008    -0.016294
    0.709109    -0.016285
    0.710210    -0.016277
    0.711311    -0.016268
    0.712412    -0.016260
    0.713514    -0.016251
    0.714615    -0.016243
    0.715716    -0.016234
    0.716817    -0.016225
    0.717918    -0.016216
    0.719019    -0.016208
    0.720120    -0.016199
    0.721221    -0.016190
    0.722322    -0.016181
    0.723423    -0.016171
    0.724525    -0.016162
    0.725626    -0.016153
    0.726727    -0.016144
    0.727828    -0.016134
    0.728929    -0.016125
    0.730030    -0.016116
    0.731131    -0.016106
    0.732232    -0.016096
    0.733333    -0.016087
    0.734434    -0.016077
    0.735536    -0.016067
    0.736637    -0.016057
    0.737738    -0.016047
    0.738839    -0.016037
    0.739940    -0.016027
    0.741041    -0.016017
    0.742142    -0.016006
    0.743243    -0.015996
    0.744344    -0.015986
    0.745445    -0.015975
    0.746547    -0.015964
    0.747648    -0.015954
    0.748749    -0.015943
    0.749850    -0.015932
    0.750951    -0.015921
    0.752052    -0.015910
    0.753153    -0.015899
    0.754254    -0.015887
    0.755355    -0.015876
    0.756456    -0.015864
    0.757558    -0.015853
    0.758659    -0.015841
    0.759760    -0.015829
    0.760861    -0.015817
    0.761962    -0.015805
    0.763063    -0.015793
    0.764164    -0.015781
    0.765265    -0.015769
    0.766366    -0.015756
    0.767467    -0.015743
    0.768569    -0.015731
    0.769670    -0.015718
    0.770771    -0.015705
    0.771872    -0.015692
    0.772973    -0.015679
    0.774074    -0.015665
    0.775175    -0.015652
    0.776276    -0.015638
    0.777377    -0.015624
    0.778478    -0.015610
    0.779580    -0.015596
    0.780681    -0.015582
    0.781782    -0.015568
    0.782883    -0.015553
    0.783984    -0.015538
    0.785085    -0.015524
    0.786186    -0.015509
    0.787287    -0.015494
    0.788388    -0.015478
    0.789489    -0.015463
    0.790591    -0.015447
    0.791692    -0.015431
    0.792793    -0.015415
    0.793894    -0.015399
    0.794995    -0.015383
    0.796096    -0.015366
    0.797197    -0.015349
    0.798298    -0.015332
    0.799399    -0.015315
    0.800501    -0.015298
    0.801602    -0.015280
    0.802703    -0.015263
    0.803804    -0.015245
    0.804905    -0.015227
    0.806006    -0.015208
    0.807107    -0.015190
    0.808208    -0.015171
    0.809309    -0.015152
    0.810410    -0.015132
    0.811512    -0.015113
    0.812613    -0.015093
    0.813714    -0.015073
    0.814815    -0.015053
    0.815916    -0.015032
    0.817017    -0.015012
    0.818118    -0.014991
    0.819219    -0.014969
    0.820320    -0.014948
    0.821421    -0.014926
    0.822523    -0.014904
    0.823624    -0.014881
    0.824725    -0.014859
    0.825826    -0.014836
    0.826927    -0.014812
    0.828028    -0.014789
    0.829129    -0.014765
    0.830230    -0.014741
    0.831331    -0.014716
    0.832432    -0.014691
    0.833534    -0.014666
    0.834635    -0.014641
    0.835736    -0.014615
    0.836837    -0.014588
    0.837938    -0.014562
    0.839039    -0.014535
    0.840140    -0.014508
    0.841241    -0.014480
    0.842342    -0.014452
    0.843443    -0.014423
    0.844545    -0.014395
    0.845646    -0.014365
    0.846747    -0.014336
    0.847848    -0.014306
    0.848949    -0.014275
    0.850050    -0.014244
    0.851151    -0.014213
    0.852252    -0.014181
    0.853353    -0.014149
    0.854454    -0.014116
    0.855556    -0.014083
    0.856657    -0.014050
    0.857758    -0.014016
    0.858859    -0.013981
    0.859960    -0.013946
    0.861061    -0.013910
    0.862162    -0.013874
    0.863263    -0.013838
    0.864364    -0.013800
    0.865465    -0.013763
    0.866567    -0.013725
    0.867668    -0.013686
    0.868769    -0.013646
    0.869870    -0.013606
    0.870971    -0.013566
    0.872072    -0.013525
    0.873173    -0.013483
    0.874274    -0.013441
    0.875375    -0.013398
    0.876476    -0.013354
    0.877578    -0.013310
    0.878679    -0.013265
    0.879780    -0.013219
    0.880881    -0.013173
    0.881982    -0.013126
    0.883083    -0.013078
    0.884184    -0.013030
    0.885285    -0.012981
    0.886386    -0.012931
    0.887487    -0.012880
    0.888589    -0.012829
    0.889690    -0.012777
    0.890791    -0.012724
    0.891892    -0.012670
    0.892993    -0.012615
    0.894094    -0.012560
    0.895195    -0.012503
    0.896296    -0.012446
    0.897397    -0.012388
    0.898498    -0.012329
    0.899600    -0.012270
    0.900701    -0.012209
    0.901802    -0.012147
    0.902903    -0.012084
    0.904004    -0.012021
    0.905105    -0.011956
    0.906206    -0.011890
    0.907307    -0.011824
    0.908408    -0.011756
    0.909510    -0.011687
    0.910611    -0.011618
    0.911712    -0.011547
    0.912813    -0.011475
    0.913914    -0.011402
    0.915015    -0.011327
    0.916116    -0.011252
    0.917217    -0.011175
    0.918318    -0.011097
    0.919419    -0.011018
    0.920521    -0.010938
    0.921622    -0.010856
    0.922723    -0.010773
    0.923824    -0.010689
    0.924925    -0.010604
    0.926026    -0.010517
    0.927127    -0.010429
    0.928228    -0.010339
    0.929329    -0.010248
    0.930430    -0.010155
    0.931532    -0.010061
    0.932633    -0.009966
    0.933734    -0.009869
    0.934835    -0.009770
    0.935936    -0.009670
    0.937037    -0.009569
    0.938138    -0.009465
    0.939239    -0.009360
    0.940340    -0.009254
    0.941441    -0.009145
    0.942543    -0.009035
    0.943644    -0.008923
    0.944745    -0.008810
    0.945846    -0.008694
    0.946947    -0.008577
    0.948048    -0.008458
    0.949149    -0.008337
    0.950250    -0.008214
    0.951351    -0.008088
    0.952452    -0.007961
    0.953554    -0.007832
    0.954655    -0.007701
    0.955756    -0.007568
    0.956857    -0.007433
    0.957958    -0.007295
    0.959059    -0.007155
    0.960160    -0.007013
    0.961261    -0.006869
    0.962362    -0.006722
    0.963463    -0.006573
    0.964565    -0.006422
    0.965666    -0.006268
    0.966767    -0.006112
    0.967868    -0.005953
    0.968969    -0.005791
    0.970070    -0.005627
    0.971171    -0.005461
    0.972272    -0.005291
    0.973373    -0.005119
    0.974474    -0.004944
    0.975576    -0.004767
    0.976677    -0.004586
    0.977778    -0.004403
    0.978879    -0.004217
    0.979980    -0.004027
    0.981081    -0.003835
    0.982182    -0.003639
    0.983283    -0.003441
    0.984384    -0.003239
    0.985485    -0.003033
    0.986587    -0.002825
    0.987688    -0.002613
    0.988789    -0.002398
    0.989890    -0.002179
    0.990991    -0.001957
    0.992092    -0.001731
    0.993193    -0.001502
    0.994294    -0.001269
    0.995395    -0.001032
    0.996496    -0.000792
    0.997598    -0.000547
    0.998699    -0.000299
    0.999800    -0.000046
    1.000901     0.000210
    1.002002     0.000471
    1.003103     0.000735
    1.004204     0.001004
    1.005305     0.001278
    1.006406     0.001555
    1.007508     0.001837
    1.008609     0.002124
    1.009710     0.002415
    1.010811     0.002711
    1.011912     0.003012
    1.013013     0.003317
    1.014114     0.003627
    1.015215     0.003942
    1.016316     0.004262
    1.017417     0.004588
    1.018519     0.004918
    1.019620     0.005254
    1.020721     0.005595
    1.021822     0.005941
    1.022923     0.006293
    1.024024     0.006651
    1.025125     0.007014
    1.026226     0.007383
    1.027327     0.007757
    1.028428     0.008138
    1.029530     0.008525
    1.030631     0.008917
    1.031732     0.009316
    1.032833     0.009722
    1.033934     0.010133
    1.035035     0.010551
    1.036136     0.010976
    1.037237     0.011407
    1.038338     0.011845
    1.039439     0.012290
    1.040541     0.012741
    1.041642     0.013200
    1.042743     0.013666
    1.043844     0.014139
    1.044945     0.014620
    1.046046     0.015108
    1.047147     0.015604
    1.048248     0.016107
    1.049349     0.016618
    1.050450     0.017137
    1.051552     0.017664
    1.052653     0.018199
    1.053754     0.018742
    1.054855     0.019293
    1.055956     0.019854
    1.057057     0.020422
    1.058158     0.020999
    1.059259     0.021586
    1.060360     0.022181
    1.061461     0.022785
    1.062563     0.023398
    1.063664     0.024021
    1.064765     0.024653
    1.065866     0.025294
    1.066967     0.025945
    1.068068     0.026606
    1.069169     0.027277
    1.070270     0.027958
    1.071371     0.028650
    1.072472     0.029351
    1.073574     0.030063
    1.074675     0.030786
    1.075776     0.031519
    1.076877     0.032264
    1.077978     0.033019
    1.079079     0.033785
    1.080180     0.034563
    1.081281     0.035352
    1.082382     0.036153
    1.083483     0.036965
    1.084585     0.037790
    1.085686     0.038626
    1.086787     0.039475
    1.087888     0.040335
    1.088989     0.041209
    1.090090     0.042095
    1.091191     0.042993
    1.092292     0.043905
    1.093393     0.044829
    1.094494     0.045767
    1.095596     0.046719
    1.096697     0.047683
    1.097798     0.048662
    1.098899     0.049654
    1.100000     0.050660
