    0.000000    -0.020000
    0.001101    -0.020000
    0.002202    -0.020000
    0.003303    -0.020000
    0.004404    -0.019999
    0.005506    -0.019999
    0.006607    -0.019999
    0.007708    -0.019999
    0.008809    -0.019999
    0.009910    -0.019999
    0.011011    -0.019998
    0.012112    -0.019998
    0.013213    -0.019998
    0.014314    -0.019998
    0.015415    -0.019998
    0.016517    -0.019997
    0.017618    -0.019997
    0.018719    -0.019997
    0.019820    -0.019997
    0.020921    -0.019997
    0.022022    -0.019996
    0.023123    -0.019996
    0.024224    -0.019996
    0.025325    -0.019996
    0.026426    -0.019996
    0.027528    -0.019995
    0.028629    -0.019995
    0.029730    -0.019995
    0.030831    -0.019995
    0.031932    -0.019994
    0.033033    -0.019994
    0.034134    -0.019994
    0.035235    -0.019994
    0.036336    -0.019993
    0.037437    -0.019993
    0.038539    -0.019993
    0.039640    -0.019993
    0.040741    -0.019992
    0.041842    -0.019992
    0.042943    -0.019992
    0.044044    -0.019991
    0.045145    -0.019991
    0.046246    -0.019991
    0.047347    -0.019991
    0.048448    -0.019990
    0.049550    -0.019990
    0.050651    -0.019990
    0.051752    -0.019989
    0.052853    -0.019989
    0.053954    -0.019989
    0.055055    -0.019988
    0.056156    -0.019988
    0.057257    -0.019988
    0.058358    -0.019987
    0.059459    -0.019987
    0.060561    -0.019986
    0.061662    -0.019986
    0.062763    -0.019986
    0.063864    -0.019985
    0.064965    -0.019985
    0.066066    -0.019985
    0.067167    -0.019984
    0.068268    -0.019984
    0.069369    -0.019983
    0.070470    -0.019983
    0.071572    -0.019982
    0.072673    -0.019982
    0.073774    -0.019981
    0.074875    -0.019981
    0.075976    -0.019981
    0.077077    -0.019980
    0.078178    -0.019980
    0.079279    -0.019979
    0.080380    -0.019979
    0.081481    -0.019978
    0.082583    -0.019978
    0.083684    -0.019977
    0.084785    -0.019976
    0.085886    -0.019976
    0.086987    -0.019975
    0.088088    -0.019975
    0.089189    -0.019974
    0.090290    -0.019974
    0.091391    -0.019973
    0.092492    -0.019972
    0.093594    -0.019972
    0.094695    -0.019971
    0.095796    -0.019971
    0.096897    -0.019970
    0.097998    -0.019969
    0.099099    -0.019969
    0.100200    -0.019968
    0.101301    -0.019967
    0.102402    -0.019967
    0.103504    -0.019966
    0.104605    -0.019965
    0.105706    -0.019964
    0.106807    -0.019964
    0.107908    -0.019963
    0.109009    -0.019962
    0.110110    -0.019961
    0.111211    -0.019961
    0.112312    -0.019960
    0.113413    -0.019959
    0.114515    -0.019958
    0.115616    -0.019957
    0.116717    -0.019956
    0.117818    -0.019955
    0.118919    -0.019955
    0.120020    -0.019954
    0.121121    -0.019953
    0.122222    -0.019952
    0.123323    -0.019951
    0.124424    -0.019950
    0.125526    -0.019949
    0.126627    -0.019948
    0.127728    -0.019947
    0.128829    -0.019946
    0.129930    -0.019945
    0.131031    -0.019944
    0.132132    -0.019943
    0.133233    -0.019941
    0.134334    -0.019940
    0.135435    -0.019939
    0.136537    -0.019938
    0.137638    -0.019937
    0.138739    -0.019936
    0.139840    -0.019934
    0.140941    -0.019933
    0.142042    -0.019932
    0.143143    -0.019931
    0.144244    -0.019929
    0.145345    -0.019928
    0.146446    -0.019927
    0.147548    -0.019925
    0.148649    -0.019924
    0.149750    -0.019923
    0.150851    -0.019921
    0.151952    -0.019920
    0.153053    -0.019918
    0.154154    -0.019917
    0.155255    -0.019915
    0.156356    -0.019914
    0.157457    -0.019912
    0.158559    -0.019910
    0.159660    -0.019909
    0.160761    -0.019907
    0.161862    -0.019905
    0.162963    -0.019904
    0.164064    -0.019902
    0.165165    -0.019900
    0.166266    -0.019898
    0.167367    -0.019897
    0.168468    -0.019895
    0.169570    -0.019893
    0.170671    -0.019891
    0.171772    -0.019889
    0.172873    -0.019887
    0.173974    -0.019885
    0.175075    -0.019883
    0.176176    -0.019881
    0.177277    -0.019879
    0.178378    -0.019877
    0.179479    -0.019875
    0.180581    -0.019873
    0.181682    -0.019870
    0.182783    -0.019868
    0.183884    -0.019866
    0.184985    -0.019863
    0.186086    -0.019861
    0.187187    -0.019859
    0.188288    -0.019856
    0.189389    -0.019854
    0.190490    -0.019851
    0.191592    -0.019849
    0.192693    -0.019846
    0.193794    -0.019844
    0.194895    -0.019841
    0.195996    -0.019838
    0.197097    -0.019835
    0.198198    -0.019833
    0.199299    -0.019830
    0.200400    -0.019827
    0.201502    -0.019824
    0.202603    -0.019821
    0.203704    -0.019818
    0.204805    -0.019815
    0.205906    -0.019812
    0.207007    -0.019809
    0.208108    -0.019806
    0.209209    -0.019802
    0.210310    -0.019799
    0.211411    -0.019796
    0.212513    -0.019792
    0.213614    -0.019789
    0.214715    -0.019785
    0.215816    -0.019782
    0.216917    -0.019778
    0.218018    -0.019775
    0.219119    -0.019771
    0.220220    -0.019767
    0.221321    -0.019764
    0.222422    -0.019760
    0.223524    -0.019756
    0.224625    -0.019752
    0.225726    -0.019748
    0.226827    -0.019744
    0.227928    -0.019740
    0.229029    -0.019736
    0.230130    -0.019731
    0.231231    -0.019727
    0.232332    -0.019723
    0.233433    -0.019718
    0.234535    -0.019714
    0.235636    -0.019709
    0.236737    -0.019705
    0.237838    -0.019700
    0.238939    -0.019695
    0.240040    -0.019690
    0.241141    -0.019686
    0.242242    -0.019681
    0.243343    -0.019676
    0.244444    -0.019671
    0.245546    -0.019665
    0.246647    -0.019660
    0.247748    -0.019655
    0.248849    -0.019650
    0.249950    -0.019644
    0.251051    -0.019639
    0.252152    -0.019633
    0.253253    -0.019628
    0.254354    -0.019622
    0.255455    -0.019616
    0.256557    -0.019610
    0.257658    -0.019604
    0.258759    -0.019598
    0.259860    -0.019592
    0.260961    -0.019586
    0.262062    -0.019580
    0.263163    -0.019574
    0.264264    -0.019567
    0.265365    -0.019561
    0.266466    -0.019554
    0.267568    -0.019548
    0.268669    -0.019541
    0.269770    -0.019534
    0.270871    -0.019527
    0.271972    -0.019520
    0.273073    -0.019513
    0.274174    -0.019506
    0.275275    -0.019499
    0.276376    -0.019492
    0.277477    -0.019484
    0.278579    -0.019477
    0.279680    -0.019469
    0.280781    -0.019462
    0.281882    -0.019454
    0.282983    -0.019446
    0.284084    -0.019438
    0.285185    -0.019430
    0.286286    -0.019422
    0.287387    -0.019414
    0.288488    -0.019406
    0.289590    -0.019397
    0.290691    -0.019389
    0.291792    -0.019380
    0.292893    -0.019371
    0.293994    -0.019363
    0.295095    -0.019354
    0.296196    -0.019345
    0.297297    -0.019336
    0.298398    -0.019327
    0.299499    -0.019318
    0.300601    -0.019308
    0.301702    -0.019299
    0.302803    -0.019289
    0.303904    -0.019280
    0.305005    -0.019270
    0.306106    -0.019260
    0.307207    -0.019250
    0.308308    -0.019240
    0.309409    -0.019230
    0.310511    -0.019220
    0.311612    -0.019209
    0.312713    -0.019199
    0.313814    -0.019188
    0.314915    -0.019178
    0.316016    -0.019167
    0.317117    -0.019156
    0.318218    -0.019145
    0.319319    -0.019134
    0.320420    -0.019123
    0.321522    -0.019111
    0.322623    -0.019100
    0.323724    -0.019089
    0.324825    -0.019077
    0.325926    -0.019065
    0.327027    -0.019053
    0.328128    -0.019041
    0.329229    -0.019029
    0.330330    -0.019017
    0.331431    -0.019005
    0.332533    -0.018993
    0.333634    -0.018980
    0.334735    -0.018968
    0.335836    -0.018955
    0.336937    -0.018942
    0.338038    -0.018929
    0.339139    -0.018916
    0.340240    -0.018903
    0.341341    -0.018890
    0.342442    -0.018876
    0.343544    -0.018863
    0.344645    -0.018849
    0.345746    -0.018836
    0.346847    -0.018822
    0.347948    -0.018808
    0.349049    -0.018794
    0.350150    -0.018780
    0.351251    -0.018766
    0.352352    -0.018751
    0.353453    -0.018737
    0.354555    -0.018722
    0.355656    -0.018707
    0.356757    -0.018693
    0.357858    -0.018678
    0.358959    -0.018663
    0.360060    -0.018648
    0.361161    -0.018632
    0.362262    -0.018617
    0.363363    -0.018601
    0.364464    -0.018586
    0.365566    -0.018570
    0.366667    -0.018554
    0.367768    -0.018539
    0.368869    -0.018522
    0.369970    -0.018506
    0.371071    -0.018490
    0.372172    -0.018474
    0.373273    -0.018457
    0.374374    -0.018441
    0.375475    -0.018424
    0.376577    -0.018407
    0.377678    -0.018390
    0.378779    -0.018373
    0.379880    -0.018356
    0.380981    -0.018339
    0.382082    -0.018322
    0.383183    -0.018304
    0.384284    -0.018287
    0.385385    -0.018269
    0.386486    -0.018251
    0.387588    -0.018233
    0.388689    -0.018215
    0.389790    -0.018197
    0.390891    -0.018179
    0.391992    -0.018161
    0.393093    -0.018142
    0.394194    -0.018124
    0.395295    -0.018105
    0.396396    -0.018087
    0.397497    -0.018068
    0.398599    -0.018049
    0.399700    -0.018030
    0.400801    -0.018011
    0.401902    -0.017991
    0.403003    -0.017972
    0.404104    -0.017953
    0.405205    -0.017933
    0.406306    -0.017913
    0.407407    -0.017894
    0.408509    -0.017874
    0.409610    -0.017854
    0.410711    -0.017834
    0.411812    -0.017813
    0.412913    -0.017793
    0.414014    -0.017773
    0.415115    -0.017752
    0.416216    -0.017732
    0.417317    -0.017711
    0.418418    -0.017690
    0.419520    -0.017669
    0.420621    -0.017648
    0.421722    -0.017627
    0.422823    -0.017606
    0.423924    -0.017585
    0.425025    -0.017564
    0.426126    -0.017542
    0.427227    -0.017521
    0.428328    -0.017499
    0.429429    -0.017477
    0.430531    -0.017455
    0.431632    -0.017433
    0.432733    -0.017411
    0.433834    -0.017389
    0.434935    -0.017367
    0.436036    -0.017345
    0.437137    -0.017322
    0.438238    -0.017300
    0.439339    -0.017277
    0.440440    -0.017255
    0.441542    -0.017232
    0.442643    -0.017209
    0.443744    -0.017186
    0.444845    -0.017163
    0.445946    -0.017140
    0.447047    -0.017117
    0.448148    -0.017093
    0.449249    -0.017070
    0.450350    -0.017047
    0.451451    -0.017023
    0.452553    -0.016999
    0.453654    -0.016976
    0.454755    -0.016952
    0.455856    -0.016928
    0.456957    -0.016904
    0.458058    -0.016880
    0.459159    -0.016856
    0.460260    -0.016832
    0.461361    -0.016807
    0.462462    -0.016783
    0.463564    -0.016758
    0.464665    -0.016734
    0.465766    -0.016709
    0.466867    -0.016684
    0.467968    -0.016660
    0.469069    -0.016635
    0.470170    -0.016610
    0.471271    -0.016585
    0.472372    -0.016559
    0.473473    -0.016534
    0.474575    -0.016509
    0.475676    -0.016484
    0.476777    -0.016458
    0.477878    -0.016433
    0.478979    -0.016407
    0.480080    -0.016381
    0.481181    -0.016356
    0.482282    -0.016330
    0.483383    -0.016304
    0.484484    -0.016278
    0.485586    -0.016252
    0.486687    -0.016226
    0.487788    -0.016200
    0.488889    -0.016173
    0.489990    -0.016147
    0.491091    -0.016120
    0.492192    -0.016094
    0.493293    -0.016067
    0.494394    -0.016041
    0.495495    -0.016014
    0.496597    -0.015987
    0.497698    -0.015960
    0.498799    -0.015934
    0.499900    -0.015907
    0.501001    -0.015880
    0.502102    -0.015852
    0.503203    -0.015825
    0.504304    -0.015798
    0.505405    -0.015771
    0.506507    -0.015743
    0.507608    -0.015716
    0.508709    -0.015688
    0.509810    -0.015661
    0.510911    -0.015633
    0.512012    -0.015605
    0.513113    -0.015578
    0.514214    -0.015550
    0.515315    -0.015522
    0.516416    -0.015494
    0.517518    -0.015466
    0.518619    -0.015438
    0.519720    -0.015410
    0.520821    -0.015381
    0.521922    -0.015353
    0.523023    -0.015325
    0.524124    -0.015296
    0.525225    -0.015268
    0.526326    -0.015239
    0.527427    -0.015211
    0.528529    -0.015182
    0.529630    -0.015153
    0.530731    -0.015125
    0.531832    -0.015096
    0.532933    -0.015067
    0.534034    -0.015038
    0.535135    -0.015009
    0.536236    -0.014980
    0.537337    -0.014951
    0.538438    -0.014922
    0.539540    -0.014892
    0.540641    -0.014863
    0.541742    -0.014834
    0.542843    -0.014804
    0.543944    -0.014775
    0.545045    -0.014745
    0.546146    -0.014716
    0.547247    -0.014686
    0.548348    -0.014656
    0.549449    -0.014627
    0.550551    -0.014597
    0.551652    -0.014567
    0.552753    -0.014537
    0.553854    -0.014507
    0.554955    -0.014477
    0.556056    -0.014447
    0.557157    -0.014417
    0.558258    -0.014387
    0.559359    -0.014357
    0.560460    -0.014327
    0.561562    -0.014296
    0.562663    -0.014266
    0.563764    -0.014236
    0.564865    -0.014205
    0.565966    -0.014175
    0.567067    -0.014144
    0.568168    -0.014114
    0.569269    -0.014083
    0.570370    -0.014052
    0.571471    -0.014021
    0.572573    -0.013991
    0.573674    -0.013960
    0.574775    -0.013929
    0.575876    -0.013898
    0.576977    -0.013867
    0.578078    -0.013836
    0.579179    -0.013805
    0.580280    -0.013774
    0.581381    -0.013743
    0.582482    -0.013712
    0.583584    -0.013680
    0.584685    -0.013649
    0.585786    -0.013618
    0.586887    -0.013586
    0.587988    -0.013555
    0.589089    -0.013523
    0.590190    -0.013492
    0.591291    -0.013460
    0.592392    -0.013429
    0.593493    -0.013397
    0.594595    -0.013365
    0.595696    -0.013334
    0.596797    -0.013302
    0.597898    -0.013270
    0.598999    -0.013238
    0.600100    -0.013206
    0.601201    -0.013174
    0.602302    -0.013142
    0.603403    -0.013110
    0.604505    -0.013078
    0.605606    -0.013046
    0.606707    -0.013014
    0.607808    -0.012982
    0.608909    -0.012950
    0.610010    -0.012917
    0.611111    -0.012885
    0.612212    -0.012853
    0.613313    -0.012820
    0.614414    -0.012788
    0.615516    -0.012756
    0.616617    -0.012723
    0.617718    -0.012691
    0.618819    -0.012658
    0.619920    -0.012625
    0.621021    -0.012593
    0.622122    -0.012560
    0.623223    -0.012527
    0.624324    -0.012495
    0.625425    -0.012462
    0.626527    -0.012429
    0.627628    -0.012396
    0.628729    -0.012363
    0.629830    -0.012330
    0.630931    -0.012297
    0.632032    -0.012264
    0.633133    -0.012231
    0.634234    -0.012198
    0.635335    -0.012165
    0.636436    -0.012132
    0.637538    -0.012099
    0.638639    -0.012066
    0.639740    -0.012032
    0.640841    -0.011999
    0.641942    -0.011966
    0.643043    -0.011932
    0.644144    -0.011899
    0.645245    -0.011866
    0.646346    -0.011832
    0.647447    -0.011799
    0.648549    -0.011765
    0.649650    -0.011732
    0.650751    -0.011698
    0.651852    -0.011665
    0.652953    -0.011631
    0.654054    -0.011597
    0.655155    -0.011564
    0.656256    -0.011530
    0.657357    -0.011496
    0.658458    -0.011462
    0.659560    -0.011428
    0.660661    -0.011395
    0.661762    -0.011361
    0.662863    -0.011327
    0.663964    -0.011293
    0.665065    -0.011259
    0.666166    -0.011225
    0.667267    -0.011191
    0.668368    -0.011157
    0.669469    -0.011123
    0.670571    -0.011088
    0.671672    -0.011054
    0.672773    -0.011020
    0.673874    -0.010986
    0.674975    -0.010952
    0.676076    -0.010917
    0.677177    -0.010883
    0.678278    -0.010849
    0.679379    -0.010814
    0.680480    -0.010780
    0.681582    -0.010745
    0.682683    -0.010711
    0.683784    -0.010677
    0.684885    -0.010642
    0.685986    -0.010608
    0.687087    -0.010573
    0.688188    -0.010538
    0.689289    -0.010504
    0.690390    -0.010469
    0.691491    -0.010434
    0.692593    -0.010400
    0.693694    -0.010365
    0.694795    -0.010330
    0.695896    -0.010296
    0.696997    -0.010261
    0.698098    -0.010226
    0.699199    -0.010191
    0.700300    -0.010156
    0.701401    -0.010121
    0.702503    -0.010086
    0.703604    -0.010051
    0.704705    -0.010016
    0.705806    -0.009981
    0.706907    -0.009946
    0.708008    -0.009911
    0.709109    -0.009876
    0.710210    -0.009841
    0.711311    -0.009806
    0.712412    -0.009771
    0.713514    -0.009736
    0.714615    -0.009701
    0.715716    -0.009665
    0.716817    -0.009630
    0.717918    -0.009595
    0.719019    -0.009560
    0.720120    -0.009524
    0.721221    -0.009489
    0.722322    -0.009453
    0.723423    -0.009418
    0.724525    -0.009383
    0.725626    -0.009347
    0.726727    -0.009312
    0.727828    -0.009276
    0.728929    -0.009241
    0.730030    -0.009205
    0.731131    -0.009170
    0.732232    -0.009134
    0.733333    -0.009099
    0.734434    -0.009063
    0.735536    -0.009027
    0.736637    -0.008992
    0.737738    -0.008956
    0.738839    -0.008920
    0.739940    -0.008885
    0.741041    -0.008849
    0.742142    -0.008813
    0.743243    -0.008777
    0.744344    -0.008741
    0.745445    -0.008706
    0.746547    -0.008670
    0.747648    -0.008634
    0.748749    -0.008598
    0.749850    -0.008562
    0.750951    -0.008526
    0.752052    -0.008490
    0.753153    -0.008454
    0.754254    -0.008418
    0.755355    -0.008382
    0.756456    -0.008346
    0.757558    -0.008310
    0.758659    -0.008274
    0.759760    -0.008238
    0.760861    -0.008202
    0.761962    -0.008166
    0.763063    -0.008129
    0.764164    -0.008093
    0.765265    -0.008057
    0.766366    -0.008021
    0.767467    -0.007985
    0.768569    -0.007948
    0.769670    -0.007912
    0.770771    -0.007876
    0.771872    -0.007839
    0.772973    -0.007803
    0.774074    -0.007767
    0.775175    -0.007730
    0.776276    -0.007694
    0.777377    -0.007658
    0.778478    -0.007621
    0.779580    -0.007585
    0.780681    -0.007548
    0.781782    -0.007512
    0.782883    -0.007475
    0.783984    -0.007439
    0.785085    -0.007402
    0.786186    -0.007366
    0.787287    -0.007329
    0.788388    -0.007292
    0.789489    -0.007256
    0.790591    -0.007219
    0.791692    -0.007183
    0.792793    -0.007146
    0.793894    -0.007109
    0.794995    -0.007073
    0.796096    -0.007036
    0.797197    -0.006999
    0.798298    -0.006962
    0.799399    -0.006926
    0.800501    -0.006889
    0.801602    -0.006852
    0.802703    -0.006815
    0.803804    -0.006778
    0.804905    -0.006741
    0.806006    -0.006705
    0.807107    -0.006668
    0.808208    -0.006631
    0.809309    -0.006594
    0.810410    -0.006557
    0.811512    -0.006520
    0.812613    -0.006483
    0.813714    -0.006446
    0.814815    -0.006409
    0.815916    -0.006372
    0.817017    -0.006335
    0.818118    -0.006298
    0.819219    -0.006261
    0.820320    -0.006224
    0.821421    -0.006187
    0.822523    -0.006150
    0.823624    -0.006112
    0.824725    -0.006075
    0.825826    -0.006038
    0.826927    -0.006001
    0.828028    -0.005964
    0.829129    -0.005927
    0.830230    -0.005889
    0.831331    -0.005852
    0.832432    -0.005815
    0.833534    -0.005778
    0.834635    -0.005740
    0.835736    -0.005703
    0.836837    -0.005666
    0.837938    -0.005628
    0.839039    -0.005591
    0.840140    -0.005554
    0.841241    -0.005516
    0.842342    -0.005479
    0.843443    -0.005442
    0.844545    -0.005404
    0.845646    -0.005367
    0.846747    -0.005329
    0.847848    -0.005292
    0.848949    -0.005254
    0.850050    -0.005217
    0.851151    -0.005179
    0.852252    -0.005142
    0.853353    -0.005104
    0.854454    -0.005067
    0.855556    -0.005029
    0.856657    -0.004992
    0.857758    -0.004954
    0.858859    -0.004917
    0.859960    -0.004879
    0.861061    -0.004841
    0.862162    -0.004804
    0.863263    -0.004766
    0.864364    -0.004728
    0.865465    -0.004691
    0.866567    -0.004653
    0.867668    -0.004615
    0.868769    -0.004578
    0.869870    -0.004540
    0.870971    -0.004502
    0.872072    -0.004464
    0.873173    -0.004427
    0.874274    -0.004389
    0.875375    -0.004351
    0.876476    -0.004313
    0.877578    -0.004275
    0.878679    -0.004238
    0.879780    -0.004200
    0.880881    -0.004162
    0.881982    -0.004124
    0.883083    -0.004086
    0.884184    -0.004048
    0.885285    -0.004010
    0.886386    -0.003972
    0.887487    -0.003934
    0.888589    -0.003896
    0.889690    -0.003858
    0.890791    -0.003821
    0.891892    -0.003783
    0.892993    -0.003745
    0.894094    -0.003707
    0.895195    -0.003669
    0.896296    -0.003630
    0.897397    -0.003592
    0.898498    -0.003554
    0.899600    -0.003516
    0.900701    -0.003478
    0.901802    -0.003440
    0.902903    -0.003402
    0.904004    -0.003364
    0.905105    -0.003326
    0.906206    -0.003288
    0.907307    -0.003249
    0.908408    -0.003211
    0.909510    -0.003173
    0.910611    -0.003135
    0.911712    -0.003097
    0.912813    -0.003059
    0.913914    -0.003020
    0.915015    -0.002982
    0.916116    -0.002944
    0.917217    -0.002906
    0.918318    -0.002867
    0.919419    -0.002829
    0.920521    -0.002791
    0.921622    -0.002752
    0.922723    -0.002714
    0.923824    -0.002676
    0.924925    -0.002638
    0.926026    -0.002599
    0.927127    -0.002561
    0.928228    -0.002522
    0.929329    -0.002484
    0.930430    -0.002446
    0.931532    -0.002407
    0.932633    -0.002369
    0.933734    -0.002330
    0.934835    -0.002292
    0.935936    -0.002254
    0.937037    -0.002215
    0.938138    -0.002177
    0.939239    -0.002138
    0.940340    -0.002100
    0.941441    -0.002061
    0.942543    -0.002023
    0.943644    -0.001984
    0.944745    -0.001946
    0.945846    -0.001907
    0.946947    -0.001869
    0.948048    -0.001830
    0.949149    -0.001792
    0.950250    -0.001753
    0.951351    -0.001714
    0.952452    -0.001676
    0.953554    -0.001637
    0.954655    -0.001599
    0.955756    -0.001560
    0.956857    -0.001521
    0.957958    -0.001483
    0.959059    -0.001444
    0.960160    -0.001405
    0.961261    -0.001367
    0.962362    -0.001328
    0.963463    -0.001289
    0.964565    -0.001251
    0.965666    -0.001212
    0.966767    -0.001173
    0.967868    -0.001134
    0.968969    -0.001096
    0.970070    -0.001057
    0.971171    -0.001018
    0.972272    -0.000979
    0.973373    -0.000941
    0.974474    -0.000902
    0.975576    -0.000863
    0.976677    -0.000824
    0.977778    -0.000785
    0.978879    -0.000747
    0.979980    -0.000708
    0.981081    -0.000669
    0.982182    -0.000630
    0.983283    -0.000591
    0.984384    -0.000552
    0.985485    -0.000513
    0.986587    -0.000474
    0.987688    -0.000436
    0.988789    -0.000397
    0.989890    -0.000358
    0.990991    -0.000319
    0.992092    -0.000280
    0.993193    -0.000241
    0.994294    -0.000202
    0.995395    -0.000163
    0.996496    -0.000124
    0.997598    -0.000085
    0.998699    -0.000046
    0.999800    -0.000007
    1.000901     0.000032
    1.002002     0.000071
    1.003103     0.000110
    1.004204     0.000149
    1.005305     0.000188
    1.006406     0.000227
    1.007508     0.000266
    1.008609     0.000305
    1.009710     0.000344
    1.010811     0.000383
    1.011912     0.000422
    1.013013     0.000462
    1.014114     0.000501
    1.015215     0.000540
    1.016316     0.000579
    1.017417     0.000618
    1.018519     0.000657
    1.019620     0.000696
    1.020721     0.000735
    1.021822     0.000775
    1.022923     0.000814
    1.024024     0.000853
    1.025125     0.000892
    1.026226     0.000931
    1.027327     0.000971
    1.028428     0.001010
    1.029530     0.001049
    1.030631     0.001088
    1.031732     0.001128
    1.032833     0.001167
    1.033934     0.001206
    1.035035     0.001245
    1.036136     0.001285
    1.037237     0.001324
    1.038338     0.001363
    1.039439     0.001402
    1.040541     0.001442
    1.041642     0.001481
    1.042743     0.001520
    1.043844     0.001560
    1.044945     0.001599
    1.046046     0.001638
    1.047147     0.001678
    1.048248     0.001717
    1.049349     0.001756
    1.050450     0.001796
    1.051552     0.001835
    1.052653     0.001875
    1.053754     0.001914
    1.054855     0.001953
    1.055956     0.001993
    1.057057     0.002032
    1.058158     0.002072
    1.059259     0.002111
    1.060360     0.002150
    1.061461     0.002190
    1.062563     0.002229
    1.063664     0.002269
    1.064765     0.002308
    1.065866     0.002348
    1.066967     0.002387
    1.068068     0.002427
    1.069169     0.002466
    1.070270     0.002506
    1.071371     0.002545
    1.072472     0.002585
    1.073574     0.002624
    1.074675     0.002664
    1.075776     0.002703
    1.076877     0.002743
    1.077978     0.002782
    1.079079     0.002822
    1.080180     0.002862
    1.081281     0.002901
    1.082382     0.002941
    1.083483     0.002980
    1.084585     0.003020
    1.085686     0.003060
    1.086787     0.003099
    1.087888     0.003139
    1.088989     0.003178
    1.090090     0.003218
    1.091191     0.003258
    1.092292     0.003297
    1.093393     0.003337
    1.094494     0.003377
    1.095596     0.003416
    1.096697     0.003456
    1.097798     0.003496
    1.098899     0.003535
    1.100000     0.003575
