    0.000000    -0.020000
    0.001101    -0.020000
    0.002202    -0.020000
    0.003303    -0.020000
    0.004404    -0.020000
    0.005506    -0.020000
    0.006607    -0.020000
    0.007708    -0.020000
    0.008809    -0.020000
    0.009910    -0.020000
    0.011011    -0.020000
    0.012112    -0.020000
    0.013213    -0.020000
    0.014314    -0.020000
    0.015415    -0.020000
    0.016517    -0.020000
    0.017618    -0.020000
    0.018719    -0.020000
    0.019820    -0.020000
    0.020921    -0.020000
    0.022022    -0.020000
    0.023123    -0.020000
    0.024224    -0.020000
    0.025325    -0.020000
    0.026426    -0.020000
    0.027528    -0.020000
    0.028629    -0.020000
    0.029730    -0.020000
    0.030831    -0.020000
    0.031932    -0.020000
    0.033033    -0.020000
    0.034134    -0.020000
    0.035235    -0.020000
    0.036336    -0.020000
    0.037437    -0.020000
    0.038539    -0.020000
    0.039640    -0.020000
    0.040741    -0.020000
    0.041842    -0.020000
    0.042943    -0.020000
    0.044044    -0.020000
    0.045145    -0.020000
    0.046246    -0.020000
    0.047347    -0.020000
    0.048448    -0.020000
    0.049550    -0.020000
    0.050651    -0.020000
    0.051752    -0.020000
    0.052853    -0.020000
    0.053954    -0.020000
    0.055055    -0.020000
    0.056156    -0.020000
    0.057257    -0.020000
    0.058358    -0.020000
    0.059459    -0.020000
    0.060561    -0.020000
    0.061662    -0.020000
    0.062763    -0.020000
    0.063864    -0.020000
    0.064965    -0.020000
    0.066066    -0.020000
    0.067167    -0.020000
    0.068268    -0.020000
    0.069369    -0.020000
    0.070470    -0.020000
    0.071572    -0.020000
    0.072673    -0.020000
    0.073774    -0.020000
    0.074875    -0.020000
    0.075976    -0.020000
    0.077077    -0.020000
    0.078178    -0.020000
    0.079279    -0.020000
    0.080380    -0.020000
    0.081481    -0.020000
    0.082583    -0.020000
    0.083684    -0.020000
    0.084785    -0.020000
    0.085886    -0.020000
    0.086987    -0.020000
    0.088088    -0.020000
    0.089189    -0.020000
    0.090290    -0.020000
    0.091391    -0.020000
    0.092492    -0.020000
    0.093594    -0.020000
    0.094695    -0.020000
    0.095796    -0.020000
    0.096897    -0.020000
    0.097998    -0.020000
    0.099099    -0.020000
    0.100200    -0.020000
    0.101301    -0.020000
    0.102402    -0.020000
    0.103504    -0.020000
    0.104605    -0.020000
    0.105706    -0.020000
    0.106807    -0.020000
    0.107908    -0.020000
    0.109009    -0.020000
    0.110110    -0.020000
    0.111211    -0.020000
    0.112312    -0.020000
    0.113413    -0.020000
    0.114515    -0.020000
    0.115616    -0.020000
    0.116717    -0.020000
    0.117818    -0.020000
    0.118919    -0.020000
    0.120020    -0.020000
    0.121121    -0.020000
    0.122222    -0.020000
    0.123323    -0.020000
    0.124424    -0.020000
    0.125526    -0.020000
    0.126627    -0.020000
    0.127728    -0.020000
    0.128829    -0.020000
    0.129930    -0.020000
    0.131031    -0.020000
    0.132132    -0.020000
    0.133233    -0.020000
    0.134334    -0.020000
    0.135435    -0.020000
    0.136537    -0.020000
    0.137638    -0.020000
    0.138739    -0.020000
    0.139840    -0.020000
    0.140941    -0.020000
    0.142042    -0.020000
    0.143143    -0.020000
    0.144244    -0.020000
    0.145345    -0.020000
    0.146446    -0.020000
    0.147548    -0.020000
    0.148649    -0.020000
    0.149750    -0.020000
    0.150851    -0.020000
    0.151952    -0.020000
    0.153053    -0.020000
    0.154154    -0.020000
    0.155255    -0.020000
    0.156356    -0.020000
    0.157457    -0.020000
    0.158559    -0.020000
    0.159660    -0.020000
    0.160761    -0.020000
    0.161862    -0.020000
    0.162963    -0.020000
    0.164064    -0.020000
    0.165165    -0.020000
    0.166266    -0.020000
    0.167367    -0.020000
    0.168468    -0.020000
    0.169570    -0.020000
    0.170671    -0.020000
    0.171772    -0.020000
    0.172873    -0.020000
    0.173974    -0.020000
    0.175075    -0.020000
    0.176176    -0.020000
    0.177277    -0.020000
    0.178378    -0.020000
    0.179479    -0.020000
    0.180581    -0.020000
    0.181682    -0.020000
    0.182783    -0.020000
    0.183884    -0.020000
    0.184985    -0.020000
    0.186086    -0.020000
    0.187187    -0.020000
    0.188288    -0.020000
    0.189389    -0.020000
    0.190490    -0.020000
    0.191592    -0.020000
    0.192693    -0.020000
    0.193794    -0.020000
    0.194895    -0.020000
    0.195996    -0.020000
    0.197097    -0.020000
    0.198198    -0.020000
    0.199299    -0.020000
    0.200400    -0.020000
    0.201502    -0.020000
    0.202603    -0.020000
    0.203704    -0.020000
    0.204805    -0.020000
    0.205906    -0.020000
    0.207007    -0.020000
    0.208108    -0.020000
    0.209209    -0.020000
    0.210310    -0.020000
    0.211411    -0.020000
    0.212513    -0.020000
    0.213614    -0.020000
    0.214715    -0.020000
    0.215816    -0.020000
    0.216917    -0.020000
    0.218018    -0.020000
    0.219119    -0.020000
    0.220220    -0.020000
    0.221321    -0.020000
    0.222422    -0.020000
    0.223524    -0.020000
    0.224625    -0.020000
    0.225726    -0.020000
    0.226827    -0.020000
    0.227928    -0.020000
    0.229029    -0.020000
    0.230130    -0.020000
    0.231231    -0.020000
    0.232332    -0.020000
    0.233433    -0.020000
    0.234535    -0.020000
    0.235636    -0.020000
    0.236737    -0.020000
    0.237838    -0.020000
    0.238939    -0.020000
    0.240040    -0.020000
    0.241141    -0.020000
    0.242242    -0.020000
    0.243343    -0.020000
    0.244444    -0.020000
    0.245546    -0.020000
    0.246647    -0.020000
    0.247748    -0.020000
    0.248849    -0.020000
    0.249950    -0.020000
    0.251051    -0.020000
    0.252152    -0.020000
    0.253253    -0.020000
    0.254354    -0.020000
    0.255455    -0.020000
    0.256557    -0.020000
    0.257658    -0.020000
    0.258759    -0.020000
    0.259860    -0.020000
    0.260961    -0.020000
    0.262062    -0.020000
    0.263163    -0.020000
    0.264264    -0.020000
    0.265365    -0.019999
    0.266466    -0.019999
    0.267568    -0.019999
    0.268669    -0.019999
    0.269770    -0.019999
    0.270871    -0.019999
    0.271972    -0.019999
    0.273073    -0.019999
    0.274174    -0.019999
    0.275275    -0.019999
    0.276376    -0.019999
    0.277477    -0.019999
    0.278579    -0.019999
    0.279680    -0.019999
    0.280781    -0.019999
    0.281882    -0.019999
    0.282983    -0.019999
    0.284084    -0.019999
    0.285185    -0.019999
    0.286286    -0.019999
    0.287387    -0.019999
    0.288488    -0.019999
    0.289590    -0.019999
    0.290691    -0.019999
    0.291792    -0.019999
    0.292893    -0.019999
    0.293994    -0.019999
    0.295095    -0.019999
    0.296196    -0.019999
    0.297297    -0.019999
    0.298398    -0.019999
    0.299499    -0.019999
    0.300601    -0.019999
    0.301702    -0.019999
    0.302803    -0.019999
    0.303904    -0.019999
    0.305005    -0.019999
    0.306106    -0.019999
    0.307207    -0.019999
    0.308308    -0.019999
    0.309409    -0.019999
    0.310511    -0.019999
    0.311612    -0.019999
    0.312713    -0.019999
    0.313814    -0.019999
    0.314915    -0.019999
    0.316016    -0.019999
    0.317117    -0.019999
    0.318218    -0.019999
    0.319319    -0.019999
    0.320420    -0.019999
    0.321522    -0.019999
    0.322623    -0.019999
    0.323724    -0.019999
    0.324825    -0.019999
    0.325926    -0.019999
    0.327027    -0.019999
    0.328128    -0.019999
    0.329229    -0.019999
    0.330330    -0.019999
    0.331431    -0.019999
    0.332533    -0.019999
    0.333634    -0.019999
    0.334735    -0.019999
    0.335836    -0.019999
    0.336937    -0.019999
    0.338038    -0.019999
    0.339139    -0.019999
    0.340240    -0.019999
    0.341341    -0.019999
    0.342442    -0.019999
    0.343544    -0.019999
    0.344645    -0.019999
    0.345746    -0.019999
    0.346847    -0.019999
    0.347948    -0.019999
    0.349049    -0.019999
    0.350150    -0.019999
    0.351251    -0.019999
    0.352352    -0.019999
    0.353453    -0.019999
    0.354555    -0.019999
    0.355656    -0.019999
    0.356757    -0.019999
    0.357858    -0.019999
    0.358959    -0.019999
    0.360060    -0.019999
    0.361161    -0.019999
    0.362262    -0.019999
    0.363363    -0.019999
    0.364464    -0.019999
    0.365566    -0.019999
    0.366667    -0.019998
    0.367768    -0.019998
    0.368869    -0.019998
    0.369970    -0.019998
    0.371071    -0.019998
    0.372172    -0.019998
    0.373273    -0.019998
    0.374374    -0.019998
    0.375475    -0.019998
    0.376577    -0.019998
    0.377678    -0.019998
    0.378779    -0.019998
    0.379880    -0.019998
    0.380981    -0.019998
    0.382082    -0.019998
    0.383183    -0.019998
    0.384284    -0.019998
    0.385385    -0.019998
    0.386486    -0.019998
    0.387588    -0.019998
    0.388689    -0.019998
    0.389790    -0.019998
    0.390891    -0.019998
    0.391992    -0.019998
    0.393093    -0.019998
    0.394194    -0.019998
    0.395295    -0.019998
    0.396396    -0.019998
    0.397497    -0.019998
    0.398599    -0.019998
    0.399700    -0.019998
    0.400801    -0.019998
    0.401902    -0.019998
    0.403003    -0.019998
    0.404104    -0.019998
    0.405205    -0.019998
    0.406306    -0.019997
    0.407407    -0.019997
    0.408509    -0.019997
    0.409610    -0.019997
    0.410711    -0.019997
    0.411812    -0.019997
    0.412913    -0.019997
    0.414014    -0.019997
    0.415115    -0.019997
    0.416216    -0.019997
    0.417317    -0.019997
    0.418418    -0.019997
    0.419520    -0.019997
    0.420621    -0.019997
    0.421722    -0.019997
    0.422823    -0.019997
    0.423924    -0.019997
    0.425025    -0.019997
    0.426126    -0.019997
    0.427227    -0.019997
    0.428328    -0.019997
    0.429429    -0.019997
    0.430531    -0.019996
    0.431632    -0.019996
    0.432733    -0.019996
    0.433834    -0.019996
    0.434935    -0.019996
    0.436036    -0.019996
    0.437137    -0.019996
    0.438238    -0.019996
    0.439339    -0.019996
    0.440440    -0.019996
    0.441542    -0.019996
    0.442643    -0.019996
    0.443744    -0.019996
    0.444845    -0.019996
    0.445946    -0.019996
    0.447047    -0.019996
    0.448148    -0.019996
    0.449249    -0.019995
    0.450350    -0.019995
    0.451451    -0.019995
    0.452553    -0.019995
    0.453654    -0.019995
    0.454755    -0.019995
    0.455856    -0.019995
    0.456957    -0.019995
    0.458058    -0.019995
    0.459159    -0.019995
    0.460260    -0.019995
    0.461361    -0.019995
    0.462462    -0.019994
    0.463564    -0.019994
    0.464665    -0.019994
    0.465766    -0.019994
    0.466867    -0.019994
    0.467968    -0.019994
    0.469069    -0.019994
    0.470170    -0.019994
    0.471271    -0.019994
    0.472372    -0.019994
    0.473473    -0.019994
    0.474575    -0.019993
    0.475676    -0.019993
    0.476777    -0.019993
    0.477878    -0.019993
    0.478979    -0.019993
    0.480080    -0.019993
    0.481181    -0.019993
    0.482282    -0.019993
    0.483383    -0.019993
    0.484484    -0.019992
    0.485586    -0.019992
    0.486687    -0.019992
    0.487788    -0.019992
    0.488889    -0.019992
    0.489990    -0.019992
    0.491091    -0.019992
    0.492192    -0.019992
    0.493293    -0.019991
    0.494394    -0.019991
    0.495495    -0.019991
    0.496597    -0.019991
    0.497698    -0.019991
    0.498799    -0.019991
    0.499900    -0.019991
    0.501001    -0.019990
    0.502102    -0.019990
    0.503203    -0.019990
    0.504304    -0.019990
    0.505405    -0.019990
    0.506507    -0.019990
    0.507608    -0.019989
    0.508709    -0.019989
    0.509810    -0.019989
    0.510911    -0.019989
    0.512012    -0.019989
    0.513113    -0.019988
    0.514214    -0.019988
    0.515315    -0.019988
    0.516416    -0.019988
    0.517518    -0.019988
    0.518619    -0.019987
    0.519720    -0.019987
    0.520821    -0.019987
    0.521922    -0.019987
    0.523023    -0.019987
    0.524124    -0.019986
    0.525225    -0.019986
    0.526326    -0.019986
    0.527427    -0.019986
    0.528529    -0.019985
    0.529630    -0.019985
    0.530731    -0.019985
    0.531832    -0.019985
    0.532933    -0.019984
    0.534034    -0.019984
    0.535135    -0.019984
    0.536236    -0.019984
    0.537337    -0.019983
    0.538438    -0.019983
    0.539540    -0.019983
    0.540641    -0.019983
    0.541742    -0.019982
    0.542843    -0.019982
    0.543944    -0.019982
    0.545045    -0.019981
    0.546146    -0.019981
    0.547247    -0.019981
    0.548348    -0.019980
    0.549449    -0.019980
    0.550551    -0.019980
    0.551652    -0.019979
    0.552753    -0.019979
    0.553854    -0.019979
    0.554955    -0.019978
    0.556056    -0.019978
    0.557157    -0.019978
    0.558258    -0.019977
    0.559359    -0.019977
    0.560460    -0.019976
    0.561562    -0.019976
    0.562663    -0.019976
    0.563764    -0.019975
    0.564865    -0.019975
    0.565966    -0.019974
    0.567067    -0.019974
    0.568168    -0.019974
    0.569269    -0.019973
    0.570370    -0.019973
    0.571471    -0.019972
    0.572573    -0.019972
    0.573674    -0.019971
    0.574775    -0.019971
    0.575876    -0.019970
    0.576977    -0.019970
    0.578078    -0.019969
    0.579179    -0.019969
    0.580280    -0.019968
    0.581381    -0.019968
    0.582482    -0.019967
    0.583584    -0.019967
    0.584685    -0.019966
    0.585786    -0.019965
    0.586887    -0.019965
    0.587988    -0.019964
    0.589089    -0.019964
    0.590190    -0.019963
    0.591291    -0.019962
    0.592392    -0.019962
    0.593493    -0.019961
    0.594595    -0.019960
    0.595696    -0.019960
    0.596797    -0.019959
    0.597898    -0.019958
    0.598999    -0.019958
    0.600100    -0.019957
    0.601201    -0.019956
    0.602302    -0.019956
    0.603403    -0.019955
    0.604505    -0.019954
    0.605606    -0.019953
    0.606707    -0.019952
    0.607808    -0.019952
    0.608909    -0.019951
    0.610010    -0.019950
    0.611111    -0.019949
    0.612212    -0.019948
    0.613313    -0.019947
    0.614414    -0.019946
    0.615516    -0.019946
    0.616617    -0.019945
    0.617718    -0.019944
    0.618819    -0.019943
    0.619920    -0.019942
    0.621021    -0.019941
    0.622122    -0.019940
    0.623223    -0.019939
    0.624324    -0.019938
    0.625425    -0.019937
    0.626527    -0.019936
    0.627628    -0.019934
    0.628729    -0.019933
    0.629830    -0.019932
    0.630931    -0.019931
    0.632032    -0.019930
    0.633133    -0.019929
    0.634234    -0.019927
    0.635335    -0.019926
    0.636436    -0.019925
    0.637538    -0.019924
    0.638639    -0.019922
    0.639740    -0.019921
    0.640841    -0.019920
    0.641942    -0.019918
    0.643043    -0.019917
    0.644144    -0.019916
    0.645245    -0.019914
    0.646346    -0.019913
    0.647447    -0.019911
    0.648549    -0.019910
    0.649650    -0.019908
    0.650751    -0.019906
    0.651852    -0.019905
    0.652953    -0.019903
    0.654054    -0.019902
    0.655155    -0.019900
    0.656256    -0.019898
    0.657357    -0.019896
    0.658458    -0.019895
    0.659560    -0.019893
    0.660661    -0.019891
    0.661762    -0.019889
    0.662863    -0.019887
    0.663964    -0.019885
    0.665065    -0.019883
    0.666166    -0.019881
    0.667267    -0.019879
    0.668368    -0.019877
    0.669469    -0.019875
    0.670571    -0.019873
    0.671672    -0.019871
    0.672773    -0.019869
    0.673874    -0.019867
    0.674975    -0.019864
    0.676076    -0.019862
    0.677177    -0.019860
    0.678278    -0.019857
    0.679379    -0.019855
    0.680480    -0.019852
    0.681582    -0.019850
    0.682683    -0.019847
    0.683784    -0.019845
    0.684885    -0.019842
    0.685986    -0.019839
    0.687087    -0.019836
    0.688188    -0.019834
    0.689289    -0.019831
    0.690390    -0.019828
    0.691491    -0.019825
    0.692593    -0.019822
    0.693694    -0.019819
    0.694795    -0.019816
    0.695896    -0.019813
    0.696997    -0.019809
    0.698098    -0.019806
    0.699199    -0.019803
    0.700300    -0.019799
    0.701401    -0.019796
    0.702503    -0.019793
    0.703604    -0.019789
    0.704705    -0.019785
    0.705806    -0.019782
    0.706907    -0.019778
    0.708008    -0.019774
    0.709109    -0.019770
    0.710210    -0.019766
    0.711311    -0.019762
    0.712412    -0.019758
    0.713514    -0.019754
    0.714615    -0.019750
    0.715716    -0.019746
    0.716817    -0.019741
    0.717918    -0.019737
    0.719019    -0.019732
    0.720120    -0.019728
    0.721221    -0.019723
    0.722322    -0.019718
    0.723423    -0.019714
    0.724525    -0.019709
    0.725626    -0.019704
    0.726727    -0.019699
    0.727828    -0.019693
    0.728929    -0.019688
    0.730030    -0.019683
    0.731131    -0.019677
    0.732232    -0.019672
    0.733333    -0.019666
    0.734434    -0.019660
    0.735536    -0.019655
    0.736637    -0.019649
    0.737738    -0.019643
    0.738839    -0.019637
    0.739940    -0.019630
    0.741041    -0.019624
    0.742142    -0.019618
    0.743243    -0.019611
    0.744344    -0.019604
    0.745445    -0.019598
    0.746547    -0.019591
    0.747648    -0.019584
    0.748749    -0.019577
    0.749850    -0.019569
    0.750951    -0.019562
    0.752052    -0.019554
    0.753153    -0.019547
    0.754254    -0.019539
    0.755355    -0.019531
    0.756456    -0.019523
    0.757558    -0.019515
    0.758659    -0.019507
    0.759760    -0.019498
    0.760861    -0.019489
    0.761962    -0.019481
    0.763063    -0.019472
    0.764164    -0.019463
    0.765265    -0.019454
    0.766366    -0.019444
    0.767467    -0.019435
    0.768569    -0.019425
    0.769670    -0.019415
    0.770771    -0.019405
    0.771872    -0.019395
    0.772973    -0.019384
    0.774074    -0.019374
    0.775175    -0.019363
    0.776276    -0.019352
    0.777377    -0.019341
    0.778478    -0.019330
    0.779580    -0.019318
    0.780681    -0.019307
    0.781782    -0.019295
    0.782883    -0.019283
    0.783984    -0.019270
    0.785085    -0.019258
    0.786186    -0.019245
    0.787287    -0.019232
    0.788388    -0.019219
    0.789489    -0.019206
    0.790591    -0.019192
    0.791692    -0.019178
    0.792793    -0.019164
    0.793894    -0.019150
    0.794995    -0.019135
    0.796096    -0.019120
    0.797197    -0.019105
    0.798298    -0.019090
    0.799399    -0.019074
    0.800501    -0.019059
    0.801602    -0.019042
    0.802703    -0.019026
    0.803804    -0.019009
    0.804905    -0.018992
    0.806006    -0.018975
    0.807107    -0.018957
    0.808208    -0.018940
    0.809309    -0.018921
    0.810410    -0.018903
    0.811512    -0.018884
    0.812613    -0.018865
    0.813714    -0.018846
    0.814815    -0.018826
    0.815916    -0.018806
    0.817017    -0.018785
    0.818118    -0.018764
    0.819219    -0.018743
    0.820320    -0.018722
    0.821421    -0.018700
    0.822523    -0.018677
    0.823624    -0.018655
    0.824725    -0.018632
    0.825826    -0.018608
    0.826927    -0.018584
    0.828028    -0.018560
    0.829129    -0.018536
    0.830230    -0.018510
    0.831331    -0.018485
    0.832432    -0.018459
    0.833534    -0.018433
    0.834635    -0.018406
    0.835736    -0.018378
    0.836837    -0.018351
    0.837938    -0.018322
    0.839039    -0.018294
    0.840140    -0.018264
    0.841241    -0.018235
    0.842342    -0.018205
    0.843443    -0.018174
    0.844545    -0.018143
    0.845646    -0.018111
    0.846747    -0.018078
    0.847848    -0.018045
    0.848949    -0.018012
    0.850050    -0.017978
    0.851151    -0.017943
    0.852252    -0.017908
    0.853353    -0.017872
    0.854454    -0.017836
    0.855556    -0.017799
    0.856657    -0.017761
    0.857758    -0.017723
    0.858859    -0.017684
    0.859960    -0.017644
    0.861061    -0.017604
    0.862162    -0.017563
    0.863263    -0.017521
    0.864364    -0.017479
    0.865465    -0.017436
    0.866567    -0.017392
    0.867668    -0.017347
    0.868769    -0.017302
    0.869870    -0.017256
    0.870971    -0.017209
    0.872072    -0.017161
    0.873173    -0.017113
    0.874274    -0.017063
    0.875375    -0.017013
    0.876476    -0.016962
    0.877578    -0.016910
    0.878679    -0.016857
    0.879780    -0.016803
    0.880881    -0.016749
    0.881982    -0.016693
    0.883083    -0.016637
    0.884184    -0.016579
    0.885285    -0.016521
    0.886386    -0.016461
    0.887487    -0.016401
    0.888589    -0.016339
    0.889690    -0.016277
    0.890791    -0.016213
    0.891892    -0.016149
    0.892993    -0.016083
    0.894094    -0.016016
    0.895195    -0.015948
    0.896296    -0.015879
    0.897397    -0.015809
    0.898498    -0.015737
    0.899600    -0.015664
    0.900701    -0.015590
    0.901802    -0.015515
    0.902903    -0.015439
    0.904004    -0.015361
    0.905105    -0.015282
    0.906206    -0.015201
    0.907307    -0.015119
    0.908408    -0.015036
    0.909510    -0.014952
    0.910611    -0.014866
    0.911712    -0.014778
    0.912813    -0.014689
    0.913914    -0.014599
    0.915015    -0.014507
    0.916116    -0.014413
    0.917217    -0.014318
    0.918318    -0.014221
    0.919419    -0.014123
    0.920521    -0.014023
    0.921622    -0.013921
    0.922723    -0.013818
    0.923824    -0.013713
    0.924925    -0.013606
    0.926026    -0.013497
    0.927127    -0.013386
    0.928228    -0.013274
    0.929329    -0.013159
    0.930430    -0.013043
    0.931532    -0.012925
    0.932633    -0.012805
    0.933734    -0.012683
    0.934835    -0.012558
    0.935936    -0.012432
    0.937037    -0.012303
    0.938138    -0.012173
    0.939239    -0.012040
    0.940340    -0.011905
    0.941441    -0.011768
    0.942543    -0.011628
    0.943644    -0.011486
    0.944745    -0.011342
    0.945846    -0.011195
    0.946947    -0.011046
    0.948048    -0.010894
    0.949149    -0.010740
    0.950250    -0.010583
    0.951351    -0.010424
    0.952452    -0.010262
    0.953554    -0.010097
    0.954655    -0.009929
    0.955756    -0.009759
    0.956857    -0.009586
    0.957958    -0.009410
    0.959059    -0.009231
    0.960160    -0.009049
    0.961261    -0.008864
    0.962362    -0.008676
    0.963463    -0.008485
    0.964565    -0.008291
    0.965666    -0.008093
    0.966767    -0.007892
    0.967868    -0.007688
    0.968969    -0.007481
    0.970070    -0.007270
    0.971171    -0.007055
    0.972272    -0.006838
    0.973373    -0.006616
    0.974474    -0.006391
    0.975576    -0.006162
    0.976677    -0.005929
    0.977778    -0.005693
    0.978879    -0.005452
    0.979980    -0.005208
    0.981081    -0.004960
    0.982182    -0.004707
    0.983283    -0.004451
    0.984384    -0.004190
    0.985485    -0.003925
    0.986587    -0.003656
    0.987688    -0.003382
    0.988789    -0.003104
    0.989890    -0.002821
    0.990991    -0.002534
    0.992092    -0.002241
    0.993193    -0.001945
    0.994294    -0.001643
    0.995395    -0.001337
    0.996496    -0.001025
    0.997598    -0.000709
    0.998699    -0.000387
    0.999800    -0.000060
    1.000901     0.000272
    1.002002     0.000610
    1.003103     0.000953
    1.004204     0.001301
    1.005305     0.001655
    1.006406     0.002015
    1.007508     0.002380
    1.008609     0.002752
    1.009710     0.003129
    1.010811     0.003513
    1.011912     0.003902
    1.013013     0.004298
    1.014114     0.004700
    1.015215     0.005109
    1.016316     0.005523
    1.017417     0.005945
    1.018519     0.006373
    1.019620     0.006808
    1.020721     0.007250
    1.021822     0.007699
    1.022923     0.008155
    1.024024     0.008618
    1.025125     0.009089
    1.026226     0.009567
    1.027327     0.010052
    1.028428     0.010545
    1.029530     0.011046
    1.030631     0.011554
    1.031732     0.012071
    1.032833     0.012595
    1.033934     0.013128
    1.035035     0.013669
    1.036136     0.014218
    1.037237     0.014776
    1.038338     0.015343
    1.039439     0.015918
    1.040541     0.016502
    1.041642     0.017095
    1.042743     0.017697
    1.043844     0.018309
    1.044945     0.018929
    1.046046     0.019560
    1.047147     0.020199
    1.048248     0.020849
    1.049349     0.021508
    1.050450     0.022178
    1.051552     0.022857
    1.052653     0.023547
    1.053754     0.024247
    1.054855     0.024958
    1.055956     0.025679
    1.057057     0.026412
    1.058158     0.027155
    1.059259     0.027909
    1.060360     0.028674
    1.061461     0.029451
    1.062563     0.030239
    1.063664     0.031039
    1.064765     0.031851
    1.065866     0.032675
    1.066967     0.033510
    1.068068     0.034358
    1.069169     0.035219
    1.070270     0.036092
    1.071371     0.036977
    1.072472     0.037875
    1.073574     0.038787
    1.074675     0.039711
    1.075776     0.040649
    1.076877     0.041600
    1.077978     0.042565
    1.079079     0.043544
    1.080180     0.044536
    1.081281     0.045543
    1.082382     0.046564
    1.083483     0.047599
    1.084585     0.048649
    1.085686     0.049713
    1.086787     0.050793
    1.087888     0.051887
    1.088989     0.052997
    1.090090     0.054122
    1.091191     0.055262
    1.092292     0.056419
    1.093393     0.057591
    1.094494     0.058779
    1.095596     0.059983
    1.096697     0.061204
    1.097798     0.062441
    1.098899     0.063695
    1.100000     0.064965
