  0.00   0.76003995
  0.01   0.75004979
  0.02   0.74005956
  0.03   0.73006922
  0.04   0.72007874
  0.05   0.71008803
  0.06   0.70009701
  0.07   0.69010552
  0.08   0.68011335
  0.09   0.67012019
  0.10   0.66012557
  0.11   0.65012884
  0.12   0.64012901
  0.13   0.63012466
  0.14   0.62011371
  0.15   0.61009313
  0.16   0.60005847
  0.17   0.59000326
  0.18   0.57991805
  0.19   0.56978902
  0.20   0.55959601
  0.21   0.54930957
  0.22   0.53888670
  0.23   0.52826463
  0.24   0.51735171
  0.25   0.50601412
  0.26   0.49405654
  0.27   0.48119388
  0.28   0.46701019
  0.29   0.45089870
  0.30   0.43197482
  0.31   0.40894989
  0.32   0.37994857
  0.33   0.34224615
  0.34   0.29189288
  0.35   0.22318235
  0.36   0.12791012
  0.37  -0.00563742
  0.38  -0.19401583
  0.39  -0.46028826
  0.40  -0.83593084
  0.41  -1.36268158
  0.42  -2.09372237
  0.43  -3.09323681
  0.44  -4.43325995
  0.45  -6.18722910
  0.46  -8.42096928
  0.47 -11.18349132
  0.48 -14.50069985
  0.49 -18.37403093
  0.50 -22.78380768
  0.51 -27.69534276
  0.52 -33.06548670
  0.53 -38.84807726
  0.54 -44.99772890
  0.55 -51.47207114
  0.56 -58.23282017
  0.57 -65.24608963
  0.58 -72.48226105
  0.59 -79.91563251
  0.60 -87.52397990
  0.61 -95.28810658
  0.62 -103.19142030
  0.63 -111.21955419
  0.64 -119.36003660
  0.65 -127.60200822
  0.66 -135.93598211
  0.67 -144.35364135
  0.68 -152.84766878
  0.69 -161.41160390
  0.70 -170.03972251
  0.71 -178.72693534
  0.72 -187.46870250
  0.73 -196.26096104
  0.74 -205.10006351
  0.75 -213.98272556
  0.76 -222.90598135
  0.77 -231.86714517
  0.78 -240.86377854
  0.79 -249.89366184
  0.80 -258.95476973
  0.81 -268.04524983
  0.82 -277.16340419
  0.83 -286.30767304
  0.84 -295.47662065
  0.85 -304.66892285
  0.86 -313.88335605
  0.87 -323.11878758
  0.88 -332.37416711
  0.89 -341.64851903
  0.90 -350.94093567
  0.91 -360.25057133
  0.92 -369.57663682
  0.93 -378.91839467
  0.94 -388.27515479
  0.95 -397.64627058
  0.96 -407.03113539
  0.97 -416.42917941
  0.98 -425.83986675
  0.99 -435.26269285
  1.00 -444.69718218
