  0.00   0.76003995
  0.01   0.75004984
  0.02   0.74005970
  0.03   0.73006951
  0.04   0.72007927
  0.05   0.71008896
  0.06   0.70009856
  0.07   0.69010803
  0.08   0.68011734
  0.09   0.67012644
  0.10   0.66013527
  0.11   0.65014373
  0.12   0.64015173
  0.13   0.63015910
  0.14   0.62016565
  0.15   0.61017114
  0.16   0.60017524
  0.17   0.59017750
  0.18   0.58017736
  0.19   0.57017408
  0.20   0.56016667
  0.21   0.55015386
  0.22   0.54013398
  0.23   0.53010481
  0.24   0.52006349
  0.25   0.51000623
  0.26   0.49992809
  0.27   0.48982258
  0.28   0.47968120
  0.29   0.46949282
  0.30   0.45924285
  0.31   0.44891214
  0.32   0.43847565
  0.33   0.42790053
  0.34   0.41714373
  0.35   0.40614886
  0.36   0.39484203
  0.37   0.38312641
  0.38   0.37087516
  0.39   0.35792213
  0.40   0.34404968
  0.41   0.32897281
  0.42   0.31231838
  0.43   0.29359802
  0.44   0.27217277
  0.45   0.24720713
  0.46   0.21760931
  0.47   0.18195390
  0.48   0.13838218
  0.49   0.08447404
  0.50   0.01708481
  0.51  -0.06786103
  0.52  -0.17562736
  0.53  -0.31298289
  0.54  -0.48858146
  0.55  -0.71340521
  0.56  -1.00125839
  0.57  -1.36928133
  0.58  -1.83842739
  0.59  -2.43381106
  0.60  -3.18479926
  0.61  -4.12469197
  0.62  -5.28984515
  0.63  -6.71815044
  0.64  -8.44691450
  0.65 -10.51035615
  0.66 -12.93710241
  0.67 -15.74813538
  0.68 -18.95556779
  0.69 -22.56242358
  0.70 -26.56335370
  0.71 -30.94602642
  0.72 -35.69285388
  0.73 -40.78274615
  0.74 -46.19267706
  0.75 -51.89895107
  0.76 -57.87814505
  0.77 -64.10775271
  0.78 -70.56658436
  0.79 -77.23498032
  0.80 -84.09489130
  0.81 -91.12986927
  0.82 -98.32500197
  0.83 -105.66681489
  0.84 -113.14315746
  0.85 -120.74308413
  0.86 -128.45673735
  0.87 -136.27523649
  0.88 -144.19057481
  0.89 -152.19552557
  0.90 -160.28355723
  0.91 -168.44875762
  0.92 -176.68576635
  0.93 -184.98971498
  0.94 -193.35617393
  0.95 -201.78110564
  0.96 -210.26082319
  0.97 -218.79195373
  0.98 -227.37140617
  0.99 -235.99634261
  1.00 -244.66415310
