    0.000000    -0.020000
    0.001101    -0.019991
    0.002202    -0.019982
    0.003303    -0.019972
    0.004404    -0.019963
    0.005506    -0.019954
    0.006607    -0.019944
    0.007708    -0.019935
    0.008809    -0.019926
    0.009910    -0.019917
    0.011011    -0.019907
    0.012112    -0.019898
    0.013213    -0.019889
    0.014314    -0.019879
    0.015415    -0.019870
    0.016517    -0.019861
    0.017618    -0.019851
    0.018719    -0.019842
    0.019820    -0.019833
    0.020921    -0.019823
    0.022022    -0.019814
    0.023123    -0.019804
    0.024224    -0.019795
    0.025325    -0.019786
    0.026426    -0.019776
    0.027528    -0.019767
    0.028629    -0.019757
    0.029730    -0.019748
    0.030831    -0.019738
    0.031932    -0.019729
    0.033033    -0.019719
    0.034134    -0.019710
    0.035235    -0.019700
    0.036336    -0.019691
    0.037437    -0.019681
    0.038539    -0.019672
    0.039640    -0.019662
    0.040741    -0.019653
    0.041842    -0.019643
    0.042943    -0.019633
    0.044044    -0.019624
    0.045145    -0.019614
    0.046246    -0.019604
    0.047347    -0.019595
    0.048448    -0.019585
    0.049550    -0.019576
    0.050651    -0.019566
    0.051752    -0.019556
    0.052853    -0.019546
    0.053954    -0.019537
    0.055055    -0.019527
    0.056156    -0.019517
    0.057257    -0.019508
    0.058358    -0.019498
    0.059459    -0.019488
    0.060561    -0.019478
    0.061662    -0.019468
    0.062763    -0.019459
    0.063864    -0.019449
    0.064965    -0.019439
    0.066066    -0.019429
    0.067167    -0.019419
    0.068268    -0.019409
    0.069369    -0.019399
    0.070470    -0.019390
    0.071572    -0.019380
    0.072673    -0.019370
    0.073774    -0.019360
    0.074875    -0.019350
    0.075976    -0.019340
    0.077077    -0.019330
    0.078178    -0.019320
    0.079279    -0.019310
    0.080380    -0.019300
    0.081481    -0.019290
    0.082583    -0.019280
    0.083684    -0.019269
    0.084785    -0.019259
    0.085886    -0.019249
    0.086987    -0.019239
    0.088088    -0.019229
    0.089189    -0.019219
    0.090290    -0.019209
    0.091391    -0.019198
    0.092492    -0.019188
    0.093594    -0.019178
    0.094695    -0.019168
    0.095796    -0.019157
    0.096897    -0.019147
    0.097998    -0.019137
    0.099099    -0.019127
    0.100200    -0.019116
    0.101301    -0.019106
    0.102402    -0.019095
    0.103504    -0.019085
    0.104605    -0.019075
    0.105706    -0.019064
    0.106807    -0.019054
    0.107908    -0.019043
    0.109009    -0.019033
    0.110110    -0.019022
    0.111211    -0.019012
    0.112312    -0.019001
    0.113413    -0.018991
    0.114515    -0.018980
    0.115616    -0.018969
    0.116717    -0.018959
    0.117818    -0.018948
    0.118919    -0.018938
    0.120020    -0.018927
    0.121121    -0.018916
    0.122222    -0.018905
    0.123323    -0.018895
    0.124424    -0.018884
    0.125526    -0.018873
    0.126627    -0.018862
    0.127728    -0.018851
    0.128829    -0.018841
    0.129930    -0.018830
    0.131031    -0.018819
    0.132132    -0.018808
    0.133233    -0.018797
    0.134334    -0.018786
    0.135435    -0.018775
    0.136537    -0.018764
    0.137638    -0.018753
    0.138739    -0.018742
    0.139840    -0.018731
    0.140941    -0.018720
    0.142042    -0.018709
    0.143143    -0.018697
    0.144244    -0.018686
    0.145345    -0.018675
    0.146446    -0.018664
    0.147548    -0.018653
    0.148649    -0.018641
    0.149750    -0.018630
    0.150851    -0.018619
    0.151952    -0.018607
    0.153053    -0.018596
    0.154154    -0.018585
    0.155255    -0.018573
    0.156356    -0.018562
    0.157457    -0.018550
    0.158559    -0.018539
    0.159660    -0.018527
    0.160761    -0.018516
    0.161862    -0.018504
    0.162963    -0.018492
    0.164064    -0.018481
    0.165165    -0.018469
    0.166266    -0.018457
    0.167367    -0.018446
    0.168468    -0.018434
    0.169570    -0.018422
    0.170671    -0.018410
    0.171772    -0.018399
    0.172873    -0.018387
    0.173974    -0.018375
    0.175075    -0.018363
    0.176176    -0.018351
    0.177277    -0.018339
    0.178378    -0.018327
    0.179479    -0.018315
    0.180581    -0.018303
    0.181682    -0.018291
    0.182783    -0.018279
    0.183884    -0.018266
    0.184985    -0.018254
    0.186086    -0.018242
    0.187187    -0.018230
    0.188288    -0.018218
    0.189389    -0.018205
    0.190490    -0.018193
    0.191592    -0.018180
    0.192693    -0.018168
    0.193794    -0.018156
    0.194895    -0.018143
    0.195996    -0.018131
    0.197097    -0.018118
    0.198198    -0.018106
    0.199299    -0.018093
    0.200400    -0.018080
    0.201502    -0.018068
    0.202603    -0.018055
    0.203704    -0.018042
    0.204805    -0.018029
    0.205906    -0.018017
    0.207007    -0.018004
    0.208108    -0.017991
    0.209209    -0.017978
    0.210310    -0.017965
    0.211411    -0.017952
    0.212513    -0.017939
    0.213614    -0.017926
    0.214715    -0.017913
    0.215816    -0.017900
    0.216917    -0.017887
    0.218018    -0.017874
    0.219119    -0.017860
    0.220220    -0.017847
    0.221321    -0.017834
    0.222422    -0.017820
    0.223524    -0.017807
    0.224625    -0.017794
    0.225726    -0.017780
    0.226827    -0.017767
    0.227928    -0.017753
    0.229029    -0.017740
    0.230130    -0.017726
    0.231231    -0.017712
    0.232332    -0.017699
    0.233433    -0.017685
    0.234535    -0.017671
    0.235636    -0.017658
    0.236737    -0.017644
    0.237838    -0.017630
    0.238939    -0.017616
    0.240040    -0.017602
    0.241141    -0.017588
    0.242242    -0.017574
    0.243343    -0.017560
    0.244444    -0.017546
    0.245546    -0.017532
    0.246647    -0.017518
    0.247748    -0.017503
    0.248849    -0.017489
    0.249950    -0.017475
    0.251051    -0.017461
    0.252152    -0.017446
    0.253253    -0.017432
    0.254354    -0.017417
    0.255455    -0.017403
    0.256557    -0.017388
    0.257658    -0.017374
    0.258759    -0.017359
    0.259860    -0.017345
    0.260961    -0.017330
    0.262062    -0.017315
    0.263163    -0.017300
    0.264264    -0.017286
    0.265365    -0.017271
    0.266466    -0.017256
    0.267568    -0.017241
    0.268669    -0.017226
    0.269770    -0.017211
    0.270871    -0.017196
    0.271972    -0.017181
    0.273073    -0.017166
    0.274174    -0.017150
    0.275275    -0.017135
    0.276376    -0.017120
    0.277477    -0.017104
    0.278579    -0.017089
    0.279680    -0.017074
    0.280781    -0.017058
    0.281882    -0.017043
    0.282983    -0.017027
    0.284084    -0.017012
    0.285185    -0.016996
    0.286286    -0.016980
    0.287387    -0.016965
    0.288488    -0.016949
    0.289590    -0.016933
    0.290691    -0.016917
    0.291792    -0.016901
    0.292893    -0.016885
    0.293994    -0.016869
    0.295095    -0.016853
    0.296196    -0.016837
    0.297297    -0.016821
    0.298398    -0.016805
    0.299499    -0.016789
    0.300601    -0.016773
    0.301702    -0.016756
    0.302803    -0.016740
    0.303904    -0.016724
    0.305005    -0.016707
    0.306106    -0.016691
    0.307207    -0.016674
    0.308308    -0.016658
    0.309409    -0.016641
    0.310511    -0.016624
    0.311612    -0.016608
    0.312713    -0.016591
    0.313814    -0.016574
    0.314915    -0.016557
    0.316016    -0.016540
    0.317117    -0.016524
    0.318218    -0.016507
    0.319319    -0.016490
    0.320420    -0.016473
    0.321522    -0.016455
    0.322623    -0.016438
    0.323724    -0.016421
    0.324825    -0.016404
    0.325926    -0.016387
    0.327027    -0.016369
    0.328128    -0.016352
    0.329229    -0.016334
    0.330330    -0.016317
    0.331431    -0.016299
    0.332533    -0.016282
    0.333634    -0.016264
    0.334735    -0.016247
    0.335836    -0.016229
    0.336937    -0.016211
    0.338038    -0.016193
    0.339139    -0.016176
    0.340240    -0.016158
    0.341341    -0.016140
    0.342442    -0.016122
    0.343544    -0.016104
    0.344645    -0.016086
    0.345746    -0.016068
    0.346847    -0.016050
    0.347948    -0.016031
    0.349049    -0.016013
    0.350150    -0.015995
    0.351251    -0.015976
    0.352352    -0.015958
    0.353453    -0.015940
    0.354555    -0.015921
    0.355656    -0.015903
    0.356757    -0.015884
    0.357858    -0.015866
    0.358959    -0.015847
    0.360060    -0.015828
    0.361161    -0.015809
    0.362262    -0.015791
    0.363363    -0.015772
    0.364464    -0.015753
    0.365566    -0.015734
    0.366667    -0.015715
    0.367768    -0.015696
    0.368869    -0.015677
    0.369970    -0.015658
    0.371071    -0.015639
    0.372172    -0.015620
    0.373273    -0.015600
    0.374374    -0.015581
    0.375475    -0.015562
    0.376577    -0.015542
    0.377678    -0.015523
    0.378779    -0.015503
    0.379880    -0.015484
    0.380981    -0.015464
    0.382082    -0.015445
    0.383183    -0.015425
    0.384284    -0.015405
    0.385385    -0.015386
    0.386486    -0.015366
    0.387588    -0.015346
    0.388689    -0.015326
    0.389790    -0.015306
    0.390891    -0.015286
    0.391992    -0.015266
    0.393093    -0.015246
    0.394194    -0.015226
    0.395295    -0.015206
    0.396396    -0.015186
    0.397497    -0.015166
    0.398599    -0.015146
    0.399700    -0.015125
    0.400801    -0.015105
    0.401902    -0.015084
    0.403003    -0.015064
    0.404104    -0.015044
    0.405205    -0.015023
    0.406306    -0.015002
    0.407407    -0.014982
    0.408509    -0.014961
    0.409610    -0.014941
    0.410711    -0.014920
    0.411812    -0.014899
    0.412913    -0.014878
    0.414014    -0.014857
    0.415115    -0.014836
    0.416216    -0.014815
    0.417317    -0.014794
    0.418418    -0.014773
    0.419520    -0.014752
    0.420621    -0.014731
    0.421722    -0.014710
    0.422823    -0.014689
    0.423924    -0.014668
    0.425025    -0.014646
    0.426126    -0.014625
    0.427227    -0.014604
    0.428328    -0.014582
    0.429429    -0.014561
    0.430531    -0.014539
    0.431632    -0.014518
    0.432733    -0.014496
    0.433834    -0.014475
    0.434935    -0.014453
    0.436036    -0.014431
    0.437137    -0.014409
    0.438238    -0.014388
    0.439339    -0.014366
    0.440440    -0.014344
    0.441542    -0.014322
    0.442643    -0.014300
    0.443744    -0.014278
    0.444845    -0.014256
    0.445946    -0.014234
    0.447047    -0.014212
    0.448148    -0.014190
    0.449249    -0.014168
    0.450350    -0.014145
    0.451451    -0.014123
    0.452553    -0.014101
    0.453654    -0.014079
    0.454755    -0.014056
    0.455856    -0.014034
    0.456957    -0.014011
    0.458058    -0.013989
    0.459159    -0.013966
    0.460260    -0.013944
    0.461361    -0.013921
    0.462462    -0.013898
    0.463564    -0.013876
    0.464665    -0.013853
    0.465766    -0.013830
    0.466867    -0.013807
    0.467968    -0.013785
    0.469069    -0.013762
    0.470170    -0.013739
    0.471271    -0.013716
    0.472372    -0.013693
    0.473473    -0.013670
    0.474575    -0.013647
    0.475676    -0.013624
    0.476777    -0.013601
    0.477878    -0.013577
    0.478979    -0.013554
    0.480080    -0.013531
    0.481181    -0.013508
    0.482282    -0.013484
    0.483383    -0.013461
    0.484484    -0.013438
    0.485586    -0.013414
    0.486687    -0.013391
    0.487788    -0.013367
    0.488889    -0.013344
    0.489990    -0.013320
    0.491091    -0.013296
    0.492192    -0.013273
    0.493293    -0.013249
    0.494394    -0.013225
    0.495495    -0.013202
    0.496597    -0.013178
    0.497698    -0.013154
    0.498799    -0.013130
    0.499900    -0.013106
    0.501001    -0.013082
    0.502102    -0.013058
    0.503203    -0.013034
    0.504304    -0.013010
    0.505405    -0.012986
    0.506507    -0.012962
    0.507608    -0.012938
    0.508709    -0.012914
    0.509810    -0.012890
    0.510911    -0.012866
    0.512012    -0.012841
    0.513113    -0.012817
    0.514214    -0.012793
    0.515315    -0.012768
    0.516416    -0.012744
    0.517518    -0.012719
    0.518619    -0.012695
    0.519720    -0.012670
    0.520821    -0.012646
    0.521922    -0.012621
    0.523023    -0.012597
    0.524124    -0.012572
    0.525225    -0.012548
    0.526326    -0.012523
    0.527427    -0.012498
    0.528529    -0.012473
    0.529630    -0.012449
    0.530731    -0.012424
    0.531832    -0.012399
    0.532933    -0.012374
    0.534034    -0.012349
    0.535135    -0.012324
    0.536236    -0.012299
    0.537337    -0.012274
    0.538438    -0.012249
    0.539540    -0.012224
    0.540641    -0.012199
    0.541742    -0.012174
    0.542843    -0.012149
    0.543944    -0.012123
    0.545045    -0.012098
    0.546146    -0.012073
    0.547247    -0.012048
    0.548348    -0.012022
    0.549449    -0.011997
    0.550551    -0.011972
    0.551652    -0.011946
    0.552753    -0.011921
    0.553854    -0.011895
    0.554955    -0.011870
    0.556056    -0.011844
    0.557157    -0.011819
    0.558258    -0.011793
    0.559359    -0.011768
    0.560460    -0.011742
    0.561562    -0.011716
    0.562663    -0.011691
    0.563764    -0.011665
    0.564865    -0.011639
    0.565966    -0.011613
    0.567067    -0.011588
    0.568168    -0.011562
    0.569269    -0.011536
    0.570370    -0.011510
    0.571471    -0.011484
    0.572573    -0.011458
    0.573674    -0.011432
    0.574775    -0.011406
    0.575876    -0.011380
    0.576977    -0.011354
    0.578078    -0.011328
    0.579179    -0.011302
    0.580280    -0.011276
    0.581381    -0.011250
    0.582482    -0.011223
    0.583584    -0.011197
    0.584685    -0.011171
    0.585786    -0.011145
    0.586887    -0.011118
    0.587988    -0.011092
    0.589089    -0.011066
    0.590190    -0.011039
    0.591291    -0.011013
    0.592392    -0.010987
    0.593493    -0.010960
    0.594595    -0.010934
    0.595696    -0.010907
    0.596797    -0.010881
    0.597898    -0.010854
    0.598999    -0.010827
    0.600100    -0.010801
    0.601201    -0.010774
    0.602302    -0.010748
    0.603403    -0.010721
    0.604505    -0.010694
    0.605606    -0.010667
    0.606707    -0.010641
    0.607808    -0.010614
    0.608909    -0.010587
    0.610010    -0.010560
    0.611111    -0.010533
    0.612212    -0.010506
    0.613313    -0.010480
    0.614414    -0.010453
    0.615516    -0.010426
    0.616617    -0.010399
    0.617718    -0.010372
    0.618819    -0.010345
    0.619920    -0.010318
    0.621021    -0.010291
    0.622122    -0.010263
    0.623223    -0.010236
    0.624324    -0.010209
    0.625425    -0.010182
    0.626527    -0.010155
    0.627628    -0.010128
    0.628729    -0.010100
    0.629830    -0.010073
    0.630931    -0.010046
    0.632032    -0.010019
    0.633133    -0.009991
    0.634234    -0.009964
    0.635335    -0.009936
    0.636436    -0.009909
    0.637538    -0.009882
    0.638639    -0.009854
    0.639740    -0.009827
    0.640841    -0.009799
    0.641942    -0.009772
    0.643043    -0.009744
    0.644144    -0.009717
    0.645245    -0.009689
    0.646346    -0.009662
    0.647447    -0.009634
    0.648549    -0.009606
    0.649650    -0.009579
    0.650751    -0.009551
    0.651852    -0.009523
    0.652953    -0.009496
    0.654054    -0.009468
    0.655155    -0.009440
    0.656256    -0.009412
    0.657357    -0.009384
    0.658458    -0.009357
    0.659560    -0.009329
    0.660661    -0.009301
    0.661762    -0.009273
    0.662863    -0.009245
    0.663964    -0.009217
    0.665065    -0.009189
    0.666166    -0.009161
    0.667267    -0.009133
    0.668368    -0.009105
    0.669469    -0.009077
    0.670571    -0.009049
    0.671672    -0.009021
    0.672773    -0.008993
    0.673874    -0.008965
    0.674975    -0.008937
    0.676076    -0.008909
    0.677177    -0.008880
    0.678278    -0.008852
    0.679379    -0.008824
    0.680480    -0.008796
    0.681582    -0.008767
    0.682683    -0.008739
    0.683784    -0.008711
    0.684885    -0.008683
    0.685986    -0.008654
    0.687087    -0.008626
    0.688188    -0.008598
    0.689289    -0.008569
    0.690390    -0.008541
    0.691491    -0.008512
    0.692593    -0.008484
    0.693694    -0.008455
    0.694795    -0.008427
    0.695896    -0.008398
    0.696997    -0.008370
    0.698098    -0.008341
    0.699199    -0.008313
    0.700300    -0.008284
    0.701401    -0.008256
    0.702503    -0.008227
    0.703604    -0.008198
    0.704705    -0.008170
    0.705806    -0.008141
    0.706907    -0.008113
    0.708008    -0.008084
    0.709109    -0.008055
    0.710210    -0.008026
    0.711311    -0.007998
    0.712412    -0.007969
    0.713514    -0.007940
    0.714615    -0.007911
    0.715716    -0.007882
    0.716817    -0.007854
    0.717918    -0.007825
    0.719019    -0.007796
    0.720120    -0.007767
    0.721221    -0.007738
    0.722322    -0.007709
    0.723423    -0.007680
    0.724525    -0.007651
    0.725626    -0.007622
    0.726727    -0.007593
    0.727828    -0.007564
    0.728929    -0.007535
    0.730030    -0.007506
    0.731131    -0.007477
    0.732232    -0.007448
    0.733333    -0.007419
    0.734434    -0.007390
    0.735536    -0.007361
    0.736637    -0.007332
    0.737738    -0.007303
    0.738839    -0.007273
    0.739940    -0.007244
    0.741041    -0.007215
    0.742142    -0.007186
    0.743243    -0.007157
    0.744344    -0.007127
    0.745445    -0.007098
    0.746547    -0.007069
    0.747648    -0.007039
    0.748749    -0.007010
    0.749850    -0.006981
    0.750951    -0.006951
    0.752052    -0.006922
    0.753153    -0.006893
    0.754254    -0.006863
    0.755355    -0.006834
    0.756456    -0.006804
    0.757558    -0.006775
    0.758659    -0.006746
    0.759760    -0.006716
    0.760861    -0.006687
    0.761962    -0.006657
    0.763063    -0.006628
    0.764164    -0.006598
    0.765265    -0.006569
    0.766366    -0.006539
    0.767467    -0.006509
    0.768569    -0.006480
    0.769670    -0.006450
    0.770771    -0.006421
    0.771872    -0.006391
    0.772973    -0.006361
    0.774074    -0.006332
    0.775175    -0.006302
    0.776276    -0.006272
    0.777377    -0.006243
    0.778478    -0.006213
    0.779580    -0.006183
    0.780681    -0.006153
    0.781782    -0.006124
    0.782883    -0.006094
    0.783984    -0.006064
    0.785085    -0.006034
    0.786186    -0.006005
    0.787287    -0.005975
    0.788388    -0.005945
    0.789489    -0.005915
    0.790591    -0.005885
    0.791692    -0.005855
    0.792793    -0.005825
    0.793894    -0.005795
    0.794995    -0.005766
    0.796096    -0.005736
    0.797197    -0.005706
    0.798298    -0.005676
    0.799399    -0.005646
    0.800501    -0.005616
    0.801602    -0.005586
    0.802703    -0.005556
    0.803804    -0.005526
    0.804905    -0.005496
    0.806006    -0.005466
    0.807107    -0.005436
    0.808208    -0.005405
    0.809309    -0.005375
    0.810410    -0.005345
    0.811512    -0.005315
    0.812613    -0.005285
    0.813714    -0.005255
    0.814815    -0.005225
    0.815916    -0.005195
    0.817017    -0.005164
    0.818118    -0.005134
    0.819219    -0.005104
    0.820320    -0.005074
    0.821421    -0.005043
    0.822523    -0.005013
    0.823624    -0.004983
    0.824725    -0.004953
    0.825826    -0.004922
    0.826927    -0.004892
    0.828028    -0.004862
    0.829129    -0.004831
    0.830230    -0.004801
    0.831331    -0.004771
    0.832432    -0.004740
    0.833534    -0.004710
    0.834635    -0.004680
    0.835736    -0.004649
    0.836837    -0.004619
    0.837938    -0.004588
    0.839039    -0.004558
    0.840140    -0.004528
    0.841241    -0.004497
    0.842342    -0.004467
    0.843443    -0.004436
    0.844545    -0.004406
    0.845646    -0.004375
    0.846747    -0.004345
    0.847848    -0.004314
    0.848949    -0.004284
    0.850050    -0.004253
    0.851151    -0.004223
    0.852252    -0.004192
    0.853353    -0.004161
    0.854454    -0.004131
    0.855556    -0.004100
    0.856657    -0.004070
    0.857758    -0.004039
    0.858859    -0.004008
    0.859960    -0.003978
    0.861061    -0.003947
    0.862162    -0.003916
    0.863263    -0.003886
    0.864364    -0.003855
    0.865465    -0.003824
    0.866567    -0.003794
    0.867668    -0.003763
    0.868769    -0.003732
    0.869870    -0.003701
    0.870971    -0.003671
    0.872072    -0.003640
    0.873173    -0.003609
    0.874274    -0.003578
    0.875375    -0.003548
    0.876476    -0.003517
    0.877578    -0.003486
    0.878679    -0.003455
    0.879780    -0.003424
    0.880881    -0.003393
    0.881982    -0.003362
    0.883083    -0.003332
    0.884184    -0.003301
    0.885285    -0.003270
    0.886386    -0.003239
    0.887487    -0.003208
    0.888589    -0.003177
    0.889690    -0.003146
    0.890791    -0.003115
    0.891892    -0.003084
    0.892993    -0.003053
    0.894094    -0.003022
    0.895195    -0.002991
    0.896296    -0.002960
    0.897397    -0.002929
    0.898498    -0.002898
    0.899600    -0.002867
    0.900701    -0.002836
    0.901802    -0.002805
    0.902903    -0.002774
    0.904004    -0.002743
    0.905105    -0.002712
    0.906206    -0.002681
    0.907307    -0.002650
    0.908408    -0.002619
    0.909510    -0.002588
    0.910611    -0.002556
    0.911712    -0.002525
    0.912813    -0.002494
    0.913914    -0.002463
    0.915015    -0.002432
    0.916116    -0.002401
    0.917217    -0.002370
    0.918318    -0.002338
    0.919419    -0.002307
    0.920521    -0.002276
    0.921622    -0.002245
    0.922723    -0.002213
    0.923824    -0.002182
    0.924925    -0.002151
    0.926026    -0.002120
    0.927127    -0.002088
    0.928228    -0.002057
    0.929329    -0.002026
    0.930430    -0.001995
    0.931532    -0.001963
    0.932633    -0.001932
    0.933734    -0.001901
    0.934835    -0.001869
    0.935936    -0.001838
    0.937037    -0.001807
    0.938138    -0.001775
    0.939239    -0.001744
    0.940340    -0.001713
    0.941441    -0.001681
    0.942543    -0.001650
    0.943644    -0.001618
    0.944745    -0.001587
    0.945846    -0.001556
    0.946947    -0.001524
    0.948048    -0.001493
    0.949149    -0.001461
    0.950250    -0.001430
    0.951351    -0.001398
    0.952452    -0.001367
    0.953554    -0.001335
    0.954655    -0.001304
    0.955756    -0.001272
    0.956857    -0.001241
    0.957958    -0.001209
    0.959059    -0.001178
    0.960160    -0.001146
    0.961261    -0.001115
    0.962362    -0.001083
    0.963463    -0.001052
    0.964565    -0.001020
    0.965666    -0.000989
    0.966767    -0.000957
    0.967868    -0.000925
    0.968969    -0.000894
    0.970070    -0.000862
    0.971171    -0.000831
    0.972272    -0.000799
    0.973373    -0.000767
    0.974474    -0.000736
    0.975576    -0.000704
    0.976677    -0.000672
    0.977778    -0.000641
    0.978879    -0.000609
    0.979980    -0.000577
    0.981081    -0.000546
    0.982182    -0.000514
    0.983283    -0.000482
    0.984384    -0.000451
    0.985485    -0.000419
    0.986587    -0.000387
    0.987688    -0.000355
    0.988789    -0.000324
    0.989890    -0.000292
    0.990991    -0.000260
    0.992092    -0.000228
    0.993193    -0.000197
    0.994294    -0.000165
    0.995395    -0.000133
    0.996496    -0.000101
    0.997598    -0.000069
    0.998699    -0.000038
    0.999800    -0.000006
    1.000901     0.000026
    1.002002     0.000058
    1.003103     0.000090
    1.004204     0.000122
    1.005305     0.000153
    1.006406     0.000185
    1.007508     0.000217
    1.008609     0.000249
    1.009710     0.000281
    1.010811     0.000313
    1.011912     0.000345
    1.013013     0.000377
    1.014114     0.000409
    1.015215     0.000440
    1.016316     0.000472
    1.017417     0.000504
    1.018519     0.000536
    1.019620     0.000568
    1.020721     0.000600
    1.021822     0.000632
    1.022923     0.000664
    1.024024     0.000696
    1.025125     0.000728
    1.026226     0.000760
    1.027327     0.000792
    1.028428     0.000824
    1.029530     0.000856
    1.030631     0.000888
    1.031732     0.000920
    1.032833     0.000952
    1.033934     0.000984
    1.035035     0.001016
    1.036136     0.001048
    1.037237     0.001080
    1.038338     0.001113
    1.039439     0.001145
    1.040541     0.001177
    1.041642     0.001209
    1.042743     0.001241
    1.043844     0.001273
    1.044945     0.001305
    1.046046     0.001337
    1.047147     0.001369
    1.048248     0.001402
    1.049349     0.001434
    1.050450     0.001466
    1.051552     0.001498
    1.052653     0.001530
    1.053754     0.001562
    1.054855     0.001595
    1.055956     0.001627
    1.057057     0.001659
    1.058158     0.001691
    1.059259     0.001723
    1.060360     0.001755
    1.061461     0.001788
    1.062563     0.001820
    1.063664     0.001852
    1.064765     0.001884
    1.065866     0.001917
    1.066967     0.001949
    1.068068     0.001981
    1.069169     0.002013
    1.070270     0.002046
    1.071371     0.002078
    1.072472     0.002110
    1.073574     0.002143
    1.074675     0.002175
    1.075776     0.002207
    1.076877     0.002239
    1.077978     0.002272
    1.079079     0.002304
    1.080180     0.002336
    1.081281     0.002369
    1.082382     0.002401
    1.083483     0.002433
    1.084585     0.002466
    1.085686     0.002498
    1.086787     0.002530
    1.087888     0.002563
    1.088989     0.002595
    1.090090     0.002628
    1.091191     0.002660
    1.092292     0.002692
    1.093393     0.002725
    1.094494     0.002757
    1.095596     0.002790
    1.096697     0.002822
    1.097798     0.002854
    1.098899     0.002887
    1.100000     0.002919
