    0.000000    -0.020000
    0.001101    -0.019993
    0.002202    -0.019985
    0.003303    -0.019978
    0.004404    -0.019971
    0.005506    -0.019964
    0.006607    -0.019956
    0.007708    -0.019949
    0.008809    -0.019941
    0.009910    -0.019934
    0.011011    -0.019927
    0.012112    -0.019919
    0.013213    -0.019912
    0.014314    -0.019904
    0.015415    -0.019897
    0.016517    -0.019889
    0.017618    -0.019882
    0.018719    -0.019874
    0.019820    -0.019867
    0.020921    -0.019859
    0.022022    -0.019852
    0.023123    -0.019844
    0.024224    -0.019836
    0.025325    -0.019829
    0.026426    -0.019821
    0.027528    -0.019813
    0.028629    -0.019806
    0.029730    -0.019798
    0.030831    -0.019790
    0.031932    -0.019783
    0.033033    -0.019775
    0.034134    -0.019767
    0.035235    -0.019759
    0.036336    -0.019751
    0.037437    -0.019744
    0.038539    -0.019736
    0.039640    -0.019728
    0.040741    -0.019720
    0.041842    -0.019712
    0.042943    -0.019704
    0.044044    -0.019696
    0.045145    -0.019688
    0.046246    -0.019680
    0.047347    -0.019672
    0.048448    -0.019664
    0.049550    -0.019656
    0.050651    -0.019648
    0.051752    -0.019640
    0.052853    -0.019632
    0.053954    -0.019624
    0.055055    -0.019615
    0.056156    -0.019607
    0.057257    -0.019599
    0.058358    -0.019591
    0.059459    -0.019583
    0.060561    -0.019574
    0.061662    -0.019566
    0.062763    -0.019558
    0.063864    -0.019549
    0.064965    -0.019541
    0.066066    -0.019533
    0.067167    -0.019524
    0.068268    -0.019516
    0.069369    -0.019507
    0.070470    -0.019499
    0.071572    -0.019490
    0.072673    -0.019482
    0.073774    -0.019473
    0.074875    -0.019465
    0.075976    -0.019456
    0.077077    -0.019448
    0.078178    -0.019439
    0.079279    -0.019430
    0.080380    -0.019422
    0.081481    -0.019413
    0.082583    -0.019404
    0.083684    -0.019396
    0.084785    -0.019387
    0.085886    -0.019378
    0.086987    -0.019369
    0.088088    -0.019360
    0.089189    -0.019352
    0.090290    -0.019343
    0.091391    -0.019334
    0.092492    -0.019325
    0.093594    -0.019316
    0.094695    -0.019307
    0.095796    -0.019298
    0.096897    -0.019289
    0.097998    -0.019280
    0.099099    -0.019271
    0.100200    -0.019262
    0.101301    -0.019253
    0.102402    -0.019243
    0.103504    -0.019234
    0.104605    -0.019225
    0.105706    -0.019216
    0.106807    -0.019207
    0.107908    -0.019197
    0.109009    -0.019188
    0.110110    -0.019179
    0.111211    -0.019169
    0.112312    -0.019160
    0.113413    -0.019150
    0.114515    -0.019141
    0.115616    -0.019132
    0.116717    -0.019122
    0.117818    -0.019113
    0.118919    -0.019103
    0.120020    -0.019093
    0.121121    -0.019084
    0.122222    -0.019074
    0.123323    -0.019064
    0.124424    -0.019055
    0.125526    -0.019045
    0.126627    -0.019035
    0.127728    -0.019026
    0.128829    -0.019016
    0.129930    -0.019006
    0.131031    -0.018996
    0.132132    -0.018986
    0.133233    -0.018976
    0.134334    -0.018966
    0.135435    -0.018956
    0.136537    -0.018946
    0.137638    -0.018936
    0.138739    -0.018926
    0.139840    -0.018916
    0.140941    -0.018906
    0.142042    -0.018896
    0.143143    -0.018886
    0.144244    -0.018875
    0.145345    -0.018865
    0.146446    -0.018855
    0.147548    -0.018845
    0.148649    -0.018834
    0.149750    -0.018824
    0.150851    -0.018814
    0.151952    -0.018803
    0.153053    -0.018793
    0.154154    -0.018782
    0.155255    -0.018772
    0.156356    -0.018761
    0.157457    -0.018751
    0.158559    -0.018740
    0.159660    -0.018729
    0.160761    -0.018719
    0.161862    -0.018708
    0.162963    -0.018697
    0.164064    -0.018686
    0.165165    -0.018676
    0.166266    -0.018665
    0.167367    -0.018654
    0.168468    -0.018643
    0.169570    -0.018632
    0.170671    -0.018621
    0.171772    -0.018610
    0.172873    -0.018599
    0.173974    -0.018588
    0.175075    -0.018577
    0.176176    -0.018566
    0.177277    -0.018555
    0.178378    -0.018543
    0.179479    -0.018532
    0.180581    -0.018521
    0.181682    -0.018510
    0.182783    -0.018498
    0.183884    -0.018487
    0.184985    -0.018475
    0.186086    -0.018464
    0.187187    -0.018453
    0.188288    -0.018441
    0.189389    -0.018429
    0.190490    -0.018418
    0.191592    -0.018406
    0.192693    -0.018395
    0.193794    -0.018383
    0.194895    -0.018371
    0.195996    -0.018359
    0.197097    -0.018348
    0.198198    -0.018336
    0.199299    -0.018324
    0.200400    -0.018312
    0.201502    -0.018300
    0.202603    -0.018288
    0.203704    -0.018276
    0.204805    -0.018264
    0.205906    -0.018252
    0.207007    -0.018240
    0.208108    -0.018228
    0.209209    -0.018216
    0.210310    -0.018203
    0.211411    -0.018191
    0.212513    -0.018179
    0.213614    -0.018167
    0.214715    -0.018154
    0.215816    -0.018142
    0.216917    -0.018129
    0.218018    -0.018117
    0.219119    -0.018104
    0.220220    -0.018092
    0.221321    -0.018079
    0.222422    -0.018067
    0.223524    -0.018054
    0.224625    -0.018041
    0.225726    -0.018029
    0.226827    -0.018016
    0.227928    -0.018003
    0.229029    -0.017990
    0.230130    -0.017977
    0.231231    -0.017964
    0.232332    -0.017951
    0.233433    -0.017938
    0.234535    -0.017925
    0.235636    -0.017912
    0.236737    -0.017899
    0.237838    -0.017886
    0.238939    -0.017873
    0.240040    -0.017859
    0.241141    -0.017846
    0.242242    -0.017833
    0.243343    -0.017819
    0.244444    -0.017806
    0.245546    -0.017793
    0.246647    -0.017779
    0.247748    -0.017766
    0.248849    -0.017752
    0.249950    -0.017738
    0.251051    -0.017725
    0.252152    -0.017711
    0.253253    -0.017697
    0.254354    -0.017684
    0.255455    -0.017670
    0.256557    -0.017656
    0.257658    -0.017642
    0.258759    -0.017628
    0.259860    -0.017614
    0.260961    -0.017600
    0.262062    -0.017586
    0.263163    -0.017572
    0.264264    -0.017558
    0.265365    -0.017544
    0.266466    -0.017530
    0.267568    -0.017515
    0.268669    -0.017501
    0.269770    -0.017487
    0.270871    -0.017472
    0.271972    -0.017458
    0.273073    -0.017443
    0.274174    -0.017429
    0.275275    -0.017414
    0.276376    -0.017400
    0.277477    -0.017385
    0.278579    -0.017371
    0.279680    -0.017356
    0.280781    -0.017341
    0.281882    -0.017326
    0.282983    -0.017312
    0.284084    -0.017297
    0.285185    -0.017282
    0.286286    -0.017267
    0.287387    -0.017252
    0.288488    -0.017237
    0.289590    -0.017222
    0.290691    -0.017207
    0.291792    -0.017191
    0.292893    -0.017176
    0.293994    -0.017161
    0.295095    -0.017146
    0.296196    -0.017130
    0.297297    -0.017115
    0.298398    -0.017100
    0.299499    -0.017084
    0.300601    -0.017069
    0.301702    -0.017053
    0.302803    -0.017037
    0.303904    -0.017022
    0.305005    -0.017006
    0.306106    -0.016990
    0.307207    -0.016975
    0.308308    -0.016959
    0.309409    -0.016943
    0.310511    -0.016927
    0.311612    -0.016911
    0.312713    -0.016895
    0.313814    -0.016879
    0.314915    -0.016863
    0.316016    -0.016847
    0.317117    -0.016831
    0.318218    -0.016815
    0.319319    -0.016798
    0.320420    -0.016782
    0.321522    -0.016766
    0.322623    -0.016750
    0.323724    -0.016733
    0.324825    -0.016717
    0.325926    -0.016700
    0.327027    -0.016684
    0.328128    -0.016667
    0.329229    -0.016650
    0.330330    -0.016634
    0.331431    -0.016617
    0.332533    -0.016600
    0.333634    -0.016583
    0.334735    -0.016567
    0.335836    -0.016550
    0.336937    -0.016533
    0.338038    -0.016516
    0.339139    -0.016499
    0.340240    -0.016482
    0.341341    -0.016465
    0.342442    -0.016448
    0.343544    -0.016430
    0.344645    -0.016413
    0.345746    -0.016396
    0.346847    -0.016378
    0.347948    -0.016361
    0.349049    -0.016344
    0.350150    -0.016326
    0.351251    -0.016309
    0.352352    -0.016291
    0.353453    -0.016274
    0.354555    -0.016256
    0.355656    -0.016238
    0.356757    -0.016221
    0.357858    -0.016203
    0.358959    -0.016185
    0.360060    -0.016167
    0.361161    -0.016149
    0.362262    -0.016131
    0.363363    -0.016113
    0.364464    -0.016095
    0.365566    -0.016077
    0.366667    -0.016059
    0.367768    -0.016041
    0.368869    -0.016023
    0.369970    -0.016004
    0.371071    -0.015986
    0.372172    -0.015968
    0.373273    -0.015949
    0.374374    -0.015931
    0.375475    -0.015913
    0.376577    -0.015894
    0.377678    -0.015876
    0.378779    -0.015857
    0.379880    -0.015838
    0.380981    -0.015820
    0.382082    -0.015801
    0.383183    -0.015782
    0.384284    -0.015763
    0.385385    -0.015744
    0.386486    -0.015726
    0.387588    -0.015707
    0.388689    -0.015688
    0.389790    -0.015669
    0.390891    -0.015649
    0.391992    -0.015630
    0.393093    -0.015611
    0.394194    -0.015592
    0.395295    -0.015573
    0.396396    -0.015553
    0.397497    -0.015534
    0.398599    -0.015515
    0.399700    -0.015495
    0.400801    -0.015476
    0.401902    -0.015456
    0.403003    -0.015437
    0.404104    -0.015417
    0.405205    -0.015397
    0.406306    -0.015378
    0.407407    -0.015358
    0.408509    -0.015338
    0.409610    -0.015318
    0.410711    -0.015299
    0.411812    -0.015279
    0.412913    -0.015259
    0.414014    -0.015239
    0.415115    -0.015219
    0.416216    -0.015199
    0.417317    -0.015179
    0.418418    -0.015158
    0.419520    -0.015138
    0.420621    -0.015118
    0.421722    -0.015098
    0.422823    -0.015077
    0.423924    -0.015057
    0.425025    -0.015036
    0.426126    -0.015016
    0.427227    -0.014996
    0.428328    -0.014975
    0.429429    -0.014954
    0.430531    -0.014934
    0.431632    -0.014913
    0.432733    -0.014892
    0.433834    -0.014872
    0.434935    -0.014851
    0.436036    -0.014830
    0.437137    -0.014809
    0.438238    -0.014788
    0.439339    -0.014767
    0.440440    -0.014746
    0.441542    -0.014725
    0.442643    -0.014704
    0.443744    -0.014683
    0.444845    -0.014662
    0.445946    -0.014640
    0.447047    -0.014619
    0.448148    -0.014598
    0.449249    -0.014576
    0.450350    -0.014555
    0.451451    -0.014534
    0.452553    -0.014512
    0.453654    -0.014491
    0.454755    -0.014469
    0.455856    -0.014447
    0.456957    -0.014426
    0.458058    -0.014404
    0.459159    -0.014382
    0.460260    -0.014361
    0.461361    -0.014339
    0.462462    -0.014317
    0.463564    -0.014295
    0.464665    -0.014273
    0.465766    -0.014251
    0.466867    -0.014229
    0.467968    -0.014207
    0.469069    -0.014185
    0.470170    -0.014163
    0.471271    -0.014141
    0.472372    -0.014118
    0.473473    -0.014096
    0.474575    -0.014074
    0.475676    -0.014052
    0.476777    -0.014029
    0.477878    -0.014007
    0.478979    -0.013984
    0.480080    -0.013962
    0.481181    -0.013939
    0.482282    -0.013917
    0.483383    -0.013894
    0.484484    -0.013871
    0.485586    -0.013849
    0.486687    -0.013826
    0.487788    -0.013803
    0.488889    -0.013780
    0.489990    -0.013757
    0.491091    -0.013735
    0.492192    -0.013712
    0.493293    -0.013689
    0.494394    -0.013666
    0.495495    -0.013643
    0.496597    -0.013619
    0.497698    -0.013596
    0.498799    -0.013573
    0.499900    -0.013550
    0.501001    -0.013527
    0.502102    -0.013503
    0.503203    -0.013480
    0.504304    -0.013457
    0.505405    -0.013433
    0.506507    -0.013410
    0.507608    -0.013386
    0.508709    -0.013363
    0.509810    -0.013339
    0.510911    -0.013316
    0.512012    -0.013292
    0.513113    -0.013268
    0.514214    -0.013244
    0.515315    -0.013221
    0.516416    -0.013197
    0.517518    -0.013173
    0.518619    -0.013149
    0.519720    -0.013125
    0.520821    -0.013101
    0.521922    -0.013077
    0.523023    -0.013053
    0.524124    -0.013029
    0.525225    -0.013005
    0.526326    -0.012981
    0.527427    -0.012957
    0.528529    -0.012933
    0.529630    -0.012908
    0.530731    -0.012884
    0.531832    -0.012860
    0.532933    -0.012835
    0.534034    -0.012811
    0.535135    -0.012786
    0.536236    -0.012762
    0.537337    -0.012737
    0.538438    -0.012713
    0.539540    -0.012688
    0.540641    -0.012664
    0.541742    -0.012639
    0.542843    -0.012614
    0.543944    -0.012590
    0.545045    -0.012565
    0.546146    -0.012540
    0.547247    -0.012515
    0.548348    -0.012490
    0.549449    -0.012465
    0.550551    -0.012440
    0.551652    -0.012415
    0.552753    -0.012390
    0.553854    -0.012365
    0.554955    -0.012340
    0.556056    -0.012315
    0.557157    -0.012290
    0.558258    -0.012265
    0.559359    -0.012239
    0.560460    -0.012214
    0.561562    -0.012189
    0.562663    -0.012164
    0.563764    -0.012138
    0.564865    -0.012113
    0.565966    -0.012087
    0.567067    -0.012062
    0.568168    -0.012036
    0.569269    -0.012011
    0.570370    -0.011985
    0.571471    -0.011959
    0.572573    -0.011934
    0.573674    -0.011908
    0.574775    -0.011882
    0.575876    -0.011857
    0.576977    -0.011831
    0.578078    -0.011805
    0.579179    -0.011779
    0.580280    -0.011753
    0.581381    -0.011727
    0.582482    -0.011701
    0.583584    -0.011675
    0.584685    -0.011649
    0.585786    -0.011623
    0.586887    -0.011597
    0.587988    -0.011571
    0.589089    -0.011545
    0.590190    -0.011519
    0.591291    -0.011492
    0.592392    -0.011466
    0.593493    -0.011440
    0.594595    -0.011413
    0.595696    -0.011387
    0.596797    -0.011361
    0.597898    -0.011334
    0.598999    -0.011308
    0.600100    -0.011281
    0.601201    -0.011255
    0.602302    -0.011228
    0.603403    -0.011201
    0.604505    -0.011175
    0.605606    -0.011148
    0.606707    -0.011121
    0.607808    -0.011095
    0.608909    -0.011068
    0.610010    -0.011041
    0.611111    -0.011014
    0.612212    -0.010987
    0.613313    -0.010961
    0.614414    -0.010934
    0.615516    -0.010907
    0.616617    -0.010880
    0.617718    -0.010853
    0.618819    -0.010826
    0.619920    -0.010798
    0.621021    -0.010771
    0.622122    -0.010744
    0.623223    -0.010717
    0.624324    -0.010690
    0.625425    -0.010663
    0.626527    -0.010635
    0.627628    -0.010608
    0.628729    -0.010581
    0.629830    -0.010553
    0.630931    -0.010526
    0.632032    -0.010498
    0.633133    -0.010471
    0.634234    -0.010444
    0.635335    -0.010416
    0.636436    -0.010388
    0.637538    -0.010361
    0.638639    -0.010333
    0.639740    -0.010306
    0.640841    -0.010278
    0.641942    -0.010250
    0.643043    -0.010223
    0.644144    -0.010195
    0.645245    -0.010167
    0.646346    -0.010139
    0.647447    -0.010111
    0.648549    -0.010083
    0.649650    -0.010055
    0.650751    -0.010028
    0.651852    -0.010000
    0.652953    -0.009972
    0.654054    -0.009944
    0.655155    -0.009915
    0.656256    -0.009887
    0.657357    -0.009859
    0.658458    -0.009831
    0.659560    -0.009803
    0.660661    -0.009775
    0.661762    -0.009747
    0.662863    -0.009718
    0.663964    -0.009690
    0.665065    -0.009662
    0.666166    -0.009633
    0.667267    -0.009605
    0.668368    -0.009577
    0.669469    -0.009548
    0.670571    -0.009520
    0.671672    -0.009491
    0.672773    -0.009463
    0.673874    -0.009434
    0.674975    -0.009406
    0.676076    -0.009377
    0.677177    -0.009348
    0.678278    -0.009320
    0.679379    -0.009291
    0.680480    -0.009262
    0.681582    -0.009233
    0.682683    -0.009205
    0.683784    -0.009176
    0.684885    -0.009147
    0.685986    -0.009118
    0.687087    -0.009089
    0.688188    -0.009060
    0.689289    -0.009032
    0.690390    -0.009003
    0.691491    -0.008974
    0.692593    -0.008945
    0.693694    -0.008916
    0.694795    -0.008886
    0.695896    -0.008857
    0.696997    -0.008828
    0.698098    -0.008799
    0.699199    -0.008770
    0.700300    -0.008741
    0.701401    -0.008712
    0.702503    -0.008682
    0.703604    -0.008653
    0.704705    -0.008624
    0.705806    -0.008594
    0.706907    -0.008565
    0.708008    -0.008536
    0.709109    -0.008506
    0.710210    -0.008477
    0.711311    -0.008447
    0.712412    -0.008418
    0.713514    -0.008388
    0.714615    -0.008359
    0.715716    -0.008329
    0.716817    -0.008300
    0.717918    -0.008270
    0.719019    -0.008240
    0.720120    -0.008211
    0.721221    -0.008181
    0.722322    -0.008151
    0.723423    -0.008122
    0.724525    -0.008092
    0.725626    -0.008062
    0.726727    -0.008032
    0.727828    -0.008002
    0.728929    -0.007972
    0.730030    -0.007943
    0.731131    -0.007913
    0.732232    -0.007883
    0.733333    -0.007853
    0.734434    -0.007823
    0.735536    -0.007793
    0.736637    -0.007763
    0.737738    -0.007733
    0.738839    -0.007703
    0.739940    -0.007672
    0.741041    -0.007642
    0.742142    -0.007612
    0.743243    -0.007582
    0.744344    -0.007552
    0.745445    -0.007522
    0.746547    -0.007491
    0.747648    -0.007461
    0.748749    -0.007431
    0.749850    -0.007400
    0.750951    -0.007370
    0.752052    -0.007340
    0.753153    -0.007309
    0.754254    -0.007279
    0.755355    -0.007248
    0.756456    -0.007218
    0.757558    -0.007187
    0.758659    -0.007157
    0.759760    -0.007126
    0.760861    -0.007096
    0.761962    -0.007065
    0.763063    -0.007035
    0.764164    -0.007004
    0.765265    -0.006973
    0.766366    -0.006943
    0.767467    -0.006912
    0.768569    -0.006881
    0.769670    -0.006851
    0.770771    -0.006820
    0.771872    -0.006789
    0.772973    -0.006758
    0.774074    -0.006727
    0.775175    -0.006697
    0.776276    -0.006666
    0.777377    -0.006635
    0.778478    -0.006604
    0.779580    -0.006573
    0.780681    -0.006542
    0.781782    -0.006511
    0.782883    -0.006480
    0.783984    -0.006449
    0.785085    -0.006418
    0.786186    -0.006387
    0.787287    -0.006356
    0.788388    -0.006325
    0.789489    -0.006293
    0.790591    -0.006262
    0.791692    -0.006231
    0.792793    -0.006200
    0.793894    -0.006169
    0.794995    -0.006137
    0.796096    -0.006106
    0.797197    -0.006075
    0.798298    -0.006044
    0.799399    -0.006012
    0.800501    -0.005981
    0.801602    -0.005949
    0.802703    -0.005918
    0.803804    -0.005887
    0.804905    -0.005855
    0.806006    -0.005824
    0.807107    -0.005792
    0.808208    -0.005761
    0.809309    -0.005729
    0.810410    -0.005698
    0.811512    -0.005666
    0.812613    -0.005635
    0.813714    -0.005603
    0.814815    -0.005571
    0.815916    -0.005540
    0.817017    -0.005508
    0.818118    -0.005476
    0.819219    -0.005445
    0.820320    -0.005413
    0.821421    -0.005381
    0.822523    -0.005349
    0.823624    -0.005318
    0.824725    -0.005286
    0.825826    -0.005254
    0.826927    -0.005222
    0.828028    -0.005190
    0.829129    -0.005158
    0.830230    -0.005127
    0.831331    -0.005095
    0.832432    -0.005063
    0.833534    -0.005031
    0.834635    -0.004999
    0.835736    -0.004967
    0.836837    -0.004935
    0.837938    -0.004903
    0.839039    -0.004871
    0.840140    -0.004839
    0.841241    -0.004806
    0.842342    -0.004774
    0.843443    -0.004742
    0.844545    -0.004710
    0.845646    -0.004678
    0.846747    -0.004646
    0.847848    -0.004613
    0.848949    -0.004581
    0.850050    -0.004549
    0.851151    -0.004517
    0.852252    -0.004484
    0.853353    -0.004452
    0.854454    -0.004420
    0.855556    -0.004387
    0.856657    -0.004355
    0.857758    -0.004323
    0.858859    -0.004290
    0.859960    -0.004258
    0.861061    -0.004225
    0.862162    -0.004193
    0.863263    -0.004161
    0.864364    -0.004128
    0.865465    -0.004096
    0.866567    -0.004063
    0.867668    -0.004031
    0.868769    -0.003998
    0.869870    -0.003965
    0.870971    -0.003933
    0.872072    -0.003900
    0.873173    -0.003868
    0.874274    -0.003835
    0.875375    -0.003802
    0.876476    -0.003770
    0.877578    -0.003737
    0.878679    -0.003704
    0.879780    -0.003671
    0.880881    -0.003639
    0.881982    -0.003606
    0.883083    -0.003573
    0.884184    -0.003540
    0.885285    -0.003507
    0.886386    -0.003475
    0.887487    -0.003442
    0.888589    -0.003409
    0.889690    -0.003376
    0.890791    -0.003343
    0.891892    -0.003310
    0.892993    -0.003277
    0.894094    -0.003244
    0.895195    -0.003211
    0.896296    -0.003178
    0.897397    -0.003145
    0.898498    -0.003112
    0.899600    -0.003079
    0.900701    -0.003046
    0.901802    -0.003013
    0.902903    -0.002980
    0.904004    -0.002947
    0.905105    -0.002914
    0.906206    -0.002880
    0.907307    -0.002847
    0.908408    -0.002814
    0.909510    -0.002781
    0.910611    -0.002748
    0.911712    -0.002714
    0.912813    -0.002681
    0.913914    -0.002648
    0.915015    -0.002615
    0.916116    -0.002581
    0.917217    -0.002548
    0.918318    -0.002515
    0.919419    -0.002481
    0.920521    -0.002448
    0.921622    -0.002415
    0.922723    -0.002381
    0.923824    -0.002348
    0.924925    -0.002314
    0.926026    -0.002281
    0.927127    -0.002248
    0.928228    -0.002214
    0.929329    -0.002181
    0.930430    -0.002147
    0.931532    -0.002114
    0.932633    -0.002080
    0.933734    -0.002046
    0.934835    -0.002013
    0.935936    -0.001979
    0.937037    -0.001946
    0.938138    -0.001912
    0.939239    -0.001878
    0.940340    -0.001845
    0.941441    -0.001811
    0.942543    -0.001778
    0.943644    -0.001744
    0.944745    -0.001710
    0.945846    -0.001676
    0.946947    -0.001643
    0.948048    -0.001609
    0.949149    -0.001575
    0.950250    -0.001541
    0.951351    -0.001508
    0.952452    -0.001474
    0.953554    -0.001440
    0.954655    -0.001406
    0.955756    -0.001372
    0.956857    -0.001338
    0.957958    -0.001304
    0.959059    -0.001271
    0.960160    -0.001237
    0.961261    -0.001203
    0.962362    -0.001169
    0.963463    -0.001135
    0.964565    -0.001101
    0.965666    -0.001067
    0.966767    -0.001033
    0.967868    -0.000999
    0.968969    -0.000965
    0.970070    -0.000931
    0.971171    -0.000897
    0.972272    -0.000863
    0.973373    -0.000829
    0.974474    -0.000794
    0.975576    -0.000760
    0.976677    -0.000726
    0.977778    -0.000692
    0.978879    -0.000658
    0.979980    -0.000624
    0.981081    -0.000590
    0.982182    -0.000555
    0.983283    -0.000521
    0.984384    -0.000487
    0.985485    -0.000453
    0.986587    -0.000418
    0.987688    -0.000384
    0.988789    -0.000350
    0.989890    -0.000316
    0.990991    -0.000281
    0.992092    -0.000247
    0.993193    -0.000213
    0.994294    -0.000178
    0.995395    -0.000144
    0.996496    -0.000109
    0.997598    -0.000075
    0.998699    -0.000041
    0.999800    -0.000006
    1.000901     0.000028
    1.002002     0.000063
    1.003103     0.000097
    1.004204     0.000132
    1.005305     0.000166
    1.006406     0.000201
    1.007508     0.000235
    1.008609     0.000270
    1.009710     0.000304
    1.010811     0.000339
    1.011912     0.000373
    1.013013     0.000408
    1.014114     0.000442
    1.015215     0.000477
    1.016316     0.000512
    1.017417     0.000546
    1.018519     0.000581
    1.019620     0.000616
    1.020721     0.000650
    1.021822     0.000685
    1.022923     0.000720
    1.024024     0.000754
    1.025125     0.000789
    1.026226     0.000824
    1.027327     0.000859
    1.028428     0.000893
    1.029530     0.000928
    1.030631     0.000963
    1.031732     0.000998
    1.032833     0.001033
    1.033934     0.001067
    1.035035     0.001102
    1.036136     0.001137
    1.037237     0.001172
    1.038338     0.001207
    1.039439     0.001242
    1.040541     0.001277
    1.041642     0.001311
    1.042743     0.001346
    1.043844     0.001381
    1.044945     0.001416
    1.046046     0.001451
    1.047147     0.001486
    1.048248     0.001521
    1.049349     0.001556
    1.050450     0.001591
    1.051552     0.001626
    1.052653     0.001661
    1.053754     0.001696
    1.054855     0.001731
    1.055956     0.001766
    1.057057     0.001802
    1.058158     0.001837
    1.059259     0.001872
    1.060360     0.001907
    1.061461     0.001942
    1.062563     0.001977
    1.063664     0.002012
    1.064765     0.002047
    1.065866     0.002083
    1.066967     0.002118
    1.068068     0.002153
    1.069169     0.002188
    1.070270     0.002223
    1.071371     0.002259
    1.072472     0.002294
    1.073574     0.002329
    1.074675     0.002364
    1.075776     0.002400
    1.076877     0.002435
    1.077978     0.002470
    1.079079     0.002506
    1.080180     0.002541
    1.081281     0.002576
    1.082382     0.002612
    1.083483     0.002647
    1.084585     0.002682
    1.085686     0.002718
    1.086787     0.002753
    1.087888     0.002789
    1.088989     0.002824
    1.090090     0.002859
    1.091191     0.002895
    1.092292     0.002930
    1.093393     0.002966
    1.094494     0.003001
    1.095596     0.003037
    1.096697     0.003072
    1.097798     0.003108
    1.098899     0.003143
    1.100000     0.003179
