-0.099337	-0.003797
-0.098010	-0.003789
-0.096874	-0.003777
-0.095568	-0.003771
-0.094399	-0.003761
-0.093150	-0.003765
-0.091918	-0.003756
-0.090673	-0.003761
-0.089526	-0.003759
-0.088358	-0.003752
-0.086963	-0.003746
-0.085690	-0.003748
-0.084668	-0.003742
-0.083289	-0.003743
-0.082058	-0.003745
-0.080776	-0.003726
-0.080437	-0.003736
-0.079913	-0.003738
-0.078244	-0.003743
-0.077315	-0.003739
-0.075959	-0.003739
-0.074691	-0.003738
-0.073288	-0.003741
-0.072377	-0.003735
-0.071036	-0.003736
-0.069679	-0.003737
-0.068711	-0.003733
-0.067430	-0.003730
-0.065896	-0.003734
-0.064781	-0.003730
-0.063653	-0.003730
-0.062388	-0.003730
-0.061331	-0.003723
-0.059971	-0.003724
-0.058703	-0.003726
-0.057414	-0.003722
-0.056347	-0.003721
-0.054929	-0.003722
-0.053753	-0.003722
-0.052726	-0.003716
-0.051247	-0.003717
-0.049967	-0.003721
-0.049203	-0.003708
-0.047452	-0.003709
-0.046248	-0.003712
-0.045090	-0.003713
-0.044186	-0.003710
-0.042340	-0.003717
-0.041487	-0.003718
-0.040644	-0.003708
-0.038563	-0.003715
-0.037695	-0.003721
-0.037188	-0.003703
-0.034936	-0.003707
-0.033616	-0.003723
-0.032928	-0.003717
-0.031517	-0.003722
-0.030762	-0.003707
-0.028653	-0.003713
-0.027453	-0.003728
-0.026927	-0.003717
-0.025414	-0.003713
-0.024210	-0.003714
-0.022747	-0.003712
-0.021702	-0.003715
-0.020770	-0.003710
-0.019248	-0.003708
-0.017897	-0.003717
-0.016810	-0.003712
-0.015710	-0.003711
-0.014173	-0.003713
-0.013274	-0.003711
-0.012092	-0.003701
-0.010582	-0.003701
-0.009335	-0.003705
-0.008263	-0.003700
-0.006604	-0.003707
-0.005809	-0.003706
-0.004724	-0.003697
-0.002921	-0.003703
-0.002225	-0.003699
-0.000932	-0.003692
0.000733	-0.003701
0.001521	-0.003700
0.002802	-0.003695
0.004369	-0.003701
0.005647	-0.003711
0.006600	-0.003706
0.007874	-0.003707
0.009051	-0.003710
0.010453	-0.003710
0.011257	-0.003704
0.012843	-0.003709
0.014007	-0.003708
0.015235	-0.003707
0.016400	-0.003709
0.017741	-0.003710
0.018792	-0.003704
0.020039	-0.003705
0.021435	-0.003707
0.022187	-0.003693
0.023309	-0.003684
0.025350	-0.003686
0.026707	-0.003695
0.027296	-0.003691
0.028821	-0.003692
0.030358	-0.003698
0.031214	-0.003698
0.032555	-0.003702
0.033472	-0.003695
0.035201	-0.003697
0.036133	-0.003704
0.037246	-0.003698
0.038743	-0.003701
0.039510	-0.003693
0.041255	-0.003695
0.042889	-0.003707
0.043085	-0.003697
0.044530	-0.003689
0.046373	-0.003693
0.047360	-0.003697
0.048399	-0.003697
0.049591	-0.003693
0.050892	-0.003692
0.052041	-0.003688
0.053722	-0.003692
0.054593	-0.003691
0.055763	-0.003686
0.057551	-0.003697
0.058095	-0.003687
0.059647	-0.003687
0.060970	-0.003694
0.061764	-0.003686
0.063408	-0.003689
0.064655	-0.003692
0.065401	-0.003681
0.067197	-0.003686
0.068432	-0.003694
0.069474	-0.003695
0.070702	-0.003695
0.071775	-0.003691
0.073287	-0.003698
0.074345	-0.003697
0.075350	-0.003691
0.076621	-0.003685
0.078201	-0.003685
0.079249	-0.003682
0.080707	-0.003684
0.082134	-0.003694
0.083035	-0.003690
0.084001	-0.003687
0.085394	-0.003681
0.087041	-0.003686
0.087771	-0.003681
0.089431	-0.003686
0.090357	-0.003682
0.091619	-0.003679
0.093033	-0.003683
0.094433	-0.003687
0.095249	-0.003682
0.096343	-0.003678
0.098167	-0.003683
0.099163	-0.003686
0.099997	-0.003680
0.101724	-0.003684
0.102619	-0.003676
0.103982	-0.003680
0.105164	-0.003676
0.106601	-0.003678
0.107453	-0.003671
0.109112	-0.003677
0.110307	-0.003680
0.111172	-0.003674
0.112553	-0.003673
0.114093	-0.003673
0.115016	-0.003674
0.116385	-0.003673
0.117403	-0.003670
0.118689	-0.003661
0.120272	-0.003668
0.121311	-0.003668
0.122701	-0.003670
0.123771	-0.003672
0.125204	-0.003675
0.126096	-0.003670
0.127499	-0.003667
0.128806	-0.003674
0.129708	-0.003666
0.131211	-0.003664
0.132287	-0.003665
0.133729	-0.003665
0.134957	-0.003664
0.135825	-0.003661
0.137268	-0.003657
0.138743	-0.003662
0.139465	-0.003659
0.141020	-0.003656
0.142884	-0.003667
0.143303	-0.003668
0.144595	-0.003663
0.146257	-0.003672
0.146872	-0.003665
0.148564	-0.003667
0.149689	-0.003671
0.150923	-0.003671
0.151941	-0.003669
0.153515	-0.003672
0.154667	-0.003675
0.155614	-0.003669
0.157050	-0.003671
0.158367	-0.003673
0.159397	-0.003669
0.160708	-0.003669
0.161704	-0.003662
0.163333	-0.003661
0.164702	-0.003673
0.165514	-0.003666
0.167122	-0.003666
0.167852	-0.003662
0.169316	-0.003660
0.170694	-0.003663
0.171601	-0.003656
0.173151	-0.003660
0.174306	-0.003657
0.175210	-0.003650
0.176772	-0.003649
0.178144	-0.003654
0.178862	-0.003644
0.180558	-0.003646
0.181609	-0.003646
0.182669	-0.003635
0.184191	-0.003637
0.185248	-0.003635
0.186693	-0.003632
0.188047	-0.003641
0.189175	-0.003644
0.190437	-0.003645
0.191106	-0.003637
0.192899	-0.003637
0.194409	-0.003645
0.195069	-0.003643
0.196276	-0.003641
0.197886	-0.003641
0.199387	-0.003651
0.199983	-0.003649
0.201159	-0.003638
0.202999	-0.003643
0.204120	-0.003654
0.204523	-0.003636
0.205758	-0.003618
0.208615	-0.003636
0.209290	-0.003656
0.210189	-0.003656
0.210571	-0.003638
0.212590	-0.003638
0.213904	-0.003643
0.214937	-0.003643
0.216242	-0.003640
0.217571	-0.003641
0.218665	-0.003642
0.219753	-0.003637
0.221363	-0.003643
0.222381	-0.003640
0.223893	-0.003645
0.224984	-0.003652
0.226090	-0.003648
0.227090	-0.003644
0.228291	-0.003638
0.229889	-0.003640
0.230964	-0.003641
0.232330	-0.003641
0.233238	-0.003637
0.234781	-0.003637
0.236147	-0.003644
0.237265	-0.003644
0.238170	-0.003639
0.239474	-0.003630
0.241467	-0.003646
0.241708	-0.003638
0.242924	-0.003622
0.245100	-0.003633
0.245806	-0.003634
0.246930	-0.003627
0.248684	-0.003634
0.249528	-0.003635
0.251010	-0.003635
0.252165	-0.003641
0.253204	-0.003639
0.254667	-0.003639
0.255535	-0.003636
0.257133	-0.003641
0.258139	-0.003639
0.259089	-0.003631
0.260611	-0.003630
0.262184	-0.003636
0.263171	-0.003637
0.264097	-0.003633
0.265494	-0.003632
0.266734	-0.003630
0.267914	-0.003627
0.269292	-0.003629
0.270364	-0.003622
0.271639	-0.003621
0.273102	-0.003623
0.274175	-0.003621
0.275373	-0.003619
0.276647	-0.003621
0.277979	-0.003619
0.279214	-0.003621
0.280265	-0.003619
0.281664	-0.003619
0.282871	-0.003618
0.284094	-0.003620
0.285258	-0.003616
0.286336	-0.003611
0.287522	-0.003599
0.289484	-0.003614
0.290067	-0.003609
0.291815	-0.003616
0.292848	-0.003623
0.293756	-0.003615
0.295314	-0.003616
0.296106	-0.003610
0.297517	-0.003606
0.298978	-0.003609
0.299754	-0.003600
0.301814	-0.003609
0.302364	-0.003606
0.303757	-0.003604
0.305056	-0.003605
0.306131	-0.003600
0.307512	-0.003598
0.309569	-0.003617
0.309987	-0.003621
0.310776	-0.003607
0.312713	-0.003610
0.313624	-0.003611
0.314932	-0.003611
0.316013	-0.003608
0.317147	-0.003603
0.318760	-0.003608
0.319750	-0.003607
0.321043	-0.003606
0.322412	-0.003605
0.323591	-0.003603
0.324798	-0.003607
0.326192	-0.003609
0.327154	-0.003607
0.328404	-0.003605
0.329785	-0.003606
0.330891	-0.003603
0.332068	-0.003601
0.333137	-0.003596
0.334751	-0.003596
0.336059	-0.003602
0.337134	-0.003606
0.338247	-0.003602
0.339206	-0.003595
0.340917	-0.003600
0.342216	-0.003603
0.342864	-0.003599
0.344425	-0.003596
0.345751	-0.003598
0.346876	-0.003596
0.348107	-0.003595
0.349479	-0.003594
0.350463	-0.003589
0.351698	-0.003586
0.353042	-0.003584
0.354399	-0.003583
0.355636	-0.003585
0.356737	-0.003583
0.358264	-0.003586
0.358931	-0.003579
0.360523	-0.003576
0.362011	-0.003582
0.362720	-0.003573
0.364079	-0.003572
0.365836	-0.003580
0.366545	-0.003573
0.368131	-0.003580
0.369133	-0.003582
0.370105	-0.003570
0.371984	-0.003578
0.372965	-0.003583
0.374059	-0.003578
0.375269	-0.003578
0.376614	-0.003579
0.377763	-0.003579
0.378878	-0.003575
0.380330	-0.003578
0.381390	-0.003576
0.382658	-0.003571
0.384061	-0.003576
0.385213	-0.003575
0.386368	-0.003575
0.387339	-0.003567
0.389081	-0.003572
0.390187	-0.003574
0.391318	-0.003573
0.392506	-0.003570
0.393872	-0.003572
0.395034	-0.003569
0.396512	-0.003572
0.397371	-0.003568
0.398740	-0.003566
0.400130	-0.003568
0.401301	-0.003566
0.402459	-0.003564
0.403553	-0.003559
0.405258	-0.003564
0.406135	-0.003566
0.407372	-0.003563
0.408570	-0.003560
0.409789	-0.003559
0.410996	-0.003549
0.412647	-0.003562
0.412955	-0.003547
0.414636	-0.003538
0.416750	-0.003556
0.417077	-0.003554
0.418070	-0.003540
0.420249	-0.003549
0.420591	-0.003545
0.421939	-0.003533
0.423950	-0.003546
0.424503	-0.003545
0.425807	-0.003539
0.427522	-0.003550
0.427897	-0.003544
0.429584	-0.003540
0.431289	-0.003549
0.431555	-0.003541
0.433098	-0.003533
0.435243	-0.003547
0.435769	-0.003550
0.436961	-0.003545
0.438498	-0.003550
0.439179	-0.003542
0.440774	-0.003542
0.442357	-0.003549
0.442922	-0.003543
0.444542	-0.003545
0.445975	-0.003552
0.446598	-0.003543
0.448160	-0.003544
0.449483	-0.003547
0.450299	-0.003539
0.451824	-0.003538
0.452844	-0.003533
0.454002	-0.003523
0.455674	-0.003529
0.456911	-0.003533
0.457776	-0.003527
0.459212	-0.003526
0.460884	-0.003536
0.461605	-0.003534
0.462659	-0.003530
0.464123	-0.003527
0.465553	-0.003532
0.466219	-0.003525
0.467631	-0.003518
0.469409	-0.003522
0.470424	-0.003527
0.471466	-0.003525
0.472810	-0.003524
0.474054	-0.003523
0.475447	-0.003529
0.476235	-0.003524
0.477436	-0.003516
0.479145	-0.003520
0.480296	-0.003522
0.481192	-0.003516
0.482542	-0.003514
0.483930	-0.003514
0.485115	-0.003513
0.486261	-0.003512
0.487645	-0.003512
0.488993	-0.003516
0.489971	-0.003514
0.491224	-0.003513
0.492446	-0.003508
0.493806	-0.003510
0.494887	-0.003508
0.496125	-0.003508
0.497338	-0.003508
0.498270	-0.003498
0.500201	-0.003503
0.501182	-0.003507
0.501839	-0.003494
0.503740	-0.003495
0.504815	-0.003495
0.506145	-0.003496
0.507239	-0.003499
0.508155	-0.003490
0.509882	-0.003489
0.510957	-0.003493
0.511862	-0.003483
0.513726	-0.003488
0.514606	-0.003483
0.516094	-0.003485
0.517298	-0.003490
0.518187	-0.003482
0.519697	-0.003484
0.520885	-0.003485
0.522049	-0.003480
0.523409	-0.003482
0.524531	-0.003482
0.525411	-0.003472
0.526981	-0.003471
0.528479	-0.003477
0.529472	-0.003474
0.530770	-0.003475
0.532161	-0.003480
0.533206	-0.003480
0.534239	-0.003476
0.535583	-0.003475
0.536805	-0.003475
0.537893	-0.003469
0.539241	-0.003468
0.540573	-0.003466
0.541539	-0.003459
0.542902	-0.003456
0.544463	-0.003462
0.545279	-0.003458
0.546626	-0.003455
0.548102	-0.003458
0.549318	-0.003458
0.550467	-0.003461
0.551598	-0.003459
0.552894	-0.003455
0.554043	-0.003451
0.555418	-0.003451
0.556509	-0.003447
0.557740	-0.003441
0.559167	-0.003442
0.560337	-0.003440
0.561602	-0.003440
0.562815	-0.003441
0.563894	-0.003436
0.565330	-0.003434
0.566388	-0.003432
0.567900	-0.003433
0.569349	-0.003441
0.570018	-0.003437
0.571225	-0.003430
0.572594	-0.003429
0.573996	-0.003430
0.575050	-0.003428
0.576349	-0.003428
0.577367	-0.003422
0.578785	-0.003420
0.580117	-0.003421
0.581250	-0.003419
0.582622	-0.003420
0.583655	-0.003417
0.585046	-0.003418
0.585993	-0.003414
0.587301	-0.003409
0.588893	-0.003413
0.589696	-0.003409
0.591035	-0.003403
0.592636	-0.003407
0.593531	-0.003404
0.594757	-0.003401
0.595927	-0.003397
0.597274	-0.003393
0.598867	-0.003397
0.599508	-0.003392
0.601109	-0.003392
0.602243	-0.003391
0.603481	-0.003389
0.604688	-0.003388
0.605821	-0.003383
0.607367	-0.003386
0.608257	-0.003383
0.609537	-0.003376
0.611236	-0.003385
0.612113	-0.003387
0.613127	-0.003379
0.614402	-0.003373
0.615890	-0.003375
0.616996	-0.003371
0.618151	-0.003369
0.619263	-0.003364
0.620978	-0.003365
0.621858	-0.003361
0.623101	-0.003359
0.624458	-0.003357
0.625399	-0.003348
0.626887	-0.003347
0.628299	-0.003352
0.629063	-0.003341
0.630740	-0.003343
0.631694	-0.003349
0.632553	-0.003338
0.633992	-0.003335
0.635339	-0.003340
0.636375	-0.003330
0.638034	-0.003334
0.638918	-0.003336
0.639911	-0.003324
0.641576	-0.003323
0.642554	-0.003325
0.643739	-0.003317
0.645194	-0.003315
0.646358	-0.003316
0.647519	-0.003309
0.649133	-0.003312
0.649884	-0.003310
0.651036	-0.003299
0.652653	-0.003300
0.653621	-0.003299
0.654783	-0.003293
0.656259	-0.003291
0.657438	-0.003292
0.658260	-0.003282
0.659763	-0.003274
0.661193	-0.003276
0.662269	-0.003271
0.663898	-0.003276
0.664937	-0.003280
0.665795	-0.003270
0.667134	-0.003264
0.668350	-0.003260
0.669918	-0.003259
0.671195	-0.003264
0.672145	-0.003257
0.673441	-0.003254
0.674794	-0.003254
0.675653	-0.003245
0.677095	-0.003240
0.678379	-0.003236
0.679598	-0.003234
0.680976	-0.003235
0.681792	-0.003226
0.683323	-0.003224
0.684661	-0.003223
0.686055	-0.003227
0.686650	-0.003218
0.688227	-0.003210
0.689507	-0.003211
0.690440	-0.003202
0.692102	-0.003203
0.693119	-0.003201
0.694134	-0.003191
0.695741	-0.003193
0.696630	-0.003184
0.697889	-0.003177
0.699506	-0.003181
0.700508	-0.003176
0.701700	-0.003172
0.702956	-0.003171
0.704172	-0.003164
0.705550	-0.003164
0.706375	-0.003156
0.707784	-0.003147
0.709247	-0.003148
0.710176	-0.003140
0.711609	-0.003132
0.713073	-0.003134
0.713858	-0.003126
0.715276	-0.003118
0.716764	-0.003118
0.717641	-0.003109
0.719307	-0.003108
0.720291	-0.003107
0.721308	-0.003097
0.722848	-0.003094
0.723909	-0.003089
0.725134	-0.003082
0.726451	-0.003078
0.727685	-0.003070
0.728767	-0.003063
0.729950	-0.003054
0.731227	-0.003047
0.732498	-0.003040
0.733372	-0.003029
0.734973	-0.003022
0.736220	-0.003017
0.737433	-0.003010
0.739031	-0.003014
0.739890	-0.003009
0.741085	-0.003000
0.742542	-0.002998
0.743639	-0.002991
0.745017	-0.002988
0.746096	-0.002983
0.747208	-0.002974
0.748647	-0.002971
0.749750	-0.002964
0.750979	-0.002956
0.752183	-0.002947
0.753518	-0.002942
0.754664	-0.002933
0.755953	-0.002925
0.757200	-0.002918
0.758389	-0.002912
0.759681	-0.002905
0.760965	-0.002902
0.761866	-0.002889
0.763373	-0.002880
0.764769	-0.002878
0.765735	-0.002869
0.767128	-0.002863
0.768222	-0.002856
0.769539	-0.002849
0.770823	-0.002845
0.771996	-0.002838
0.773145	-0.002832
0.774395	-0.002824
0.775611	-0.002818
0.776763	-0.002808
0.778028	-0.002800
0.779275	-0.002791
0.780463	-0.002782
0.781719	-0.002773
0.782825	-0.002763
0.784124	-0.002752
0.785426	-0.002744
0.786651	-0.002734
0.788164	-0.002730
0.788989	-0.002719
0.790174	-0.002705
0.791733	-0.002698
0.792793	-0.002691
0.794168	-0.002681
0.795299	-0.002672
0.796478	-0.002662
0.797615	-0.002651
0.799017	-0.002642
0.800310	-0.002634
0.801404	-0.002625
0.802678	-0.002613
0.803913	-0.002603
0.805077	-0.002593
0.806464	-0.002585
0.807683	-0.002577
0.808701	-0.002565
0.810048	-0.002556
0.811259	-0.002547
0.812383	-0.002535
0.813767	-0.002526
0.814971	-0.002517
0.816096	-0.002506
0.817352	-0.002495
0.818617	-0.002485
0.819796	-0.002471
0.821080	-0.002462
0.822204	-0.002449
0.823527	-0.002437
0.824759	-0.002427
0.826069	-0.002416
0.827191	-0.002404
0.828548	-0.002393
0.829739	-0.002383
0.830809	-0.002368
0.832114	-0.002355
0.833348	-0.002343
0.834653	-0.002331
0.835857	-0.002318
0.837042	-0.002305
0.838271	-0.002292
0.839594	-0.002280
0.840728	-0.002266
0.842020	-0.002254
0.843279	-0.002242
0.844526	-0.002231
0.845604	-0.002214
0.846943	-0.002203
0.847924	-0.002186
0.849189	-0.002170
0.850561	-0.002155
0.851969	-0.002146
0.853036	-0.002133
0.854173	-0.002116
0.855502	-0.002103
0.856694	-0.002088
0.858008	-0.002076
0.859178	-0.002063
0.860174	-0.002043
0.861543	-0.002026
0.862918	-0.002013
0.863985	-0.001996
0.865292	-0.001982
0.866548	-0.001968
0.867764	-0.001951
0.868950	-0.001933
0.870316	-0.001918
0.871529	-0.001902
0.872696	-0.001884
0.873967	-0.001866
0.875260	-0.001850
0.876446	-0.001834
0.877671	-0.001818
0.878838	-0.001801
0.880042	-0.001783
0.881322	-0.001765
0.882581	-0.001748
0.883706	-0.001729
0.884953	-0.001710
0.886288	-0.001693
0.887330	-0.001674
0.888613	-0.001654
0.889958	-0.001639
0.890991	-0.001618
0.892341	-0.001599
0.893588	-0.001581
0.894664	-0.001560
0.895929	-0.001538
0.897289	-0.001518
0.898385	-0.001499
0.899617	-0.001477
0.900909	-0.001459
0.902123	-0.001437
0.903412	-0.001419
0.904521	-0.001398
0.905719	-0.001375
0.907091	-0.001355
0.908313	-0.001334
0.909416	-0.001312
0.910779	-0.001292
0.911971	-0.001270
0.913273	-0.001252
0.914333	-0.001228
0.915574	-0.001204
0.916845	-0.001180
0.918125	-0.001159
0.919274	-0.001135
0.920554	-0.001112
0.921676	-0.001088
0.922978	-0.001064
0.924255	-0.001041
0.925358	-0.001017
0.926663	-0.000994
0.927836	-0.000970
0.928973	-0.000943
0.930311	-0.000919
0.931521	-0.000893
0.932704	-0.000867
0.933957	-0.000842
0.935130	-0.000815
0.936371	-0.000788
0.937676	-0.000762
0.938873	-0.000736
0.940050	-0.000708
0.941348	-0.000681
0.942525	-0.000654
0.943711	-0.000625
0.944979	-0.000597
0.946201	-0.000568
0.947356	-0.000541
0.948590	-0.000511
0.949831	-0.000480
0.951163	-0.000452
0.952321	-0.000423
0.953617	-0.000395
0.954778	-0.000365
0.955973	-0.000335
0.957049	-0.000301
0.958414	-0.000270
0.959652	-0.000240
0.960884	-0.000208
0.962121	-0.000176
0.963408	-0.000147
0.964547	-0.000115
0.965705	-8.272981E-5
0.966952	-5.034934E-5
0.968236	-1.735735E-5
0.969384	1.493139E-5
0.970567	4.942164E-5
0.971890	8.308632E-5
0.973070	0.000117
0.974274	0.000151
0.975499	0.000185
0.976730	0.000220
0.977888	0.000255
0.979132	0.000291
0.980400	0.000327
0.981601	0.000363
0.982845	0.000400
0.984076	0.000436
0.985295	0.000474
0.986499	0.000511
0.987713	0.000548
0.988996	0.000586
0.990178	0.000625
0.991410	0.000663
0.992635	0.000702
0.993903	0.000740
0.995129	0.000780
0.996305	0.000819
0.997534	0.000859
0.998704	0.000900
0.999951	0.000940
1.001179	0.000981
1.002380	0.001023
1.003627	0.001063
1.004830	0.001104
1.005967	0.001147
1.007220	0.001188
1.008418	0.001232
1.009643	0.001276
1.010902	0.001319
1.012158	0.001362
1.013420	0.001406
1.014600	0.001450
1.015797	0.001493
1.016977	0.001537
1.018211	0.001583
1.019446	0.001628
1.020668	0.001674
1.021845	0.001719
1.023058	0.001766
1.024310	0.001814
1.025640	0.001861
1.026847	0.001908
1.028020	0.001956
1.029331	0.002004
1.030544	0.002052
1.031766	0.002101
1.033001	0.002149
1.034186	0.002198
1.035406	0.002247
1.036613	0.002296
1.037856	0.002346
1.039091	0.002397
1.040234	0.002447
1.041496	0.002499
1.042709	0.002550
1.043913	0.002601
1.045123	0.002652
1.046321	0.002704
1.047561	0.002756
1.048790	0.002809
1.050052	0.002862
1.051268	0.002914
1.052399	0.002969
1.053630	0.003022
1.054855	0.003076
1.056123	0.003130
1.057330	0.003185
1.058574	0.003241
1.059760	0.003296
1.060985	0.003351
1.062223	0.003407
1.063469	0.003463
1.064713	0.003520
1.065911	0.003577
1.067139	0.003633
1.068374	0.003691
1.069596	0.003749
1.070788	0.003806
1.072031	0.003864
1.073235	0.003923
1.074473	0.003981
1.075698	0.004040
1.076853	0.004099
1.078152	0.004159
1.079347	0.004218
1.080593	0.004279
1.081724	0.004339
1.083017	0.004398
1.084208	0.004460
1.085421	0.004520
1.086634	0.004581
1.087842	0.004644
1.089100	0.004706
1.090362	0.004767
1.091563	0.004830
1.092776	0.004892
1.093980	0.004955
1.095218	0.005018
1.096391	0.005081
1.097598	0.005145
1.098885	0.005209
1.100101	0.005273
1.101302	0.005338
1.102530	0.005402
1.103768	0.005468
1.104978	0.005533
1.106221	0.005597
1.107425	0.005664
1.108654	0.005730
1.109891	0.005796
1.111141	0.005863
1.112351	0.005930
1.113589	0.005997
1.114777	0.006063
1.115993	0.006130
1.117228	0.006198
1.118453	0.006266
1.119673	0.006334
1.120886	0.006402
1.122139	0.006470
1.123333	0.006538
1.124494	0.006607
1.125760	0.006676
1.126963	0.006746
1.128189	0.006816
1.129466	0.006885
1.130679	0.006954
1.131904	0.007025
1.133118	0.007095
1.134380	0.007165
1.135553	0.007236
1.136821	0.007308
1.138010	0.007378
1.139205	0.007450
1.140457	0.007522
1.141689	0.007594
1.142936	0.007666
1.144136	0.007739
1.145408	0.007811
1.146608	0.007885
1.147849	0.007957
1.149068	0.008031
1.150239	0.008104
1.151565	0.008177
1.152735	0.008250
1.153957	0.008325
1.155189	0.008399
1.156359	0.008473
1.157615	0.008548
1.158886	0.008622
1.160060	0.008697
1.161300	0.008772
1.162510	0.008845
1.163751	0.008919
1.164961	0.008995
1.166162	0.009072
1.167393	0.009147
1.168652	0.009223
1.169841	0.009299
1.171097	0.009374
1.172310	0.009451
1.173538	0.009527
1.174791	0.009605
1.176004	0.009682
1.177260	0.009759
1.178449	0.009836
1.179662	0.009914
1.180918	0.009992
1.182186	0.010071
1.183362	0.010149
1.184649	0.010228
1.185941	0.010307
1.187096	0.010386
1.188316	0.010464
1.189581	0.010543
1.190772	0.010622
1.192047	0.010701
1.193248	0.010780
1.194497	0.010859
1.195714	0.010939
