1.198997	0.006486
1.197784	0.006588
1.196666	0.006645
1.195352	0.006698
1.194133	0.006733
1.192984	0.006809
1.191715	0.006803
1.190524	0.006798
1.189244	0.006797
1.188027	0.006793
1.186680	0.006779
1.185528	0.006744
1.184158	0.006733
1.182954	0.006775
1.181764	0.006785
1.180490	0.006737
1.180289	0.006729
1.179698	0.006717
1.179050	0.006691
1.178253	0.006648
1.177782	0.006601
1.176547	0.006550
1.175185	0.006502
1.174085	0.006451
1.172801	0.006396
1.171677	0.006347
1.170598	0.006292
1.169739	0.006224
1.168010	0.006173
1.167060	0.006111
1.165498	0.006059
1.164398	0.006001
1.163008	0.005946
1.162036	0.005886
1.160823	0.005826
1.159408	0.005778
1.158287	0.005723
1.157049	0.005665
1.155860	0.005605
1.155179	0.005537
1.153211	0.005487
1.152224	0.005432
1.150950	0.005377
1.149929	0.005316
1.148249	0.005265
1.147005	0.005209
1.145972	0.005155
1.144622	0.005101
1.143387	0.005044
1.142339	0.004988
1.140851	0.004930
1.140007	0.004870
1.138519	0.004817
1.137306	0.004762
1.136139	0.004706
1.135143	0.004638
1.133404	0.004593
1.132212	0.004544
1.131534	0.004478
1.130333	0.004423
1.128518	0.004376
1.127647	0.004315
1.126624	0.004255
1.125157	0.004206
1.123687	0.004155
1.123106	0.004094
1.121145	0.004046
1.120155	0.003981
1.118621	0.003934
1.117573	0.003881
1.116546	0.003820
1.115226	0.003763
1.113955	0.003706
1.112806	0.003648
1.111583	0.003591
1.110260	0.003534
1.108919	0.003480
1.107645	0.003427
1.106447	0.003374
1.105243	0.003320
1.103993	0.003265
1.102756	0.003212
1.101533	0.003159
1.100244	0.003106
1.099055	0.003052
1.097799	0.002998
1.096592	0.002945
1.095660	0.002886
1.094068	0.002837
1.093378	0.002776
1.091838	0.002721
1.090417	0.002667
1.089081	0.002613
1.087871	0.002559
1.086679	0.002508
1.085433	0.002456
1.084434	0.002401
1.083300	0.002345
1.081470	0.002296
1.080360	0.002246
1.079211	0.002196
1.077919	0.002147
1.076669	0.002100
1.075496	0.002050
1.074325	0.002000
1.073057	0.001950
1.072342	0.001890
1.070610	0.001834
1.069057	0.001794
1.067963	0.001748
1.066854	0.001700
1.066237	0.001641
1.064300	0.001598
1.063032	0.001547
1.061840	0.001500
1.060624	0.001448
1.059521	0.001396
1.058069	0.001350
1.056822	0.001304
1.055707	0.001252
1.054311	0.001206
1.053195	0.001160
1.051805	0.001114
1.050635	0.001068
1.049446	0.001021
1.048199	0.000975
1.047026	0.000928
1.046149	0.000873
1.044575	0.000831
1.043576	0.000779
1.042094	0.000733
1.040728	0.000687
1.039582	0.000643
1.038299	0.000598
1.037064	0.000554
1.035869	0.000510
1.034620	0.000465
1.033370	0.000420
1.032215	0.000373
1.030898	0.000327
1.029831	0.000280
1.028273	0.000234
1.027048	0.000192
1.025902	0.000144
1.025202	8.935449E-5
1.023146	5.333542E-5
1.022030	1.227124E-5
1.020784	-2.946562E-5
1.019619	-7.221151E-5
1.018354	-0.000114
1.017205	-0.000158
1.015803	-0.000199
1.014526	-0.000240
1.013322	-0.000278
1.012081	-0.000317
1.010877	-0.000358
1.009606	-0.000398
1.008408	-0.000437
1.007271	-0.000479
1.005982	-0.000519
1.004760	-0.000561
1.003449	-0.000598
1.002370	-0.000638
1.001068	-0.000681
0.999687	-0.000717
0.998480	-0.000753
0.997273	-0.000790
0.996038	-0.000828
0.994728	-0.000863
0.993475	-0.000898
0.992864	-0.000946
0.991235	-0.000986
0.989512	-0.001013
0.988583	-0.001050
0.987250	-0.001084
0.986080	-0.001120
0.984827	-0.001156
0.983590	-0.001192
0.982758	-0.001238
0.981273	-0.001276
0.979898	-0.001313
0.978532	-0.001346
0.977322	-0.001381
0.976121	-0.001414
0.974814	-0.001446
0.973707	-0.001480
0.972320	-0.001513
0.970783	-0.001539
0.969503	-0.001564
0.968186	-0.001585
0.967156	-0.001610
0.966068	-0.001639
0.965093	-0.001674
0.963633	-0.001704
0.962374	-0.001732
0.961142	-0.001760
0.959660	-0.001784
0.958490	-0.001808
0.957317	-0.001835
0.956052	-0.001860
0.954946	-0.001888
0.953839	-0.001918
0.952434	-0.001946
0.951160	-0.001973
0.950151	-0.002008
0.948379	-0.002027
0.947199	-0.002046
0.946102	-0.002069
0.944883	-0.002093
0.943505	-0.002115
0.942527	-0.002140
0.941268	-0.002166
0.939832	-0.002190
0.938766	-0.002216
0.937513	-0.002241
0.936269	-0.002265
0.934903	-0.002287
0.933663	-0.002306
0.932685	-0.002334
0.931264	-0.002358
0.929822	-0.002375
0.928434	-0.002387
0.927298	-0.002404
0.926308	-0.002425
0.925379	-0.002450
0.923628	-0.002468
0.922390	-0.002485
0.921250	-0.002506
0.919998	-0.002526
0.918904	-0.002545
0.917581	-0.002565
0.916355	-0.002582
0.915457	-0.002603
0.913776	-0.002618
0.912578	-0.002637
0.911365	-0.002653
0.910027	-0.002667
0.908737	-0.002680
0.907732	-0.002703
0.906274	-0.002719
0.904994	-0.002732
0.904099	-0.002751
0.902785	-0.002770
0.901318	-0.002784
0.900191	-0.002801
0.898889	-0.002815
0.897499	-0.002827
0.896515	-0.002845
0.895161	-0.002858
0.894012	-0.002873
0.892790	-0.002891
0.891329	-0.002907
0.889832	-0.002912
0.888860	-0.002922
0.888084	-0.002947
0.886623	-0.002962
0.885227	-0.002975
0.884127	-0.002980
0.882697	-0.002974
0.881270	-0.002978
0.880127	-0.002990
0.879198	-0.003005
0.877655	-0.003013
0.877505	-0.003040
0.875079	-0.003037
0.874150	-0.003048
0.873105	-0.003061
0.871449	-0.003066
0.870025	-0.003075
0.869814	-0.003088
0.867782	-0.003091
0.866526	-0.003098
0.865285	-0.003107
0.864537	-0.003134
0.863030	-0.003152
0.861585	-0.003161
0.860131	-0.003166
0.859012	-0.003169
0.858230	-0.003185
0.856525	-0.003192
0.855159	-0.003196
0.854328	-0.003207
0.852916	-0.003214
0.851663	-0.003223
0.850328	-0.003228
0.849362	-0.003238
0.847911	-0.003244
0.846933	-0.003256
0.845430	-0.003260
0.844229	-0.003266
0.842918	-0.003272
0.841705	-0.003276
0.840751	-0.003284
0.839474	-0.003296
0.838050	-0.003302
0.836663	-0.003301
0.835951	-0.003316
0.834615	-0.003330
0.833121	-0.003337
0.831670	-0.003336
0.830631	-0.003343
0.829112	-0.003339
0.828513	-0.003351
0.826866	-0.003359
0.825375	-0.003357
0.824584	-0.003364
0.823181	-0.003368
0.822008	-0.003376
0.820730	-0.003382
0.819242	-0.003379
0.818564	-0.003390
0.817033	-0.003397
0.815890	-0.003402
0.814949	-0.003414
0.812920	-0.003413
0.811930	-0.003413
0.810861	-0.003416
0.809675	-0.003423
0.808553	-0.003435
0.806815	-0.003426
0.806045	-0.003432
0.804694	-0.003439
0.803741	-0.003448
0.801956	-0.003448
0.800798	-0.003448
0.800667	-0.003465
0.798485	-0.003462
0.797030	-0.003463
0.795973	-0.003463
0.795292	-0.003474
0.793409	-0.003480
0.792157	-0.003485
0.790397	-0.003473
0.789550	-0.003471
0.788759	-0.003475
0.788108	-0.003494
0.785874	-0.003490
0.785037	-0.003494
0.783677	-0.003502
0.782158	-0.003496
0.781297	-0.003499
0.780380	-0.003517
0.778599	-0.003515
0.777486	-0.003512
0.776240	-0.003515
0.775256	-0.003521
0.774024	-0.003528
0.772322	-0.003528
0.771210	-0.003524
0.770171	-0.003530
0.768955	-0.003534
0.767735	-0.003540
0.766104	-0.003536
0.765422	-0.003536
0.764252	-0.003553
0.762327	-0.003542
0.761416	-0.003539
0.760212	-0.003543
0.759311	-0.003550
0.757960	-0.003556
0.756417	-0.003551
0.755296	-0.003555
0.754098	-0.003556
0.752860	-0.003558
0.751553	-0.003560
0.750526	-0.003564
0.748729	-0.003563
0.747846	-0.003563
0.746654	-0.003572
0.745166	-0.003564
0.744323	-0.003565
0.742871	-0.003572
0.741316	-0.003563
0.740867	-0.003569
0.739195	-0.003575
0.737885	-0.003575
0.736668	-0.003570
0.736072	-0.003584
0.733878	-0.003579
0.733344	-0.003584
0.732146	-0.003593
0.730438	-0.003592
0.729362	-0.003593
0.728265	-0.003594
0.727076	-0.003601
0.725631	-0.003601
0.724556	-0.003602
0.723235	-0.003604
0.721894	-0.003605
0.720757	-0.003606
0.719669	-0.003608
0.718267	-0.003610
0.717317	-0.003619
0.715899	-0.003615
0.714536	-0.003616
0.713158	-0.003615
0.712266	-0.003619
0.710628	-0.003619
0.709369	-0.003615
0.709045	-0.003631
0.706891	-0.003627
0.705806	-0.003626
0.704819	-0.003631
0.703670	-0.003638
0.701730	-0.003631
0.701054	-0.003633
0.699676	-0.003636
0.698332	-0.003634
0.697177	-0.003637
0.695930	-0.003635
0.694827	-0.003636
0.693546	-0.003638
0.692180	-0.003637
0.691077	-0.003639
0.689736	-0.003635
0.688703	-0.003638
0.687679	-0.003645
0.686094	-0.003643
0.684743	-0.003640
0.683398	-0.003637
0.682518	-0.003635
0.681394	-0.003644
0.679701	-0.003639
0.678952	-0.003642
0.677709	-0.003652
0.675762	-0.003637
0.675316	-0.003638
0.674305	-0.003658
0.673260	-0.003662
0.671799	-0.003671
0.669969	-0.003659
0.668233	-0.003644
0.667475	-0.003648
0.666311	-0.003638
0.665596	-0.003652
0.663503	-0.003649
0.662479	-0.003641
0.661786	-0.003649
0.660236	-0.003654
0.658916	-0.003654
0.657890	-0.003659
0.656542	-0.003660
0.655356	-0.003664
0.653911	-0.003661
0.652429	-0.003652
0.651882	-0.003661
0.650443	-0.003662
0.649123	-0.003661
0.647793	-0.003657
0.646932	-0.003665
0.645667	-0.003670
0.644121	-0.003667
0.643002	-0.003670
0.641875	-0.003674
0.640509	-0.003672
0.639351	-0.003674
0.638214	-0.003678
0.636857	-0.003677
0.635617	-0.003675
0.634474	-0.003681
0.633264	-0.003683
0.631449	-0.003673
0.630425	-0.003663
0.629725	-0.003663
0.629239	-0.003676
0.627271	-0.003682
0.625521	-0.003676
0.624738	-0.003675
0.623278	-0.003669
0.622321	-0.003673
0.621191	-0.003679
0.619822	-0.003681
0.618309	-0.003681
0.617487	-0.003682
0.616137	-0.003682
0.615113	-0.003690
0.613814	-0.003695
0.612317	-0.003692
0.611192	-0.003690
0.609839	-0.003691
0.608888	-0.003694
0.607403	-0.003691
0.606392	-0.003695
0.604834	-0.003690
0.604125	-0.003697
0.602606	-0.003695
0.601500	-0.003700
0.600018	-0.003697
0.599009	-0.003699
0.597576	-0.003697
0.596400	-0.003699
0.595278	-0.003700
0.593751	-0.003699
0.592751	-0.003703
0.591410	-0.003705
0.590032	-0.003698
0.589589	-0.003719
0.587590	-0.003713
0.586625	-0.003708
0.584565	-0.003693
0.583887	-0.003685
0.583370	-0.003701
0.580969	-0.003685
0.580541	-0.003689
0.578970	-0.003692
0.577861	-0.003685
0.576758	-0.003695
0.575523	-0.003696
0.574188	-0.003698
0.573048	-0.003699
0.571661	-0.003698
0.570426	-0.003693
0.569265	-0.003695
0.568119	-0.003696
0.567148	-0.003703
0.565381	-0.003699
0.564434	-0.003703
0.563239	-0.003707
0.561922	-0.003706
0.560722	-0.003710
0.559340	-0.003709
0.557932	-0.003700
0.557376	-0.003712
0.555447	-0.003702
0.555359	-0.003716
0.553492	-0.003736
0.551310	-0.003709
0.550674	-0.003708
0.549278	-0.003704
0.548416	-0.003709
0.547371	-0.003722
0.545474	-0.003716
0.544569	-0.003712
0.543729	-0.003727
0.542009	-0.003727
0.541914	-0.003743
0.539405	-0.003740
0.538556	-0.003747
0.536939	-0.003742
0.535289	-0.003734
0.534226	-0.003717
0.533621	-0.003719
0.531790	-0.003706
0.531115	-0.003709
0.530186	-0.003721
0.528423	-0.003712
0.527671	-0.003721
0.525957	-0.003722
0.524970	-0.003721
0.523537	-0.003725
0.522272	-0.003719
0.521642	-0.003730
0.519513	-0.003721
0.518706	-0.003719
0.517551	-0.003726
0.515870	-0.003715
0.514932	-0.003717
0.513768	-0.003720
0.512384	-0.003717
0.511293	-0.003721
0.509743	-0.003718
0.508842	-0.003711
0.508044	-0.003727
0.505875	-0.003718
0.505502	-0.003729
0.503785	-0.003730
0.502382	-0.003721
0.501679	-0.003729
0.500011	-0.003731
0.498890	-0.003728
0.497264	-0.003723
0.496372	-0.003720
0.495586	-0.003729
0.493545	-0.003717
0.492665	-0.003718
0.492286	-0.003738
0.489820	-0.003724
0.489316	-0.003728
0.488234	-0.003743
0.485732	-0.003717
0.485720	-0.003721
0.485191	-0.003751
0.482410	-0.003736
0.481524	-0.003730
0.481087	-0.003749
0.478847	-0.003736
0.478108	-0.003738
0.476779	-0.003745
0.475208	-0.003733
0.474740	-0.003740
0.472614	-0.003738
0.471853	-0.003733
0.470774	-0.003743
0.469185	-0.003738
0.469124	-0.003752
0.466936	-0.003759
0.465769	-0.003758
0.464330	-0.003757
0.463364	-0.003762
0.461748	-0.003758
0.460507	-0.003754
0.459493	-0.003756
0.458448	-0.003759
0.457124	-0.003766
0.455297	-0.003756
0.454878	-0.003761
0.453311	-0.003761
0.452098	-0.003760
0.450805	-0.003763
0.449742	-0.003762
0.448385	-0.003762
0.447038	-0.003766
0.445876	-0.003760
0.444792	-0.003765
0.443050	-0.003758
0.442353	-0.003756
0.441134	-0.003762
0.439371	-0.003752
0.439004	-0.003761
0.437012	-0.003759
0.435683	-0.003747
0.435279	-0.003758
0.433525	-0.003757
0.431811	-0.003746
0.431191	-0.003748
0.429993	-0.003742
0.428233	-0.003739
0.427365	-0.003734
0.426369	-0.003738
0.425339	-0.003750
0.423234	-0.003739
0.422121	-0.003730
0.422079	-0.003742
0.420542	-0.003760
0.418372	-0.003752
0.417073	-0.003741
0.416768	-0.003750
0.415433	-0.003760
0.413581	-0.003753
0.412539	-0.003750
0.411237	-0.003742
0.410653	-0.003755
0.408789	-0.003754
0.407579	-0.003749
0.406528	-0.003752
0.405560	-0.003759
0.404414	-0.003769
0.402324	-0.003758
0.401654	-0.003762
0.400423	-0.003761
0.399140	-0.003764
0.397621	-0.003761
0.396677	-0.003761
0.395531	-0.003764
0.393893	-0.003767
0.392506	-0.003758
0.391867	-0.003764
0.390257	-0.003767
0.388879	-0.003761
0.387962	-0.003760
0.386975	-0.003768
0.385172	-0.003764
0.384206	-0.003763
0.382810	-0.003759
0.381710	-0.003760
0.380787	-0.003764
0.379009	-0.003762
0.377805	-0.003757
0.376436	-0.003750
0.375562	-0.003751
0.374214	-0.003747
0.373243	-0.003755
0.371910	-0.003757
0.370526	-0.003747
0.370022	-0.003761
0.367855	-0.003756
0.366908	-0.003754
0.365891	-0.003757
0.364338	-0.003753
0.363422	-0.003757
0.361946	-0.003756
0.360892	-0.003755
0.359819	-0.003768
0.358065	-0.003757
0.356824	-0.003756
0.355868	-0.003755
0.354695	-0.003759
0.353307	-0.003759
0.352409	-0.003765
0.351034	-0.003768
0.349784	-0.003769
0.348140	-0.003765
0.347214	-0.003765
0.346053	-0.003762
0.344522	-0.003761
0.343538	-0.003763
0.342686	-0.003770
0.340834	-0.003763
0.339816	-0.003766
0.338814	-0.003775
0.336764	-0.003758
0.336247	-0.003763
0.334475	-0.003750
0.333891	-0.003755
0.332342	-0.003755
0.331083	-0.003753
0.330194	-0.003759
0.328620	-0.003752
0.327829	-0.003760
0.326277	-0.003762
0.324871	-0.003758
0.323835	-0.003757
0.322628	-0.003760
0.321436	-0.003764
0.319924	-0.003758
0.318848	-0.003758
0.317898	-0.003765
0.316453	-0.003767
0.314897	-0.003759
0.314087	-0.003761
0.312706	-0.003757
0.311704	-0.003762
0.310479	-0.003772
0.308547	-0.003760
0.307875	-0.003755
0.306500	-0.003763
0.304768	-0.003749
0.304428	-0.003753
0.302082	-0.003743
0.301128	-0.003728
0.301412	-0.003751
0.298892	-0.003755
0.297666	-0.003746
0.297290	-0.003760
0.295429	-0.003759
0.294131	-0.003760
0.293028	-0.003760
0.291726	-0.003758
0.290235	-0.003752
0.289401	-0.003755
0.288245	-0.003763
0.286809	-0.003760
0.285437	-0.003763
0.284304	-0.003759
0.283164	-0.003760
0.281975	-0.003762
0.280735	-0.003767
0.279231	-0.003762
0.278421	-0.003764
0.276701	-0.003765
0.275488	-0.003755
0.274568	-0.003756
0.273321	-0.003762
0.272310	-0.003770
0.270516	-0.003764
0.269016	-0.003751
0.268533	-0.003760
0.266975	-0.003758
0.265850	-0.003757
0.264130	-0.003750
0.263586	-0.003753
0.262083	-0.003752
0.259797	-0.003726
0.260194	-0.003746
0.258477	-0.003745
0.257569	-0.003756
0.256213	-0.003764
0.254865	-0.003765
0.253334	-0.003760
0.252207	-0.003765
0.251296	-0.003765
0.249805	-0.003766
0.248326	-0.003759
0.247651	-0.003767
0.245768	-0.003757
0.244677	-0.003751
0.243914	-0.003761
0.242236	-0.003751
0.241683	-0.003761
0.239791	-0.003766
0.238471	-0.003754
0.238132	-0.003767
0.235960	-0.003768
0.234731	-0.003759
0.233912	-0.003767
0.232265	-0.003756
0.231504	-0.003763
0.229750	-0.003764
0.228531	-0.003754
0.227932	-0.003763
0.226267	-0.003765
0.224760	-0.003755
0.224339	-0.003764
0.222346	-0.003761
0.221512	-0.003762
0.220495	-0.003772
0.218313	-0.003759
0.218078	-0.003765
0.216620	-0.003768
0.215089	-0.003764
0.213989	-0.003768
0.212752	-0.003763
0.211288	-0.003757
0.210603	-0.003764
0.209161	-0.003770
0.207169	-0.003749
0.206668	-0.003748
0.206151	-0.003770
0.204031	-0.003763
0.202772	-0.003758
0.201901	-0.003768
0.200144	-0.003758
0.199252	-0.003758
0.197770	-0.003757
0.196309	-0.003744
0.195884	-0.003749
0.194075	-0.003751
0.193180	-0.003748
0.192462	-0.003765
0.190576	-0.003768
0.189021	-0.003765
0.187759	-0.003751
0.187182	-0.003755
0.185302	-0.003748
0.184496	-0.003750
0.183356	-0.003753
0.182109	-0.003757
0.180551	-0.003756
0.179771	-0.003760
0.178519	-0.003767
0.176655	-0.003760
0.175998	-0.003764
0.174662	-0.003759
0.173620	-0.003767
0.171799	-0.003761
0.170690	-0.003752
0.169443	-0.003749
0.168743	-0.003759
0.167240	-0.003758
0.165834	-0.003757
0.164621	-0.003755
0.163983	-0.003765
0.162000	-0.003761
0.160667	-0.003755
0.160423	-0.003769
0.158583	-0.003772
0.157266	-0.003771
0.156090	-0.003771
0.154904	-0.003771
0.153383	-0.003767
0.152246	-0.003765
0.151091	-0.003764
0.149786	-0.003762
0.148576	-0.003763
0.147607	-0.003765
0.146189	-0.003765
0.144680	-0.003762
0.143861	-0.003763
0.142636	-0.003768
0.141224	-0.003767
0.139947	-0.003765
0.138734	-0.003762
0.137728	-0.003768
0.136054	-0.003761
0.135152	-0.003760
0.134055	-0.003768
0.132347	-0.003759
0.131577	-0.003764
0.130159	-0.003764
0.128937	-0.003759
0.128005	-0.003767
0.126214	-0.003760
0.125206	-0.003758
0.123913	-0.003757
0.122856	-0.003759
0.121811	-0.003762
0.120185	-0.003761
0.118768	-0.003760
0.117851	-0.003757
0.116558	-0.003751
0.115605	-0.003762
0.114095	-0.003762
0.112879	-0.003756
0.111706	-0.003760
0.110361	-0.003763
0.108941	-0.003752
0.108140	-0.003749
0.107550	-0.003775
0.105087	-0.003764
0.103874	-0.003751
0.103126	-0.003755
0.102365	-0.003769
0.100470	-0.003766
0.099107	-0.003760
0.098203	-0.003762
0.097271	-0.003768
0.095398	-0.003763
0.094295	-0.003756
0.093509	-0.003763
0.092171	-0.003769
0.090655	-0.003765
0.089430	-0.003765
0.088296	-0.003766
0.087398	-0.003768
0.085479	-0.003768
0.084382	-0.003761
0.083496	-0.003763
0.082026	-0.003763
0.081302	-0.003775
0.079083	-0.003760
0.078216	-0.003757
0.077238	-0.003765
0.076058	-0.003767
0.074457	-0.003763
0.073354	-0.003761
0.072177	-0.003765
0.070735	-0.003757
0.069870	-0.003762
0.068159	-0.003759
0.067264	-0.003755
0.066332	-0.003765
0.064618	-0.003762
0.063710	-0.003763
0.061926	-0.003755
0.060890	-0.003753
0.060343	-0.003767
0.058161	-0.003752
0.057648	-0.003758
0.056242	-0.003766
0.054925	-0.003762
0.053614	-0.003762
0.052242	-0.003755
0.051292	-0.003757
0.049819	-0.003753
0.048737	-0.003753
0.047619	-0.003757
0.046317	-0.003755
0.045006	-0.003753
0.043439	-0.003751
0.042348	-0.003739
0.041376	-0.003742
0.040224	-0.003745
0.039002	-0.003745
0.038067	-0.003757
0.036350	-0.003755
0.035176	-0.003753
0.034207	-0.003759
0.032878	-0.003765
0.031109	-0.003759
0.030036	-0.003753
0.029266	-0.003755
0.027607	-0.003753
0.026752	-0.003759
0.025432	-0.003760
0.023607	-0.003749
0.023179	-0.003757
0.021768	-0.003762
0.020225	-0.003756
0.019085	-0.003757
0.018257	-0.003761
0.016729	-0.003760
0.015562	-0.003765
0.014107	-0.003759
0.013135	-0.003761
0.011357	-0.003757
0.010477	-0.003755
0.009887	-0.003766
0.007806	-0.003765
0.006584	-0.003758
0.006061	-0.003767
0.004249	-0.003764
0.003003	-0.003762
0.001909	-0.003764
0.000772	-0.003763
-0.000508	-0.003768
-0.001841	-0.003764
-0.002928	-0.003766
-0.004633	-0.003756
-0.005275	-0.003761
-0.006956	-0.003757
-0.008062	-0.003749
-0.008811	-0.003760
-0.010739	-0.003750
-0.011356	-0.003753
-0.012789	-0.003757
-0.014027	-0.003755
-0.015313	-0.003755
-0.016596	-0.003754
-0.017871	-0.003754
-0.018974	-0.003758
-0.020346	-0.003751
-0.021644	-0.003748
-0.022628	-0.003751
-0.023854	-0.003749
-0.025217	-0.003748
-0.026295	-0.003750
-0.027209	-0.003759
-0.028945	-0.003754
-0.029971	-0.003756
-0.031267	-0.003760
-0.032596	-0.003753
-0.033965	-0.003749
-0.035080	-0.003752
-0.036138	-0.003748
-0.037131	-0.003754
-0.038561	-0.003761
-0.039869	-0.003764
-0.041693	-0.003753
-0.042573	-0.003750
-0.044064	-0.003742
-0.044773	-0.003744
-0.045772	-0.003753
-0.047453	-0.003756
-0.048605	-0.003750
-0.050209	-0.003744
-0.051508	-0.003731
-0.051816	-0.003739
-0.053500	-0.003741
-0.054777	-0.003742
-0.056033	-0.003741
-0.056947	-0.003746
-0.058398	-0.003749
-0.059981	-0.003740
-0.060070	-0.003756
-0.062288	-0.003758
-0.063437	-0.003752
-0.064436	-0.003760
-0.066163	-0.003749
-0.067012	-0.003750
-0.068342	-0.003752
-0.069240	-0.003756
-0.070945	-0.003752
-0.072231	-0.003748
-0.072846	-0.003757
-0.074459	-0.003757
-0.076014	-0.003751
-0.076696	-0.003756
-0.078169	-0.003756
-0.079492	-0.003754
-0.080959	-0.003754
-0.081780	-0.003753
-0.083079	-0.003756
-0.084641	-0.003756
-0.085548	-0.003755
-0.086703	-0.003757
-0.088207	-0.003756
-0.089478	-0.003751
-0.090373	-0.003753
-0.091751	-0.003756
-0.093203	-0.003754
-0.094336	-0.003749
-0.095146	-0.003758
-0.097019	-0.003753
-0.098073	-0.003747
