1.199342	0.006993
1.197968	0.006788
1.196711	0.006639
1.195473	0.006512
1.194239	0.006400
1.192975	0.006295
1.191759	0.006197
1.190521	0.006108
1.189307	0.006021
1.188015	0.005936
1.186792	0.005857
1.185558	0.005783
1.184341	0.005710
1.183007	0.005633
1.181759	0.005567
1.180555	0.005505
1.180235	0.005488
1.180037	0.005476
1.179585	0.005443
1.178968	0.005396
1.178130	0.005338
1.177214	0.005272
1.176272	0.005200
1.175209	0.005124
1.174060	0.005044
1.172951	0.004964
1.171820	0.004881
1.170558	0.004796
1.169357	0.004711
1.168144	0.004625
1.166925	0.004540
1.165678	0.004456
1.164511	0.004370
1.163209	0.004286
1.161984	0.004201
1.160762	0.004116
1.159463	0.004032
1.158262	0.003948
1.157034	0.003864
1.155790	0.003781
1.154537	0.003698
1.153272	0.003616
1.152035	0.003534
1.150794	0.003451
1.149511	0.003370
1.148252	0.003290
1.147032	0.003209
1.145789	0.003128
1.144505	0.003048
1.143299	0.002969
1.141994	0.002889
1.140741	0.002811
1.139537	0.002733
1.138162	0.002655
1.136979	0.002579
1.135699	0.002502
1.134443	0.002426
1.133276	0.002351
1.131959	0.002276
1.130691	0.002202
1.129471	0.002128
1.128185	0.002056
1.126960	0.001983
1.125713	0.001911
1.124414	0.001841
1.123186	0.001770
1.121985	0.001699
1.120738	0.001629
1.119458	0.001558
1.118178	0.001490
1.116968	0.001422
1.115767	0.001353
1.114444	0.001285
1.113169	0.001219
1.111913	0.001153
1.110648	0.001086
1.109444	0.001021
1.108164	0.000957
1.106887	0.000892
1.105668	0.000828
1.104415	0.000764
1.103137	0.000701
1.101872	0.000639
1.100488	0.000578
1.099309	0.000516
1.098111	0.000454
1.096910	0.000395
1.095617	0.000334
1.094346	0.000275
1.093081	0.000217
1.091850	0.000158
1.090597	9.993395E-5
1.089338	4.223617E-5
1.088067	-1.475835E-5
1.086799	-7.062154E-5
1.085531	-0.000125
1.084244	-0.000179
1.083080	-0.000232
1.081760	-0.000285
1.080477	-0.000338
1.079263	-0.000390
1.078056	-0.000441
1.076782	-0.000492
1.075493	-0.000542
1.074240	-0.000592
1.073033	-0.000639
1.071740	-0.000688
1.070475	-0.000736
1.069198	-0.000783
1.067927	-0.000829
1.066701	-0.000875
1.065449	-0.000921
1.064104	-0.000965
1.062918	-0.001009
1.061675	-0.001053
1.060407	-0.001097
1.059047	-0.001137
1.057819	-0.001178
1.056569	-0.001219
1.055298	-0.001258
1.054063	-0.001298
1.052822	-0.001336
1.051530	-0.001374
1.050350	-0.001413
1.049033	-0.001449
1.047771	-0.001486
1.046515	-0.001521
1.045339	-0.001557
1.044077	-0.001593
1.042720	-0.001625
1.041663	-0.001662
1.040334	-0.001697
1.039072	-0.001730
1.037840	-0.001763
1.036591	-0.001795
1.035319	-0.001828
1.034006	-0.001859
1.032740	-0.001889
1.031515	-0.001918
1.030158	-0.001948
1.028909	-0.001974
1.027723	-0.002002
1.026461	-0.002031
1.025223	-0.002060
1.023931	-0.002088
1.022544	-0.002112
1.021266	-0.002135
1.020148	-0.002161
1.018822	-0.002184
1.017606	-0.002209
1.016270	-0.002229
1.015158	-0.002254
1.013621	-0.002270
1.012710	-0.002294
1.011418	-0.002319
1.010015	-0.002337
1.008894	-0.002358
1.007714	-0.002383
1.006465	-0.002404
1.005276	-0.002428
1.004005	-0.002449
1.002837	-0.002471
1.001319	-0.002488
1.000173	-0.002506
0.998975	-0.002526
0.997652	-0.002543
0.996359	-0.002557
0.995238	-0.002577
0.993961	-0.002594
0.992601	-0.002609
0.991446	-0.002625
0.990230	-0.002642
0.988955	-0.002658
0.987724	-0.002674
0.986349	-0.002688
0.985276	-0.002704
0.983935	-0.002720
0.982725	-0.002733
0.981362	-0.002746
0.980238	-0.002762
0.978988	-0.002777
0.977695	-0.002789
0.976400	-0.002801
0.975351	-0.002815
0.973983	-0.002827
0.972635	-0.002839
0.971434	-0.002848
0.970316	-0.002861
0.968727	-0.002868
0.967660	-0.002876
0.966389	-0.002884
0.965185	-0.002891
0.964119	-0.002903
0.962848	-0.002914
0.961845	-0.002927
0.960418	-0.002941
0.959095	-0.002950
0.957818	-0.002958
0.956547	-0.002967
0.955581	-0.002978
0.954157	-0.002987
0.952862	-0.002993
0.951493	-0.002999
0.950646	-0.003012
0.949329	-0.003025
0.947746	-0.003028
0.946509	-0.003030
0.945727	-0.003044
0.944174	-0.003053
0.942943	-0.003059
0.941788	-0.003067
0.940382	-0.003072
0.939346	-0.003083
0.938048	-0.003091
0.936749	-0.003097
0.935395	-0.003098
0.934460	-0.003109
0.933107	-0.003116
0.931820	-0.003120
0.930864	-0.003135
0.929073	-0.003135
0.927961	-0.003136
0.927035	-0.003148
0.925617	-0.003151
0.924499	-0.003159
0.923173	-0.003164
0.922201	-0.003177
0.920517	-0.003176
0.919451	-0.003183
0.918262	-0.003191
0.917128	-0.003194
0.915735	-0.003200
0.914384	-0.003204
0.913382	-0.003208
0.912062	-0.003213
0.910626	-0.003216
0.909691	-0.003221
0.908313	-0.003223
0.907087	-0.003231
0.905761	-0.003233
0.904805	-0.003241
0.903118	-0.003241
0.902378	-0.003249
0.901000	-0.003256
0.899656	-0.003259
0.898437	-0.003264
0.897169	-0.003267
0.895971	-0.003273
0.894666	-0.003273
0.893315	-0.003273
0.892096	-0.003271
0.891253	-0.003281
0.889658	-0.003283
0.888668	-0.003290
0.887528	-0.003295
0.886083	-0.003302
0.884921	-0.003304
0.883751	-0.003309
0.882241	-0.003310
0.881273	-0.003316
0.879947	-0.003318
0.878581	-0.003319
0.877630	-0.003326
0.876231	-0.003328
0.875134	-0.003333
0.873744	-0.003339
0.872179	-0.003334
0.871302	-0.003333
0.870236	-0.003344
0.869047	-0.003351
0.867816	-0.003358
0.866120	-0.003363
0.864833	-0.003358
0.863971	-0.003362
0.862737	-0.003368
0.861344	-0.003375
0.860002	-0.003372
0.858960	-0.003376
0.857634	-0.003381
0.856693	-0.003388
0.855147	-0.003390
0.854019	-0.003392
0.852739	-0.003397
0.851608	-0.003401
0.849949	-0.003403
0.848965	-0.003403
0.847902	-0.003407
0.846548	-0.003410
0.845368	-0.003414
0.844119	-0.003419
0.842481	-0.003414
0.841668	-0.003418
0.840400	-0.003421
0.839138	-0.003422
0.837803	-0.003421
0.836797	-0.003427
0.835285	-0.003426
0.834224	-0.003426
0.833115	-0.003434
0.831765	-0.003436
0.830613	-0.003440
0.828856	-0.003432
0.828217	-0.003437
0.826365	-0.003433
0.825338	-0.003424
0.824446	-0.003434
0.823230	-0.003438
0.822115	-0.003445
0.820767	-0.003453
0.819303	-0.003453
0.817977	-0.003448
0.816718	-0.003449
0.815823	-0.003454
0.814469	-0.003453
0.813204	-0.003456
0.811933	-0.003458
0.810805	-0.003458
0.809372	-0.003459
0.808410	-0.003463
0.807023	-0.003463
0.805837	-0.003462
0.804923	-0.003474
0.803493	-0.003476
0.802063	-0.003476
0.800734	-0.003476
0.799854	-0.003482
0.798540	-0.003484
0.797064	-0.003483
0.796132	-0.003488
0.794778	-0.003488
0.793691	-0.003494
0.792163	-0.003496
0.791170	-0.003497
0.789746	-0.003500
0.788435	-0.003498
0.787564	-0.003504
0.785831	-0.003498
0.785254	-0.003507
0.783570	-0.003514
0.782054	-0.003502
0.781275	-0.003506
0.779677	-0.003503
0.778675	-0.003505
0.777428	-0.003504
0.776573	-0.003513
0.775225	-0.003523
0.773664	-0.003522
0.772530	-0.003522
0.770901	-0.003516
0.770220	-0.003517
0.768894	-0.003520
0.767607	-0.003522
0.766773	-0.003532
0.764875	-0.003524
0.764093	-0.003531
0.762654	-0.003535
0.761539	-0.003537
0.760050	-0.003539
0.759305	-0.003546
0.757921	-0.003551
0.756246	-0.003545
0.755280	-0.003547
0.754263	-0.003549
0.752570	-0.003549
0.751601	-0.003551
0.750242	-0.003550
0.749310	-0.003553
0.747699	-0.003556
0.746599	-0.003554
0.745279	-0.003553
0.744106	-0.003552
0.743036	-0.003558
0.741567	-0.003554
0.740305	-0.003553
0.739128	-0.003553
0.737936	-0.003553
0.736696	-0.003553
0.735556	-0.003558
0.734257	-0.003557
0.733063	-0.003562
0.731626	-0.003560
0.730502	-0.003559
0.729460	-0.003562
0.728152	-0.003564
0.726902	-0.003562
0.725824	-0.003566
0.724439	-0.003567
0.722905	-0.003562
0.721931	-0.003564
0.720837	-0.003568
0.719449	-0.003569
0.718502	-0.003575
0.717289	-0.003581
0.715743	-0.003581
0.714240	-0.003572
0.713598	-0.003579
0.712177	-0.003581
0.710854	-0.003583
0.709415	-0.003581
0.708553	-0.003581
0.707202	-0.003592
0.705577	-0.003586
0.704672	-0.003587
0.703502	-0.003591
0.702069	-0.003591
0.701180	-0.003595
0.699517	-0.003595
0.698487	-0.003598
0.697525	-0.003608
0.695771	-0.003598
0.694915	-0.003604
0.693644	-0.003608
0.692031	-0.003603
0.690686	-0.003595
0.690222	-0.003604
0.688725	-0.003609
0.687001	-0.003601
0.686472	-0.003608
0.685210	-0.003615
0.683548	-0.003614
0.682387	-0.003613
0.681418	-0.003616
0.680028	-0.003619
0.678687	-0.003616
0.677611	-0.003619
0.676172	-0.003614
0.675188	-0.003618
0.673635	-0.003616
0.672731	-0.003620
0.671264	-0.003622
0.669688	-0.003611
0.669137	-0.003617
0.667637	-0.003617
0.666455	-0.003618
0.664924	-0.003615
0.664196	-0.003621
0.662592	-0.003622
0.661413	-0.003623
0.660285	-0.003625
0.658935	-0.003625
0.657480	-0.003621
0.656481	-0.003621
0.655796	-0.003630
0.654198	-0.003637
0.652649	-0.003634
0.651616	-0.003632
0.650702	-0.003643
0.648897	-0.003641
0.648194	-0.003640
0.646755	-0.003651
0.644936	-0.003639
0.644130	-0.003634
0.643384	-0.003645
0.641936	-0.003656
0.640133	-0.003644
0.639082	-0.003635
0.638629	-0.003652
0.636970	-0.003657
0.635195	-0.003647
0.634339	-0.003645
0.633539	-0.003657
0.631672	-0.003653
0.630758	-0.003652
0.629591	-0.003651
0.628659	-0.003656
0.627033	-0.003652
0.625942	-0.003653
0.624830	-0.003657
0.623382	-0.003655
0.621557	-0.003640
0.622337	-0.003667
0.619369	-0.003662
0.618196	-0.003650
0.617897	-0.003663
0.616219	-0.003666
0.614639	-0.003662
0.613338	-0.003655
0.612546	-0.003658
0.611305	-0.003661
0.609833	-0.003659
0.608950	-0.003666
0.607523	-0.003665
0.606099	-0.003661
0.605057	-0.003661
0.604394	-0.003678
0.602175	-0.003667
0.601167	-0.003661
0.600638	-0.003674
0.598774	-0.003672
0.597277	-0.003662
0.596394	-0.003662
0.595364	-0.003666
0.593864	-0.003668
0.592553	-0.003665
0.591749	-0.003668
0.590114	-0.003669
0.589014	-0.003671
0.587893	-0.003673
0.586426	-0.003671
0.585234	-0.003673
0.584131	-0.003672
0.582686	-0.003672
0.581479	-0.003669
0.580611	-0.003676
0.579373	-0.003682
0.577433	-0.003672
0.576773	-0.003675
0.575487	-0.003676
0.574289	-0.003680
0.572703	-0.003679
0.571875	-0.003679
0.570115	-0.003672
0.569021	-0.003667
0.568071	-0.003664
0.567029	-0.003670
0.565363	-0.003665
0.564752	-0.003675
0.562900	-0.003670
0.561776	-0.003667
0.560581	-0.003672
0.559392	-0.003668
0.558491	-0.003676
0.556703	-0.003671
0.555927	-0.003680
0.554644	-0.003684
0.553232	-0.003685
0.551512	-0.003677
0.550870	-0.003678
0.549357	-0.003675
0.547756	-0.003663
0.547585	-0.003678
0.545865	-0.003679
0.544206	-0.003674
0.543277	-0.003672
0.542213	-0.003675
0.540578	-0.003672
0.539671	-0.003672
0.538577	-0.003677
0.536957	-0.003675
0.535802	-0.003677
0.534815	-0.003678
0.533459	-0.003675
0.532178	-0.003678
0.530935	-0.003677
0.530146	-0.003683
0.528230	-0.003680
0.527338	-0.003682
0.526116	-0.003681
0.524612	-0.003680
0.523632	-0.003682
0.522620	-0.003685
0.520790	-0.003678
0.519830	-0.003677
0.519082	-0.003688
0.517092	-0.003681
0.515995	-0.003678
0.515149	-0.003682
0.513618	-0.003679
0.512506	-0.003682
0.511060	-0.003680
0.509985	-0.003678
0.508420	-0.003675
0.507824	-0.003679
0.506324	-0.003683
0.504964	-0.003677
0.503873	-0.003681
0.502767	-0.003684
0.501340	-0.003683
0.500048	-0.003681
0.498712	-0.003676
0.498168	-0.003687
0.496213	-0.003684
0.495082	-0.003682
0.493927	-0.003682
0.492864	-0.003685
0.491498	-0.003689
0.490144	-0.003685
0.489518	-0.003692
0.487645	-0.003689
0.486697	-0.003691
0.485399	-0.003690
0.484412	-0.003693
0.482520	-0.003690
0.481860	-0.003692
0.480442	-0.003694
0.479284	-0.003695
0.478126	-0.003702
0.476488	-0.003694
0.475553	-0.003697
0.474132	-0.003693
0.473204	-0.003699
0.471410	-0.003688
0.470725	-0.003691
0.469387	-0.003696
0.467819	-0.003688
0.467074	-0.003696
0.465521	-0.003693
0.464507	-0.003695
0.462933	-0.003694
0.462203	-0.003700
0.460510	-0.003695
0.459380	-0.003694
0.458169	-0.003692
0.457152	-0.003696
0.455056	-0.003682
0.454564	-0.003680
0.453510	-0.003687
0.452070	-0.003685
0.450445	-0.003677
0.449882	-0.003680
0.448394	-0.003681
0.447206	-0.003683
0.445818	-0.003681
0.444700	-0.003680
0.443319	-0.003681
0.442035	-0.003675
0.441366	-0.003681
0.439744	-0.003682
0.438561	-0.003682
0.437311	-0.003685
0.435915	-0.003680
0.435035	-0.003687
0.433535	-0.003687
0.432661	-0.003693
0.430952	-0.003693
0.429825	-0.003690
0.428697	-0.003693
0.427359	-0.003687
0.426127	-0.003693
0.424704	-0.003685
0.423863	-0.003688
0.422076	-0.003680
0.421431	-0.003684
0.420401	-0.003695
0.418100	-0.003679
0.417889	-0.003687
0.416413	-0.003696
0.415011	-0.003689
0.413886	-0.003694
0.413022	-0.003698
0.411213	-0.003693
0.410326	-0.003695
0.408857	-0.003695
0.407751	-0.003693
0.406388	-0.003695
0.405092	-0.003688
0.404258	-0.003694
0.402437	-0.003689
0.401679	-0.003692
0.400411	-0.003694
0.399103	-0.003694
0.397823	-0.003697
0.396863	-0.003700
0.395216	-0.003695
0.393982	-0.003691
0.392970	-0.003699
0.391470	-0.003691
0.390321	-0.003694
0.389004	-0.003689
0.387864	-0.003690
0.386437	-0.003688
0.385261	-0.003685
0.383938	-0.003678
0.383204	-0.003681
0.381560	-0.003686
0.380475	-0.003680
0.379100	-0.003684
0.377478	-0.003667
0.377181	-0.003676
0.375354	-0.003671
0.374514	-0.003678
0.373447	-0.003683
0.371672	-0.003684
0.370309	-0.003672
0.369900	-0.003686
0.368332	-0.003691
0.366853	-0.003687
0.365674	-0.003684
0.364574	-0.003690
0.363030	-0.003687
0.361888	-0.003678
0.361154	-0.003690
0.359807	-0.003698
0.358120	-0.003690
0.356950	-0.003688
0.356195	-0.003696
0.354487	-0.003691
0.353576	-0.003697
0.351902	-0.003697
0.350869	-0.003693
0.349732	-0.003696
0.348036	-0.003688
0.347618	-0.003693
0.345781	-0.003694
0.344434	-0.003685
0.343945	-0.003697
0.341852	-0.003683
0.341265	-0.003687
0.339841	-0.003693
0.338172	-0.003678
0.337742	-0.003687
0.335939	-0.003693
0.334833	-0.003684
0.334151	-0.003695
0.331899	-0.003689
0.330906	-0.003677
0.330631	-0.003687
0.328400	-0.003690
0.327178	-0.003679
0.326894	-0.003691
0.324452	-0.003684
0.323652	-0.003676
0.323303	-0.003692
0.320694	-0.003678
0.319924	-0.003674
0.319282	-0.003684
0.317507	-0.003681
0.316446	-0.003683
0.315133	-0.003682
0.314051	-0.003684
0.312547	-0.003684
0.311328	-0.003682
0.310243	-0.003678
0.309241	-0.003686
0.307719	-0.003683
0.306515	-0.003684
0.305183	-0.003679
0.304529	-0.003692
0.302516	-0.003688
0.301791	-0.003688
0.300374	-0.003688
0.299423	-0.003695
0.297740	-0.003693
0.296429	-0.003685
0.295329	-0.003686
0.294730	-0.003697
0.293168	-0.003703
0.291329	-0.003693
0.290430	-0.003693
0.289028	-0.003686
0.287793	-0.003683
0.286993	-0.003691
0.285593	-0.003690
0.284411	-0.003691
0.283023	-0.003695
0.281734	-0.003689
0.280799	-0.003689
0.279338	-0.003691
0.278648	-0.003702
0.277010	-0.003703
0.275302	-0.003693
0.274639	-0.003697
0.273416	-0.003703
0.271650	-0.003693
0.270978	-0.003698
0.269471	-0.003695
0.268255	-0.003697
0.267057	-0.003697
0.265973	-0.003699
0.264539	-0.003697
0.263473	-0.003703
0.262294	-0.003701
0.260906	-0.003701
0.259443	-0.003695
0.258596	-0.003699
0.257117	-0.003696
0.255861	-0.003694
0.254718	-0.003698
0.253542	-0.003695
0.252439	-0.003699
0.250774	-0.003693
0.249961	-0.003697
0.248491	-0.003694
0.247538	-0.003699
0.245958	-0.003696
0.245069	-0.003698
0.243709	-0.003701
0.242153	-0.003695
0.241542	-0.003701
0.239856	-0.003698
0.238807	-0.003701
0.237374	-0.003700
0.235990	-0.003693
0.234762	-0.003689
0.233631	-0.003690
0.232494	-0.003690
0.231168	-0.003685
0.230175	-0.003688
0.228656	-0.003687
0.227339	-0.003674
0.226328	-0.003683
0.225375	-0.003686
0.223997	-0.003687
0.222719	-0.003692
0.221378	-0.003692
0.220088	-0.003688
0.218933	-0.003687
0.218010	-0.003699
0.216058	-0.003687
0.215309	-0.003686
0.213962	-0.003690
0.212996	-0.003692
0.211459	-0.003689
0.210429	-0.003694
0.209140	-0.003697
0.207896	-0.003693
0.206442	-0.003693
0.205381	-0.003693
0.204073	-0.003693
0.202805	-0.003687
0.201705	-0.003688
0.200584	-0.003687
0.199517	-0.003695
0.197812	-0.003692
0.196770	-0.003692
0.195692	-0.003694
0.194115	-0.003692
0.193146	-0.003694
0.191625	-0.003693
0.190225	-0.003684
0.189571	-0.003690
0.188169	-0.003692
0.186949	-0.003693
0.185379	-0.003684
0.184697	-0.003691
0.183399	-0.003698
0.181565	-0.003693
0.180425	-0.003685
0.179628	-0.003685
0.178699	-0.003697
0.176887	-0.003700
0.175167	-0.003684
0.174730	-0.003677
0.173080	-0.003679
0.172704	-0.003692
0.170803	-0.003696
0.169935	-0.003698
0.167836	-0.003689
0.167530	-0.003690
0.165908	-0.003692
0.164658	-0.003691
0.163818	-0.003697
0.162195	-0.003698
0.160872	-0.003694
0.159803	-0.003694
0.158516	-0.003693
0.157233	-0.003694
0.156178	-0.003700
0.154761	-0.003694
0.153526	-0.003699
0.152234	-0.003695
0.151344	-0.003703
0.149697	-0.003698
0.148823	-0.003702
0.147412	-0.003704
0.146144	-0.003701
0.144836	-0.003705
0.143452	-0.003695
0.142688	-0.003701
0.140924	-0.003697
0.139974	-0.003693
0.138666	-0.003691
0.137832	-0.003698
0.136313	-0.003697
0.135241	-0.003697
0.134031	-0.003697
0.132760	-0.003701
0.130978	-0.003692
0.130220	-0.003692
0.128784	-0.003689
0.127736	-0.003689
0.126719	-0.003691
0.125120	-0.003690
0.123935	-0.003685
0.122978	-0.003693
0.121530	-0.003691
0.119929	-0.003683
0.119140	-0.003682
0.118242	-0.003692
0.116338	-0.003689
0.115168	-0.003687
0.114395	-0.003688
0.112782	-0.003688
0.111248	-0.003681
0.110698	-0.003683
0.109411	-0.003688
0.107721	-0.003684
0.106982	-0.003689
0.105188	-0.003682
0.104458	-0.003688
0.102991	-0.003688
0.102044	-0.003690
0.100409	-0.003689
0.099416	-0.003692
0.098463	-0.003695
0.096889	-0.003698
0.095431	-0.003693
0.094628	-0.003693
0.093283	-0.003696
0.092104	-0.003700
0.090906	-0.003703
0.089295	-0.003694
0.088580	-0.003703
0.086716	-0.003696
0.086011	-0.003697
0.084299	-0.003693
0.083367	-0.003692
0.082442	-0.003703
0.080663	-0.003695
0.079860	-0.003701
0.078292	-0.003699
0.077060	-0.003699
0.075447	-0.003686
0.075096	-0.003697
0.073540	-0.003703
0.071652	-0.003691
0.071074	-0.003695
0.069980	-0.003705
0.068132	-0.003693
0.067414	-0.003698
0.065782	-0.003695
0.065128	-0.003702
0.063343	-0.003695
0.062173	-0.003695
0.061150	-0.003693
0.060080	-0.003699
0.058308	-0.003695
0.057385	-0.003697
0.056364	-0.003697
0.054763	-0.003698
0.053739	-0.003697
0.052646	-0.003702
0.050846	-0.003692
0.050250	-0.003701
0.048746	-0.003698
0.047267	-0.003694
0.046106	-0.003692
0.045168	-0.003692
0.043909	-0.003693
0.042488	-0.003696
0.041306	-0.003692
0.040261	-0.003695
0.038617	-0.003691
0.037911	-0.003699
0.036090	-0.003689
0.035393	-0.003693
0.033881	-0.003697
0.032817	-0.003695
0.031204	-0.003693
0.030131	-0.003686
0.029340	-0.003694
0.027815	-0.003697
0.026547	-0.003697
0.025199	-0.003697
0.023977	-0.003695
0.022846	-0.003694
0.021566	-0.003694
0.020579	-0.003698
0.018792	-0.003691
0.017713	-0.003685
0.016753	-0.003687
0.015412	-0.003684
0.014345	-0.003687
0.012946	-0.003690
0.011678	-0.003685
0.010428	-0.003681
0.009386	-0.003687
0.008078	-0.003688
0.006639	-0.003679
0.005426	-0.003682
0.004378	-0.003681
0.003372	-0.003689
0.001924	-0.003690
0.000726	-0.003695
-0.000530	-0.003691
-0.001468	-0.003699
-0.003167	-0.003695
-0.003912	-0.003699
-0.005309	-0.003706
-0.006934	-0.003701
-0.007723	-0.003704
-0.009134	-0.003700
-0.010555	-0.003703
-0.011503	-0.003700
-0.012526	-0.003705
-0.014522	-0.003697
-0.015261	-0.003695
-0.016196	-0.003707
-0.018185	-0.003697
-0.018904	-0.003700
-0.020523	-0.003694
-0.021483	-0.003694
-0.022974	-0.003689
-0.023897	-0.003687
-0.025045	-0.003690
-0.026873	-0.003679
-0.027246	-0.003685
-0.028926	-0.003683
-0.029950	-0.003687
-0.030928	-0.003693
-0.032602	-0.003694
-0.034035	-0.003686
-0.035209	-0.003678
-0.035823	-0.003688
-0.037473	-0.003690
-0.038927	-0.003682
-0.039841	-0.003681
-0.040834	-0.003696
-0.042215	-0.003699
-0.044092	-0.003692
-0.045179	-0.003681
-0.045509	-0.003698
-0.047645	-0.003694
-0.048538	-0.003695
-0.049879	-0.003696
-0.051217	-0.003692
-0.051767	-0.003706
-0.053662	-0.003700
-0.054597	-0.003702
-0.055997	-0.003706
-0.057057	-0.003707
-0.058789	-0.003702
-0.059642	-0.003704
-0.060760	-0.003707
-0.062328	-0.003702
-0.063468	-0.003699
-0.064378	-0.003703
-0.066148	-0.003700
-0.067183	-0.003697
-0.068247	-0.003700
-0.069335	-0.003703
-0.070795	-0.003703
-0.071969	-0.003703
-0.073173	-0.003703
-0.074593	-0.003699
-0.075715	-0.003700
-0.076995	-0.003698
-0.078181	-0.003699
-0.079473	-0.003700
-0.080876	-0.003698
-0.081848	-0.003701
-0.083376	-0.003699
-0.084222	-0.003705
-0.085841	-0.003699
-0.087195	-0.003694
-0.087895	-0.003696
-0.089640	-0.003690
-0.090636	-0.003687
-0.091388	-0.003696
-0.093074	-0.003698
-0.094205	-0.003696
-0.095653	-0.003694
-0.097025	-0.003690
-0.098083	-0.003686
-0.098944	-0.003689
