1.198907	0.005211
1.197637	0.005138
1.196413	0.005070
1.195199	0.005000
1.193962	0.004930
1.192711	0.004857
1.191492	0.004787
1.190268	0.004720
1.189049	0.004655
1.187756	0.004584
1.186554	0.004519
1.185317	0.004456
1.184087	0.004394
1.182760	0.004324
1.181538	0.004263
1.180307	0.004204
1.180003	0.004186
1.179020	0.004131
1.177731	0.004060
1.176561	0.003992
1.175305	0.003924
1.174131	0.003856
1.172784	0.003789
1.171667	0.003723
1.170416	0.003656
1.169151	0.003591
1.167919	0.003524
1.166668	0.003460
1.165484	0.003395
1.164205	0.003329
1.162963	0.003268
1.161765	0.003205
1.160566	0.003142
1.159354	0.003079
1.158055	0.003014
1.156842	0.002952
1.155620	0.002891
1.154369	0.002829
1.153152	0.002767
1.151882	0.002708
1.150745	0.002647
1.149504	0.002587
1.148239	0.002526
1.147007	0.002466
1.145722	0.002407
1.144538	0.002348
1.143182	0.002288
1.141979	0.002230
1.140767	0.002171
1.139587	0.002115
1.138269	0.002055
1.137023	0.001998
1.135839	0.001941
1.134603	0.001886
1.133280	0.001829
1.132182	0.001772
1.130950	0.001718
1.129699	0.001664
1.128467	0.001607
1.127188	0.001552
1.125999	0.001498
1.124724	0.001444
1.123507	0.001392
1.122327	0.001339
1.121048	0.001288
1.119845	0.001239
1.118608	0.001185
1.117343	0.001130
1.116082	0.001080
1.114884	0.001030
1.113676	0.000980
1.112396	0.000930
1.111188	0.000881
1.109985	0.000831
1.108734	0.000781
1.107498	0.000733
1.106166	0.000686
1.105020	0.000639
1.103817	0.000590
1.102566	0.000541
1.101305	0.000495
1.100092	0.000451
1.098794	0.000402
1.097552	0.000355
1.096311	0.000314
1.095074	0.000273
1.093933	0.000224
1.092658	0.000174
1.091398	0.000137
1.090219	9.703110E-5
1.088958	4.958981E-5
1.087655	2.960707E-6
1.086461	-3.793530E-5
1.085244	-7.496148E-5
1.084036	-0.000117
1.082875	-0.000162
1.081634	-0.000201
1.080350	-0.000238
1.079108	-0.000281
1.077886	-0.000324
1.076649	-0.000362
1.075351	-0.000395
1.074171	-0.000434
1.073002	-0.000477
1.071631	-0.000515
1.070414	-0.000549
1.069249	-0.000586
1.067974	-0.000629
1.066685	-0.000666
1.065496	-0.000697
1.064245	-0.000736
1.062985	-0.000774
1.061729	-0.000807
1.060545	-0.000837
1.059304	-0.000875
1.057995	-0.000913
1.056797	-0.000940
1.055622	-0.000971
1.054400	-0.001009
1.053087	-0.001038
1.051965	-0.001065
1.050671	-0.001098
1.049397	-0.001133
1.048227	-0.001165
1.046995	-0.001196
1.045691	-0.001224
1.044493	-0.001252
1.043338	-0.001282
1.042087	-0.001311
1.040860	-0.001337
1.039590	-0.001365
1.038348	-0.001390
1.037179	-0.001421
1.035937	-0.001446
1.034629	-0.001470
1.033450	-0.001501
1.032237	-0.001530
1.030929	-0.001550
1.029683	-0.001573
1.028479	-0.001600
1.027238	-0.001621
1.026030	-0.001646
1.024755	-0.001671
1.023437	-0.001697
1.022158	-0.001719
1.020998	-0.001737
1.019704	-0.001759
1.018572	-0.001782
1.017297	-0.001810
1.016051	-0.001835
1.014810	-0.001850
1.013588	-0.001871
1.012351	-0.001895
1.011143	-0.001910
1.009835	-0.001928
1.008641	-0.001949
1.007405	-0.001976
1.006211	-0.001997
1.004893	-0.002014
1.003709	-0.002030
1.002568	-0.002052
1.001322	-0.002072
0.999961	-0.002085
0.998820	-0.002100
0.997612	-0.002119
0.996332	-0.002139
0.995086	-0.002155
0.993864	-0.002169
0.992651	-0.002187
0.991367	-0.002200
0.990235	-0.002211
0.988913	-0.002228
0.987605	-0.002249
0.986506	-0.002261
0.985155	-0.002271
0.983971	-0.002285
0.982744	-0.002302
0.981546	-0.002325
0.980228	-0.002330
0.979011	-0.002340
0.977841	-0.002361
0.976509	-0.002378
0.975258	-0.002375
0.974131	-0.002392
0.972880	-0.002409
0.971624	-0.002420
0.970378	-0.002430
0.969189	-0.002442
0.967876	-0.002462
0.966606	-0.002468
0.965542	-0.002470
0.964281	-0.002490
0.962973	-0.002505
0.961798	-0.002508
0.960562	-0.002518
0.959354	-0.002533
0.958022	-0.002538
0.956790	-0.002540
0.955630	-0.002552
0.954407	-0.002572
0.953185	-0.002585
0.951944	-0.002591
0.950655	-0.002597
0.949394	-0.002613
0.948210	-0.002623
0.946978	-0.002627
0.945718	-0.002635
0.944553	-0.002647
0.943335	-0.002664
0.941994	-0.002664
0.940757	-0.002673
0.939635	-0.002686
0.938269	-0.002693
0.937062	-0.002697
0.935920	-0.002706
0.934679	-0.002718
0.933333	-0.002728
0.932206	-0.002733
0.930893	-0.002734
0.929647	-0.002735
0.928482	-0.002744
0.927312	-0.002760
0.925970	-0.002764
0.924719	-0.002767
0.923550	-0.002775
0.922366	-0.002786
0.921005	-0.002794
0.919826	-0.002793
0.918699	-0.002801
0.917400	-0.002815
0.916168	-0.002821
0.914936	-0.002826
0.913738	-0.002835
0.912487	-0.002844
0.911208	-0.002850
0.909918	-0.002851
0.908753	-0.002853
0.907546	-0.002861
0.906232	-0.002872
0.904924	-0.002868
0.903812	-0.002871
0.902623	-0.002885
0.901300	-0.002892
0.899997	-0.002885
0.898803	-0.002887
0.897743	-0.002896
0.896263	-0.002903
0.895079	-0.002900
0.893962	-0.002905
0.892668	-0.002916
0.891374	-0.002928
0.890238	-0.002923
0.888930	-0.002917
0.887798	-0.002926
0.886633	-0.002945
0.885377	-0.002954
0.884012	-0.002944
0.882837	-0.002943
0.881663	-0.002952
0.880383	-0.002963
0.878980	-0.002964
0.877929	-0.002956
0.876673	-0.002962
0.875394	-0.002969
0.874248	-0.002966
0.873140	-0.002975
0.871789	-0.002996
0.870481	-0.003003
0.869282	-0.003003
0.868041	-0.003008
0.866666	-0.003009
0.865501	-0.003011
0.864298	-0.003018
0.862951	-0.003021
0.861763	-0.003018
0.860593	-0.003027
0.859380	-0.003037
0.858048	-0.003041
0.856878	-0.003042
0.855709	-0.003045
0.854348	-0.003045
0.853250	-0.003052
0.851894	-0.003056
0.850624	-0.003054
0.849487	-0.003060
0.848260	-0.003071
0.846995	-0.003073
0.845749	-0.003071
0.844555	-0.003074
0.843428	-0.003080
0.842063	-0.003084
0.840855	-0.003086
0.839604	-0.003093
0.838320	-0.003084
0.837188	-0.003083
0.836071	-0.003099
0.834710	-0.003104
0.833440	-0.003102
0.832227	-0.003110
0.831034	-0.003113
0.829716	-0.003119
0.828599	-0.003121
0.827324	-0.003123
0.825963	-0.003124
0.824765	-0.003128
0.823581	-0.003134
0.822359	-0.003133
0.821026	-0.003131
0.819981	-0.003139
0.818639	-0.003145
0.817317	-0.003134
0.816190	-0.003131
0.814991	-0.003145
0.813698	-0.003158
0.812351	-0.003151
0.811243	-0.003148
0.809959	-0.003155
0.808746	-0.003160
0.807605	-0.003167
0.806259	-0.003167
0.805051	-0.003163
0.803938	-0.003161
0.802640	-0.003174
0.801327	-0.003179
0.800109	-0.003167
0.798992	-0.003167
0.797689	-0.003176
0.796414	-0.003188
0.795249	-0.003190
0.794027	-0.003189
0.792733	-0.003183
0.791501	-0.003187
0.790279	-0.003194
0.789085	-0.003204
0.787777	-0.003201
0.786574	-0.003196
0.785404	-0.003192
0.784124	-0.003205
0.782902	-0.003220
0.781651	-0.003209
0.780419	-0.003201
0.779230	-0.003211
0.778080	-0.003232
0.776623	-0.003227
0.775454	-0.003217
0.774336	-0.003223
0.773066	-0.003237
0.771696	-0.003233
0.770574	-0.003228
0.769476	-0.003237
0.768153	-0.003246
0.766797	-0.003246
0.765718	-0.003240
0.764482	-0.003245
0.763169	-0.003255
0.762004	-0.003244
0.760758	-0.003246
0.759507	-0.003253
0.758232	-0.003262
0.757005	-0.003250
0.755854	-0.003249
0.754465	-0.003267
0.753324	-0.003267
0.751992	-0.003260
0.750789	-0.003259
0.749748	-0.003271
0.748363	-0.003279
0.747050	-0.003272
0.745895	-0.003272
0.744796	-0.003279
0.743460	-0.003290
0.742085	-0.003281
0.740986	-0.003278
0.739802	-0.003285
0.738437	-0.003296
0.737186	-0.003296
0.736059	-0.003293
0.734803	-0.003296
0.733400	-0.003302
0.732378	-0.003305
0.731103	-0.003302
0.729828	-0.003301
0.728778	-0.003302
0.727527	-0.003303
0.726200	-0.003308
0.724977	-0.003313
0.723769	-0.003311
0.722461	-0.003305
0.721315	-0.003314
0.720074	-0.003321
0.718709	-0.003316
0.717462	-0.003305
0.716407	-0.003303
0.715290	-0.003314
0.713853	-0.003326
0.712611	-0.003319
0.711456	-0.003316
0.710205	-0.003325
0.708792	-0.003333
0.707613	-0.003329
0.706400	-0.003328
0.705111	-0.003327
0.703869	-0.003336
0.702800	-0.003345
0.701434	-0.003345
0.700150	-0.003337
0.699076	-0.003335
0.697810	-0.003343
0.696474	-0.003343
0.695418	-0.003344
0.694015	-0.003343
0.692797	-0.003341
0.691608	-0.003340
0.690424	-0.003343
0.689192	-0.003344
0.687956	-0.003347
0.686767	-0.003349
0.685545	-0.003354
0.684160	-0.003354
0.682971	-0.003350
0.681825	-0.003354
0.680522	-0.003358
0.679238	-0.003357
0.678216	-0.003357
0.676750	-0.003356
0.675533	-0.003354
0.674382	-0.003358
0.673203	-0.003365
0.671837	-0.003366
0.670710	-0.003366
0.669421	-0.003378
0.668003	-0.003371
0.666843	-0.003353
0.665850	-0.003357
0.664508	-0.003376
0.663023	-0.003377
0.661939	-0.003362
0.660856	-0.003366
0.659466	-0.003388
0.658201	-0.003377
0.657098	-0.003369
0.655809	-0.003377
0.654482	-0.003385
0.653298	-0.003383
0.652123	-0.003364
0.650929	-0.003370
0.649827	-0.003389
0.648428	-0.003387
0.647210	-0.003377
0.646012	-0.003382
0.644737	-0.003388
0.643500	-0.003377
0.642278	-0.003376
0.641161	-0.003383
0.639814	-0.003390
0.638468	-0.003384
0.637408	-0.003385
0.636300	-0.003387
0.634768	-0.003389
0.633641	-0.003390
0.632509	-0.003392
0.631273	-0.003391
0.630108	-0.003391
0.629024	-0.003393
0.627754	-0.003393
0.626446	-0.003392
0.625309	-0.003391
0.624039	-0.003386
0.622765	-0.003382
0.621485	-0.003384
0.620439	-0.003392
0.619098	-0.003394
0.617756	-0.003384
0.616691	-0.003381
0.615460	-0.003391
0.614170	-0.003402
0.612934	-0.003394
0.611750	-0.003388
0.610523	-0.003393
0.609243	-0.003403
0.607930	-0.003390
0.606856	-0.003373
0.605552	-0.003382
0.604531	-0.003402
0.603094	-0.003396
0.601862	-0.003384
0.600668	-0.003390
0.599551	-0.003398
0.598104	-0.003392
0.596958	-0.003389
0.595746	-0.003392
0.594476	-0.003392
0.593191	-0.003399
0.592002	-0.003402
0.590790	-0.003407
0.589458	-0.003406
0.588250	-0.003402
0.587161	-0.003409
0.585776	-0.003405
0.584482	-0.003403
0.583475	-0.003403
0.582215	-0.003407
0.580734	-0.003407
0.579675	-0.003400
0.578524	-0.003398
0.577311	-0.003411
0.575836	-0.003408
0.574628	-0.003400
0.573534	-0.003402
0.572279	-0.003407
0.571023	-0.003407
0.569877	-0.003399
0.568574	-0.003403
0.567442	-0.003409
0.566053	-0.003403
0.564831	-0.003397
0.563646	-0.003403
0.562472	-0.003408
0.561192	-0.003407
0.559851	-0.003406
0.558743	-0.003404
0.557616	-0.003407
0.556217	-0.003408
0.554976	-0.003394
0.553849	-0.003396
0.552574	-0.003410
0.551204	-0.003417
0.550034	-0.003408
0.548841	-0.003405
0.547523	-0.003410
0.546301	-0.003413
0.545074	-0.003411
0.543737	-0.003403
0.542534	-0.003402
0.541450	-0.003415
0.540108	-0.003413
0.538852	-0.003406
0.537769	-0.003411
0.536408	-0.003417
0.535119	-0.003413
0.533963	-0.003409
0.532827	-0.003418
0.531447	-0.003408
0.530215	-0.003401
0.529184	-0.003411
0.527881	-0.003413
0.526520	-0.003409
0.525407	-0.003407
0.524171	-0.003409
0.522915	-0.003416
0.521612	-0.003411
0.520547	-0.003406
0.519291	-0.003410
0.517883	-0.003415
0.516789	-0.003403
0.515519	-0.003402
0.514264	-0.003414
0.513046	-0.003413
0.511738	-0.003397
0.510530	-0.003398
0.509317	-0.003416
0.508019	-0.003397
0.506811	-0.003377
0.505636	-0.003389
0.504509	-0.003416
0.503020	-0.003396
0.501888	-0.003381
0.500766	-0.003392
0.499515	-0.003404
0.498064	-0.003386
0.496899	-0.003388
0.495858	-0.003402
0.494535	-0.003409
0.493227	-0.003401
0.492067	-0.003391
0.490954	-0.003390
0.489689	-0.003403
0.488438	-0.003412
0.487135	-0.003395
0.486065	-0.003399
0.484695	-0.003421
0.483430	-0.003405
0.482217	-0.003392
0.480971	-0.003407
0.479701	-0.003418
0.478526	-0.003404
0.477228	-0.003400
0.476024	-0.003400
0.474879	-0.003394
0.473585	-0.003410
0.472281	-0.003407
0.471145	-0.003403
0.469918	-0.003408
0.468543	-0.003421
0.467330	-0.003408
0.466194	-0.003400
0.464967	-0.003413
0.463668	-0.003421
0.462422	-0.003401
0.461410	-0.003398
0.460006	-0.003426
0.458722	-0.003423
0.457547	-0.003407
0.456282	-0.003412
0.455088	-0.003422
0.453852	-0.003421
0.452520	-0.003416
0.451359	-0.003412
0.450275	-0.003417
0.448915	-0.003420
0.447544	-0.003414
0.446590	-0.003420
0.445286	-0.003422
0.443935	-0.003414
0.442708	-0.003405
0.441591	-0.003402
0.440368	-0.003412
0.438946	-0.003421
0.437838	-0.003417
0.436554	-0.003411
0.435303	-0.003416
0.434066	-0.003419
0.432954	-0.003410
0.431550	-0.003410
0.430375	-0.003416
0.429268	-0.003415
0.427912	-0.003409
0.426685	-0.003408
0.425524	-0.003421
0.424226	-0.003413
0.422951	-0.003411
0.421858	-0.003420
0.420578	-0.003413
0.419284	-0.003406
0.418000	-0.003411
0.416968	-0.003413
0.415603	-0.003411
0.414409	-0.003413
0.413168	-0.003409
0.412070	-0.003414
0.410666	-0.003420
0.409372	-0.003397
0.408322	-0.003385
0.407033	-0.003409
0.405615	-0.003418
0.404660	-0.003401
0.403404	-0.003408
0.401996	-0.003413
0.400940	-0.003406
0.399728	-0.003393
0.398472	-0.003407
0.397078	-0.003416
0.395946	-0.003402
0.394652	-0.003400
0.393325	-0.003409
0.392227	-0.003414
0.390957	-0.003414
0.389663	-0.003418
0.388417	-0.003419
0.387214	-0.003416
0.385896	-0.003409
0.384750	-0.003411
0.383628	-0.003419
0.382134	-0.003412
0.380892	-0.003403
0.379861	-0.003395
0.378672	-0.003403
0.377287	-0.003419
0.376070	-0.003407
0.374967	-0.003398
0.373716	-0.003417
0.372317	-0.003414
0.371276	-0.003396
0.370035	-0.003401
0.368665	-0.003422
0.367500	-0.003409
0.366301	-0.003399
0.365050	-0.003409
0.363666	-0.003421
0.362568	-0.003398
0.361383	-0.003394
0.360118	-0.003408
0.359001	-0.003430
0.357583	-0.003418
0.356313	-0.003411
0.355277	-0.003415
0.353921	-0.003428
0.352617	-0.003419
0.351347	-0.003411
0.350245	-0.003412
0.348994	-0.003421
0.347609	-0.003417
0.346539	-0.003408
0.345365	-0.003418
0.343947	-0.003426
0.342787	-0.003419
0.341693	-0.003415
0.340366	-0.003422
0.339001	-0.003421
0.337859	-0.003412
0.336585	-0.003408
0.335439	-0.003416
0.334154	-0.003422
0.332999	-0.003411
0.331781	-0.003410
0.330564	-0.003413
0.329232	-0.003413
0.328010	-0.003409
0.326792	-0.003406
0.325723	-0.003411
0.324357	-0.003414
0.323082	-0.003411
0.321884	-0.003409
0.320690	-0.003404
0.319363	-0.003413
0.318193	-0.003416
0.316947	-0.003413
0.315744	-0.003412
0.314335	-0.003412
0.313213	-0.003403
0.312149	-0.003408
0.310812	-0.003416
0.309523	-0.003417
0.308214	-0.003417
0.307088	-0.003416
0.305818	-0.003412
0.304696	-0.003416
0.303373	-0.003416
0.302041	-0.003413
0.301010	-0.003418
0.299668	-0.003422
0.298365	-0.003416
0.297238	-0.003411
0.296111	-0.003419
0.294688	-0.003418
0.293509	-0.003417
0.292387	-0.003426
0.291069	-0.003415
0.289728	-0.003415
0.288663	-0.003428
0.287359	-0.003419
0.286056	-0.003410
0.284891	-0.003407
0.283745	-0.003413
0.282451	-0.003415
0.281200	-0.003419
0.280011	-0.003424
0.278794	-0.003423
0.277447	-0.003422
0.276263	-0.003416
0.275089	-0.003409
0.273781	-0.003412
0.272592	-0.003421
0.271398	-0.003418
0.270071	-0.003413
0.268853	-0.003424
0.267664	-0.003418
0.266342	-0.003412
0.264981	-0.003418
0.263969	-0.003424
0.262694	-0.003412
0.261548	-0.003409
0.260173	-0.003424
0.259032	-0.003421
0.257705	-0.003413
0.256540	-0.003418
0.255327	-0.003426
0.254143	-0.003416
0.252816	-0.003409
0.251770	-0.003412
0.250366	-0.003426
0.249063	-0.003417
0.247860	-0.003401
0.246809	-0.003406
0.245425	-0.003420
0.244112	-0.003407
0.243028	-0.003391
0.242001	-0.003409
0.240459	-0.003418
0.239223	-0.003405
0.238096	-0.003398
0.236902	-0.003413
0.235355	-0.003422
0.234233	-0.003403
0.233126	-0.003403
0.231765	-0.003425
0.230557	-0.003413
0.229354	-0.003412
0.228117	-0.003411
0.226799	-0.003430
0.225601	-0.003409
0.224398	-0.003402
0.223142	-0.003408
0.222053	-0.003424
0.220578	-0.003421
0.219385	-0.003409
0.218301	-0.003417
0.217102	-0.003424
0.215684	-0.003418
0.214557	-0.003421
0.213426	-0.003426
0.212127	-0.003428
0.210685	-0.003425
0.209640	-0.003419
0.208532	-0.003424
0.207033	-0.003428
0.205839	-0.003414
0.204741	-0.003410
0.203581	-0.003420
0.202153	-0.003428
0.201050	-0.003420
0.199756	-0.003415
0.198506	-0.003426
0.197307	-0.003426
0.196109	-0.003423
0.194786	-0.003419
0.193569	-0.003427
0.192385	-0.003420
0.191033	-0.003409
0.189864	-0.003412
0.188761	-0.003421
0.187472	-0.003428
0.186077	-0.003419
0.184979	-0.003415
0.183853	-0.003420
0.182454	-0.003422
0.181184	-0.003416
0.180062	-0.003419
0.178768	-0.003419
0.177579	-0.003424
0.176400	-0.003421
0.175125	-0.003417
0.173826	-0.003413
0.172747	-0.003418
0.171410	-0.003419
0.170092	-0.003410
0.168980	-0.003418
0.167815	-0.003423
0.166344	-0.003414
0.165141	-0.003402
0.164182	-0.003412
0.162849	-0.003420
0.161408	-0.003415
0.160343	-0.003408
0.159187	-0.003412
0.157798	-0.003408
0.156609	-0.003425
0.155425	-0.003421
0.154274	-0.003417
0.152737	-0.003417
0.151596	-0.003418
0.150417	-0.003417
0.149142	-0.003418
0.147867	-0.003418
0.146769	-0.003422
0.145446	-0.003425
0.144129	-0.003427
0.143016	-0.003421
0.141837	-0.003412
0.140567	-0.003418
0.139426	-0.003432
0.138160	-0.003421
0.136742	-0.003403
0.135639	-0.003406
0.134584	-0.003424
0.133123	-0.003425
0.131906	-0.003416
0.130793	-0.003417
0.129552	-0.003430
0.128139	-0.003431
0.126993	-0.003422
0.125933	-0.003420
0.124563	-0.003423
0.123321	-0.003430
0.122085	-0.003425
0.120848	-0.003420
0.119659	-0.003424
0.118413	-0.003423
0.117186	-0.003415
0.115892	-0.003420
0.114632	-0.003426
0.113500	-0.003416
0.112177	-0.003413
0.110893	-0.003424
0.109766	-0.003415
0.108496	-0.003411
0.107193	-0.003418
0.106090	-0.003424
0.104829	-0.003419
0.103531	-0.003419
0.102352	-0.003417
0.101182	-0.003421
0.099854	-0.003424
0.098642	-0.003425
0.097505	-0.003426
0.096259	-0.003427
0.094927	-0.003422
0.093743	-0.003406
0.092583	-0.003408
0.091213	-0.003415
0.090014	-0.003425
0.088863	-0.003424
0.087536	-0.003415
0.086319	-0.003415
0.085178	-0.003423
0.083893	-0.003422
0.082556	-0.003417
0.081358	-0.003412
0.080308	-0.003415
0.078870	-0.003423
0.077577	-0.003426
0.076435	-0.003418
0.075218	-0.003418
0.073876	-0.003429
0.072630	-0.003433
0.071436	-0.003419
0.070190	-0.003418
0.069083	-0.003435
0.067751	-0.003427
0.066500	-0.003412
0.065335	-0.003415
0.064112	-0.003428
0.062737	-0.003410
0.061577	-0.003409
0.060431	-0.003420
0.059137	-0.003434
0.057791	-0.003418
0.056788	-0.003411
0.055623	-0.003430
0.054220	-0.003429
0.052940	-0.003426
0.051861	-0.003424
0.050581	-0.003426
0.049273	-0.003433
0.048070	-0.003424
0.046805	-0.003418
0.045568	-0.003426
0.044351	-0.003436
0.043162	-0.003419
0.041749	-0.003406
0.040712	-0.003423
0.039466	-0.003436
0.038149	-0.003417
0.036883	-0.003415
0.035704	-0.003425
0.034544	-0.003431
0.033164	-0.003428
0.031894	-0.003427
0.030848	-0.003433
0.029545	-0.003430
0.028280	-0.003430
0.027086	-0.003431
0.025883	-0.003427
0.024641	-0.003431
0.023405	-0.003427
0.022178	-0.003427
0.020831	-0.003433
0.019609	-0.003430
0.018487	-0.003427
0.017260	-0.003425
0.016033	-0.003429
0.014873	-0.003431
0.013517	-0.003422
0.012199	-0.003412
0.011130	-0.003418
0.009998	-0.003430
0.008504	-0.003432
0.007253	-0.003425
0.006212	-0.003426
0.004861	-0.003429
0.003524	-0.003425
0.002402	-0.003422
0.001308	-0.003416
-4.282979E-5	-0.003419
-0.001198	-0.003421
-0.002320	-0.003422
-0.003657	-0.003427
-0.004937	-0.003427
-0.006188	-0.003427
-0.007415	-0.003417
-0.008756	-0.003416
-0.009797	-0.003431
-0.010976	-0.003431
-0.012375	-0.003421
-0.013550	-0.003424
-0.014596	-0.003431
-0.016080	-0.003428
-0.017284	-0.003421
-0.018430	-0.003423
-0.019695	-0.003427
-0.021013	-0.003428
-0.022130	-0.003422
-0.023381	-0.003425
-0.024617	-0.003428
-0.026011	-0.003431
-0.026976	-0.003420
-0.028203	-0.003422
-0.029559	-0.003419
-0.030796	-0.003420
-0.032018	-0.003426
-0.033350	-0.003423
-0.034496	-0.003421
-0.035618	-0.003419
-0.036983	-0.003428
-0.038334	-0.003422
-0.039409	-0.003418
-0.040679	-0.003422
-0.041949	-0.003430
-0.043095	-0.003433
-0.044307	-0.003427
-0.045730	-0.003425
-0.046790	-0.003431
-0.048012	-0.003435
-0.049278	-0.003433
-0.050610	-0.003430
-0.051727	-0.003437
-0.053145	-0.003427
-0.054172	-0.003421
-0.055332	-0.003432
-0.056654	-0.003437
-0.058015	-0.003424
-0.059151	-0.003422
-0.060302	-0.003423
-0.061553	-0.003427
-0.062918	-0.003425
-0.064040	-0.003411
-0.065205	-0.003410
-0.066614	-0.003422
-0.067784	-0.003425
-0.068996	-0.003412
-0.070190	-0.003418
-0.071508	-0.003423
-0.072706	-0.003407
-0.073847	-0.003412
-0.075208	-0.003421
-0.076392	-0.003423
-0.077638	-0.003411
-0.078899	-0.003421
-0.080107	-0.003440
-0.081477	-0.003435
-0.082699	-0.003424
-0.083907	-0.003425
-0.085096	-0.003434
-0.086414	-0.003427
-0.087698	-0.003417
-0.088706	-0.003427
-0.090095	-0.003436
-0.091394	-0.003435
-0.092501	-0.003429
-0.093690	-0.003428
-0.095089	-0.003425
-0.096202	-0.003431
-0.097362	-0.003443
-0.098751	-0.003421
