1.198899	0.004797
1.197628	0.004690
1.196399	0.004622
1.195186	0.004565
1.193951	0.004508
1.192705	0.004448
1.191474	0.004391
1.190261	0.004336
1.189033	0.004279
1.187748	0.004219
1.186534	0.004165
1.185307	0.004113
1.184080	0.004056
1.182745	0.003995
1.181522	0.003942
1.180286	0.003893
1.179994	0.003877
1.179164	0.003821
1.177818	0.003745
1.176529	0.003672
1.175316	0.003598
1.174132	0.003526
1.172881	0.003456
1.171640	0.003387
1.170422	0.003315
1.169176	0.003244
1.167882	0.003173
1.166689	0.003105
1.165433	0.003034
1.164196	0.002968
1.163003	0.002903
1.161733	0.002835
1.160596	0.002768
1.159298	0.002704
1.158085	0.002637
1.156839	0.002572
1.155583	0.002508
1.154361	0.002444
1.153177	0.002379
1.151835	0.002316
1.150708	0.002255
1.149481	0.002192
1.148183	0.002127
1.146960	0.002068
1.145719	0.002005
1.144521	0.001944
1.143270	0.001883
1.142047	0.001823
1.140773	0.001762
1.139569	0.001700
1.138323	0.001641
1.137053	0.001584
1.135864	0.001525
1.134609	0.001464
1.133401	0.001407
1.132116	0.001351
1.130880	0.001292
1.129719	0.001235
1.128392	0.001176
1.127136	0.001122
1.125991	0.001067
1.124716	0.001013
1.123479	0.000962
1.122281	0.000908
1.121063	0.000850
1.119798	0.000793
1.118600	0.000736
1.117291	0.000688
1.116179	0.000634
1.114919	0.000580
1.113596	0.000530
1.112417	0.000479
1.111204	0.000424
1.109967	0.000373
1.108678	0.000323
1.107466	0.000274
1.106258	0.000223
1.104968	0.000174
1.103751	0.000122
1.102538	7.615311E-5
1.101206	3.028842E-5
1.100070	-2.044939E-5
1.098838	-6.664851E-5
1.097592	-0.000111
1.096379	-0.000156
1.095071	-0.000206
1.093920	-0.000252
1.092636	-0.000296
1.091399	-0.000346
1.090163	-0.000385
1.088907	-0.000431
1.087642	-0.000478
1.086410	-0.000519
1.085254	-0.000555
1.084018	-0.000597
1.082819	-0.000644
1.081578	-0.000684
1.080318	-0.000721
1.079033	-0.000763
1.077859	-0.000810
1.076627	-0.000850
1.075419	-0.000886
1.074149	-0.000927
1.072884	-0.000969
1.071681	-0.001005
1.070477	-0.001034
1.069284	-0.001076
1.067961	-0.001122
1.066734	-0.001155
1.065555	-0.001185
1.064261	-0.001221
1.063058	-0.001263
1.061726	-0.001294
1.060537	-0.001323
1.059310	-0.001361
1.058059	-0.001401
1.056808	-0.001433
1.055595	-0.001461
1.054330	-0.001498
1.053127	-0.001535
1.051895	-0.001561
1.050701	-0.001589
1.049393	-0.001628
1.048161	-0.001654
1.046915	-0.001686
1.045693	-0.001711
1.044499	-0.001742
1.043315	-0.001772
1.042012	-0.001799
1.040804	-0.001829
1.039586	-0.001861
1.038373	-0.001887
1.037132	-0.001912
1.035967	-0.001940
1.034649	-0.001971
1.033384	-0.001991
1.032200	-0.002012
1.031026	-0.002043
1.029660	-0.002073
1.028428	-0.002092
1.027230	-0.002110
1.025979	-0.002136
1.024680	-0.002170
1.023491	-0.002198
1.022212	-0.002215
1.021004	-0.002233
1.019791	-0.002261
1.018459	-0.002279
1.017208	-0.002296
1.016076	-0.002320
1.014778	-0.002350
1.013560	-0.002370
1.012243	-0.002380
1.011187	-0.002397
1.009917	-0.002431
1.008523	-0.002446
1.007416	-0.002459
1.006179	-0.002483
1.004914	-0.002498
1.003725	-0.002519
1.002522	-0.002534
1.001247	-0.002554
0.999996	-0.002572
0.998778	-0.002587
0.997589	-0.002600
0.996286	-0.002615
0.995226	-0.002634
0.993832	-0.002648
0.992634	-0.002659
0.991430	-0.002675
0.990199	-0.002690
0.988905	-0.002708
0.987668	-0.002725
0.986517	-0.002733
0.985219	-0.002744
0.983920	-0.002758
0.982793	-0.002778
0.981466	-0.002791
0.980205	-0.002798
0.979041	-0.002813
0.977861	-0.002833
0.976467	-0.002838
0.975302	-0.002843
0.974213	-0.002863
0.972795	-0.002884
0.971487	-0.002882
0.970298	-0.002890
0.969281	-0.002908
0.967825	-0.002923
0.966632	-0.002926
0.965519	-0.002935
0.964244	-0.002945
0.962984	-0.002955
0.961804	-0.002964
0.960491	-0.002968
0.959293	-0.002971
0.958066	-0.002980
0.956901	-0.002998
0.955593	-0.003014
0.954313	-0.003017
0.953129	-0.003016
0.952012	-0.003024
0.950685	-0.003040
0.949386	-0.003053
0.948207	-0.003056
0.946932	-0.003053
0.945662	-0.003058
0.944516	-0.003066
0.943284	-0.003077
0.941947	-0.003084
0.940773	-0.003082
0.939593	-0.003083
0.938357	-0.003098
0.937049	-0.003111
0.935812	-0.003109
0.934652	-0.003118
0.933272	-0.003130
0.932155	-0.003143
0.930818	-0.003148
0.929533	-0.003150
0.928474	-0.003158
0.927251	-0.003164
0.925900	-0.003169
0.924687	-0.003172
0.923604	-0.003175
0.922267	-0.003175
0.920973	-0.003169
0.919922	-0.003200
0.918581	-0.003201
0.917296	-0.003192
0.916151	-0.003208
0.914928	-0.003208
0.913601	-0.003206
0.912417	-0.003217
0.911166	-0.003238
0.909915	-0.003224
0.908717	-0.003219
0.907609	-0.003236
0.906243	-0.003245
0.904921	-0.003244
0.903722	-0.003240
0.902596	-0.003244
0.901345	-0.003260
0.899965	-0.003272
0.898829	-0.003263
0.897716	-0.003267
0.896327	-0.003285
0.895152	-0.003283
0.893949	-0.003278
0.892708	-0.003282
0.891376	-0.003291
0.890187	-0.003292
0.888969	-0.003289
0.887666	-0.003292
0.886520	-0.003300
0.885350	-0.003304
0.883932	-0.003306
0.882772	-0.003308
0.881659	-0.003317
0.880361	-0.003322
0.879000	-0.003318
0.877993	-0.003317
0.876780	-0.003327
0.875305	-0.003335
0.874135	-0.003326
0.873094	-0.003327
0.871810	-0.003337
0.870439	-0.003338
0.869351	-0.003337
0.867980	-0.003336
0.866701	-0.003343
0.865555	-0.003352
0.864261	-0.003348
0.863001	-0.003340
0.861773	-0.003343
0.860604	-0.003359
0.859243	-0.003356
0.858116	-0.003351
0.857009	-0.003359
0.855538	-0.003368
0.854330	-0.003351
0.853222	-0.003352
0.851967	-0.003367
0.850467	-0.003363
0.849379	-0.003349
0.848266	-0.003354
0.847058	-0.003372
0.845574	-0.003367
0.844542	-0.003357
0.843454	-0.003359
0.842026	-0.003369
0.840899	-0.003376
0.839610	-0.003371
0.838450	-0.003374
0.837151	-0.003380
0.835934	-0.003380
0.834683	-0.003374
0.833370	-0.003378
0.832214	-0.003390
0.830973	-0.003387
0.829641	-0.003386
0.828567	-0.003390
0.827311	-0.003400
0.825860	-0.003389
0.824800	-0.003386
0.823654	-0.003394
0.822317	-0.003400
0.821028	-0.003403
0.819834	-0.003397
0.818698	-0.003392
0.817270	-0.003392
0.816100	-0.003402
0.815050	-0.003402
0.813642	-0.003397
0.812405	-0.003395
0.811350	-0.003401
0.809946	-0.003406
0.808581	-0.003403
0.807463	-0.003392
0.806456	-0.003408
0.805062	-0.003412
0.803911	-0.003403
0.802608	-0.003410
0.801314	-0.003417
0.799986	-0.003406
0.798989	-0.003401
0.797709	-0.003419
0.796477	-0.003422
0.795145	-0.003413
0.794123	-0.003411
0.792796	-0.003415
0.791411	-0.003426
0.790208	-0.003416
0.789058	-0.003409
0.787778	-0.003416
0.786618	-0.003430
0.785386	-0.003431
0.784130	-0.003419
0.782817	-0.003423
0.781719	-0.003430
0.780483	-0.003433
0.779136	-0.003441
0.777942	-0.003449
0.776553	-0.003435
0.775383	-0.003422
0.774357	-0.003438
0.773010	-0.003448
0.771697	-0.003438
0.770528	-0.003434
0.769420	-0.003442
0.768026	-0.003450
0.766832	-0.003448
0.765677	-0.003448
0.764454	-0.003449
0.763079	-0.003443
0.761891	-0.003443
0.760778	-0.003449
0.759513	-0.003452
0.758205	-0.003451
0.757092	-0.003444
0.755736	-0.003436
0.754528	-0.003437
0.753378	-0.003451
0.752165	-0.003453
0.750838	-0.003445
0.749544	-0.003438
0.748512	-0.003445
0.747104	-0.003452
0.745872	-0.003450
0.744721	-0.003442
0.743437	-0.003444
0.742086	-0.003451
0.740864	-0.003460
0.739713	-0.003452
0.738495	-0.003450
0.737287	-0.003467
0.736041	-0.003459
0.734781	-0.003450
0.733430	-0.003447
0.732389	-0.003456
0.731114	-0.003456
0.729729	-0.003442
0.728655	-0.003436
0.727600	-0.003447
0.726277	-0.003465
0.724759	-0.003456
0.723747	-0.003445
0.722592	-0.003453
0.721183	-0.003467
0.719961	-0.003463
0.718662	-0.003449
0.717540	-0.003451
0.716342	-0.003467
0.715138	-0.003464
0.713883	-0.003456
0.712560	-0.003460
0.711448	-0.003474
0.710101	-0.003466
0.708793	-0.003458
0.707590	-0.003459
0.706492	-0.003468
0.705098	-0.003472
0.703837	-0.003469
0.702782	-0.003472
0.701436	-0.003479
0.700065	-0.003467
0.699005	-0.003454
0.697907	-0.003460
0.696556	-0.003476
0.695224	-0.003470
0.694054	-0.003452
0.692851	-0.003451
0.691643	-0.003469
0.690364	-0.003476
0.689027	-0.003461
0.687843	-0.003463
0.686749	-0.003474
0.685417	-0.003474
0.684171	-0.003462
0.682968	-0.003468
0.681874	-0.003484
0.680557	-0.003478
0.679129	-0.003465
0.678146	-0.003464
0.676861	-0.003473
0.675582	-0.003482
0.674273	-0.003477
0.673175	-0.003470
0.671910	-0.003478
0.670573	-0.003490
0.669313	-0.003473
0.668162	-0.003456
0.666968	-0.003462
0.665732	-0.003487
0.664509	-0.003483
0.663058	-0.003465
0.662017	-0.003461
0.660962	-0.003472
0.659496	-0.003485
0.658188	-0.003475
0.657133	-0.003464
0.655930	-0.003467
0.654493	-0.003477
0.653390	-0.003486
0.652158	-0.003488
0.650821	-0.003481
0.649599	-0.003478
0.648501	-0.003481
0.647226	-0.003478
0.645913	-0.003471
0.644719	-0.003470
0.643597	-0.003476
0.642203	-0.003484
0.640985	-0.003476
0.639854	-0.003474
0.638603	-0.003481
0.637295	-0.003485
0.636206	-0.003478
0.634817	-0.003473
0.633585	-0.003478
0.632453	-0.003494
0.631217	-0.003481
0.630152	-0.003479
0.628973	-0.003485
0.627822	-0.003494
0.626433	-0.003483
0.625177	-0.003473
0.624088	-0.003484
0.622876	-0.003494
0.621429	-0.003480
0.620340	-0.003477
0.619195	-0.003486
0.617786	-0.003488
0.616492	-0.003481
0.615470	-0.003480
0.614277	-0.003490
0.612735	-0.003486
0.611699	-0.003481
0.610600	-0.003477
0.609316	-0.003487
0.608027	-0.003486
0.606862	-0.003489
0.605492	-0.003485
0.604265	-0.003485
0.603114	-0.003488
0.601892	-0.003480
0.600478	-0.003472
0.599371	-0.003473
0.598354	-0.003485
0.596893	-0.003493
0.595546	-0.003476
0.594553	-0.003475
0.593264	-0.003488
0.591832	-0.003492
0.590719	-0.003480
0.589511	-0.003475
0.588308	-0.003485
0.587072	-0.003495
0.585701	-0.003482
0.584532	-0.003475
0.583276	-0.003483
0.582202	-0.003489
0.580841	-0.003487
0.579513	-0.003478
0.578401	-0.003476
0.577289	-0.003485
0.575804	-0.003479
0.574648	-0.003473
0.573545	-0.003475
0.572256	-0.003487
0.570981	-0.003477
0.569836	-0.003472
0.568618	-0.003482
0.567253	-0.003493
0.566049	-0.003477
0.565009	-0.003475
0.563676	-0.003485
0.562292	-0.003490
0.561184	-0.003482
0.559971	-0.003477
0.558673	-0.003490
0.557479	-0.003487
0.556228	-0.003474
0.555140	-0.003475
0.553765	-0.003483
0.552580	-0.003490
0.551172	-0.003479
0.549849	-0.003476
0.548804	-0.003480
0.547524	-0.003486
0.546159	-0.003482
0.545104	-0.003480
0.543958	-0.003483
0.542530	-0.003483
0.541193	-0.003473
0.540100	-0.003460
0.539040	-0.003478
0.537641	-0.003495
0.536352	-0.003478
0.535301	-0.003470
0.533936	-0.003485
0.532676	-0.003485
0.531625	-0.003483
0.530260	-0.003484
0.528904	-0.003488
0.527977	-0.003494
0.526545	-0.003484
0.525237	-0.003466
0.524339	-0.003485
0.522888	-0.003508
0.521498	-0.003470
0.520462	-0.003467
0.519321	-0.003497
0.517984	-0.003492
0.516581	-0.003472
0.515554	-0.003478
0.514255	-0.003488
0.512957	-0.003492
0.511744	-0.003494
0.510627	-0.003486
0.509319	-0.003487
0.507986	-0.003501
0.506798	-0.003491
0.505628	-0.003487
0.504324	-0.003495
0.503112	-0.003495
0.501971	-0.003487
0.500529	-0.003484
0.499459	-0.003490
0.498266	-0.003493
0.496876	-0.003492
0.495534	-0.003485
0.494503	-0.003484
0.493348	-0.003496
0.491906	-0.003496
0.490836	-0.003485
0.489786	-0.003487
0.488444	-0.003496
0.487041	-0.003493
0.485928	-0.003487
0.484663	-0.003478
0.483445	-0.003487
0.482247	-0.003500
0.481010	-0.003486
0.479693	-0.003474
0.478523	-0.003483
0.477219	-0.003486
0.476031	-0.003473
0.474656	-0.003463
0.473806	-0.003471
0.472364	-0.003476
0.470955	-0.003464
0.470053	-0.003476
0.468740	-0.003502
0.467226	-0.003475
0.466095	-0.003475
0.464954	-0.003490
0.463765	-0.003502
0.462309	-0.003489
0.461258	-0.003466
0.460160	-0.003466
0.458742	-0.003491
0.457462	-0.003497
0.456302	-0.003482
0.455018	-0.003484
0.453800	-0.003486
0.452635	-0.003477
0.451442	-0.003481
0.450153	-0.003497
0.448840	-0.003493
0.447737	-0.003477
0.446486	-0.003493
0.445087	-0.003497
0.444060	-0.003482
0.442790	-0.003489
0.441520	-0.003488
0.440441	-0.003506
0.439009	-0.003494
0.437677	-0.003477
0.436636	-0.003496
0.435313	-0.003498
0.434034	-0.003481
0.432835	-0.003484
0.431804	-0.003499
0.430305	-0.003489
0.429064	-0.003473
0.427999	-0.003474
0.426906	-0.003492
0.425349	-0.003485
0.424103	-0.003473
0.423105	-0.003477
0.421763	-0.003490
0.420403	-0.003479
0.419276	-0.003470
0.418192	-0.003468
0.416803	-0.003489
0.415466	-0.003488
0.414387	-0.003467
0.413207	-0.003470
0.411961	-0.003498
0.410624	-0.003489
0.409526	-0.003468
0.408209	-0.003476
0.406948	-0.003499
0.405797	-0.003486
0.404546	-0.003472
0.403348	-0.003476
0.402240	-0.003500
0.400775	-0.003500
0.399581	-0.003492
0.398383	-0.003494
0.397208	-0.003499
0.395771	-0.003507
0.394635	-0.003495
0.393326	-0.003497
0.392071	-0.003507
0.390681	-0.003501
0.389726	-0.003491
0.388399	-0.003491
0.387100	-0.003508
0.385921	-0.003499
0.384766	-0.003487
0.383543	-0.003496
0.382082	-0.003506
0.381075	-0.003495
0.379776	-0.003489
0.378454	-0.003498
0.377446	-0.003494
0.376076	-0.003491
0.374711	-0.003481
0.373598	-0.003485
0.372476	-0.003487
0.371144	-0.003476
0.369960	-0.003485
0.368742	-0.003495
0.367439	-0.003484
0.366050	-0.003470
0.365171	-0.003477
0.363920	-0.003490
0.362483	-0.003491
0.361328	-0.003482
0.360282	-0.003484
0.358792	-0.003482
0.357632	-0.003486
0.356534	-0.003497
0.355254	-0.003493
0.353765	-0.003482
0.352695	-0.003489
0.351478	-0.003500
0.350098	-0.003482
0.348861	-0.003475
0.347797	-0.003487
0.346455	-0.003489
0.345171	-0.003493
0.344020	-0.003490
0.342946	-0.003495
0.341394	-0.003485
0.340277	-0.003476
0.339136	-0.003489
0.337823	-0.003481
0.336557	-0.003481
0.335488	-0.003492
0.334299	-0.003498
0.332795	-0.003494
0.331687	-0.003489
0.330608	-0.003488
0.329357	-0.003487
0.327987	-0.003495
0.326779	-0.003497
0.325600	-0.003488
0.324249	-0.003488
0.323170	-0.003500
0.321990	-0.003495
0.320610	-0.003495
0.319321	-0.003494
0.318137	-0.003485
0.316905	-0.003483
0.315674	-0.003501
0.314423	-0.003498
0.313344	-0.003486
0.311921	-0.003493
0.310770	-0.003514
0.309457	-0.003498
0.308259	-0.003482
0.307122	-0.003498
0.305838	-0.003508
0.304597	-0.003488
0.303217	-0.003482
0.302157	-0.003496
0.300935	-0.003504
0.299493	-0.003492
0.298333	-0.003489
0.297263	-0.003484
0.295964	-0.003491
0.294647	-0.003497
0.293529	-0.003490
0.292283	-0.003486
0.291051	-0.003488
0.289719	-0.003495
0.288621	-0.003478
0.287428	-0.003463
0.286210	-0.003491
0.284821	-0.003501
0.283660	-0.003484
0.282343	-0.003483
0.281206	-0.003494
0.279989	-0.003496
0.278566	-0.003489
0.277473	-0.003490
0.276322	-0.003489
0.275004	-0.003488
0.273782	-0.003496
0.272517	-0.003494
0.271390	-0.003484
0.269967	-0.003500
0.268702	-0.003504
0.267537	-0.003489
0.266362	-0.003489
0.265131	-0.003505
0.263870	-0.003506
0.262638	-0.003488
0.261440	-0.003484
0.260299	-0.003502
0.258952	-0.003500
0.257658	-0.003492
0.256608	-0.003493
0.255276	-0.003498
0.253968	-0.003507
0.252702	-0.003498
0.251647	-0.003490
0.250473	-0.003494
0.249112	-0.003508
0.247761	-0.003492
0.246715	-0.003489
0.245421	-0.003488
0.244247	-0.003500
0.243024	-0.003497
0.241764	-0.003494
0.240389	-0.003492
0.239253	-0.003501
0.238064	-0.003497
0.236713	-0.003496
0.235428	-0.003499
0.234378	-0.003508
0.232869	-0.003490
0.231695	-0.003470
0.230687	-0.003481
0.229422	-0.003499
0.227999	-0.003491
0.226777	-0.003496
0.225516	-0.003493
0.224404	-0.003495
0.223096	-0.003502
0.222007	-0.003494
0.220661	-0.003498
0.219271	-0.003496
0.218250	-0.003495
0.217008	-0.003499
0.215667	-0.003506
0.214497	-0.003503
0.213389	-0.003506
0.212043	-0.003503
0.210730	-0.003490
0.209703	-0.003484
0.208514	-0.003496
0.207068	-0.003509
0.205898	-0.003499
0.204742	-0.003496
0.203482	-0.003495
0.202198	-0.003505
0.200980	-0.003501
0.199691	-0.003493
0.198388	-0.003487
0.197371	-0.003504
0.196000	-0.003508
0.194644	-0.003486
0.193527	-0.003482
0.192462	-0.003490
0.191011	-0.003497
0.189750	-0.003491
0.188590	-0.003481
0.187525	-0.003488
0.186127	-0.003500
0.184880	-0.003500
0.183735	-0.003490
0.182441	-0.003484
0.181161	-0.003490
0.180082	-0.003498
0.178807	-0.003499
0.177418	-0.003484
0.176363	-0.003480
0.175179	-0.003486
0.173928	-0.003489
0.172639	-0.003493
0.171488	-0.003490
0.170141	-0.003494
0.168824	-0.003494
0.167740	-0.003498
0.166532	-0.003495
0.165205	-0.003493
0.163982	-0.003499
0.162836	-0.003497
0.161519	-0.003489
0.160287	-0.003489
0.159050	-0.003499
0.157838	-0.003488
0.156505	-0.003482
0.155374	-0.003489
0.154209	-0.003506
0.152834	-0.003497
0.151521	-0.003492
0.150480	-0.003505
0.149052	-0.003504
0.147921	-0.003490
0.146794	-0.003498
0.145543	-0.003499
0.144202	-0.003492
0.143103	-0.003501
0.141738	-0.003508
0.140520	-0.003509
0.139246	-0.003502
0.138157	-0.003503
0.136954	-0.003508
0.135545	-0.003497
0.134461	-0.003498
0.133344	-0.003500
0.131898	-0.003506
0.130613	-0.003500
0.129572	-0.003492
0.128350	-0.003500
0.126956	-0.003506
0.125748	-0.003501
0.124573	-0.003486
0.123284	-0.003487
0.122181	-0.003505
0.120797	-0.003501
0.119637	-0.003489
0.118328	-0.003490
0.117168	-0.003501
0.115846	-0.003495
0.114585	-0.003487
0.113439	-0.003490
0.112327	-0.003496
0.111004	-0.003508
0.109624	-0.003505
0.108641	-0.003503
0.107304	-0.003497
0.106048	-0.003508
0.104812	-0.003507
0.103575	-0.003496
0.102152	-0.003487
0.100992	-0.003490
0.099861	-0.003483
0.098724	-0.003475
0.097454	-0.003504
0.096098	-0.003496
0.095038	-0.003485
0.093654	-0.003490
0.092517	-0.003500
0.091386	-0.003504
0.090035	-0.003507
0.088574	-0.003490
0.087600	-0.003489
0.086439	-0.003499
0.085026	-0.003516
0.083837	-0.003500
0.082653	-0.003483
0.081440	-0.003502
0.080032	-0.003510
0.078939	-0.003498
0.077673	-0.003497
0.076322	-0.003500
0.075191	-0.003507
0.073906	-0.003501
0.072579	-0.003495
0.071447	-0.003493
0.070268	-0.003492
0.069031	-0.003495
0.067642	-0.003504
0.066582	-0.003511
0.065288	-0.003504
0.064061	-0.003493
0.062844	-0.003493
0.061683	-0.003502
0.060285	-0.003508
0.059115	-0.003508
0.057897	-0.003504
0.056704	-0.003498
0.055391	-0.003506
0.054235	-0.003508
0.053042	-0.003506
0.051657	-0.003502
0.050554	-0.003506
0.049365	-0.003508
0.047957	-0.003491
0.046811	-0.003492
0.045651	-0.003510
0.044299	-0.003489
0.043063	-0.003486
0.041922	-0.003504
0.040781	-0.003498
0.039401	-0.003486
0.038159	-0.003488
0.036942	-0.003505
0.035696	-0.003499
0.034507	-0.003491
0.033261	-0.003494
0.032019	-0.003496
0.030711	-0.003499
0.029479	-0.003497
0.028276	-0.003492
0.027097	-0.003488
0.025827	-0.003494
0.024614	-0.003498
0.023349	-0.003482
0.022246	-0.003483
0.020885	-0.003492
0.019773	-0.003497
0.018436	-0.003495
0.017185	-0.003497
0.016063	-0.003497
0.014822	-0.003493
0.013475	-0.003492
0.012367	-0.003505
0.011117	-0.003511
0.009775	-0.003506
0.008534	-0.003493
0.007502	-0.003495
0.006184	-0.003507
0.004714	-0.003503
0.003644	-0.003489
0.002503	-0.003495
0.001209	-0.003505
-0.000127	-0.003512
-0.001159	-0.003504
-0.002438	-0.003498
-0.003775	-0.003495
-0.004778	-0.003514
-0.006167	-0.003511
-0.007495	-0.003496
-0.008531	-0.003499
-0.009743	-0.003520
-0.011257	-0.003508
-0.012393	-0.003492
-0.013386	-0.003500
-0.014742	-0.003516
-0.016074	-0.003502
-0.017249	-0.003505
-0.018466	-0.003512
-0.019808	-0.003514
-0.020930	-0.003504
-0.022000	-0.003505
-0.023413	-0.003513
-0.024692	-0.003520
-0.025800	-0.003513
-0.027070	-0.003507
-0.028350	-0.003517
-0.029529	-0.003514
-0.030703	-0.003508
-0.032045	-0.003510
-0.033243	-0.003511
-0.034361	-0.003514
-0.035712	-0.003514
-0.037168	-0.003512
-0.038176	-0.003511
-0.039398	-0.003507
-0.040716	-0.003509
-0.041928	-0.003519
-0.043093	-0.003499
-0.044397	-0.003486
-0.045667	-0.003499
-0.046813	-0.003507
-0.048097	-0.003504
-0.049420	-0.003489
-0.050503	-0.003487
-0.051582	-0.003502
-0.053043	-0.003505
-0.054294	-0.003492
-0.055464	-0.003482
-0.056672	-0.003490
-0.057990	-0.003507
-0.059250	-0.003493
-0.060411	-0.003478
-0.061533	-0.003483
-0.062788	-0.003498
-0.064015	-0.003505
-0.065500	-0.003488
-0.066555	-0.003485
-0.067687	-0.003496
-0.068971	-0.003502
-0.070375	-0.003499
-0.071478	-0.003490
-0.072547	-0.003507
-0.073999	-0.003508
-0.075278	-0.003500
-0.076334	-0.003501
-0.077670	-0.003512
-0.079079	-0.003494
-0.080096	-0.003486
-0.081304	-0.003499
-0.082679	-0.003516
-0.083911	-0.003511
-0.085123	-0.003497
-0.086307	-0.003505
-0.087678	-0.003516
-0.088848	-0.003507
-0.090017	-0.003499
-0.091306	-0.003501
-0.092557	-0.003512
-0.093698	-0.003513
-0.095059	-0.003502
-0.096315	-0.003503
-0.097394	-0.003506
-0.098659	-0.003511
