-0.099315	-0.003432
-0.098099	-0.003402
-0.096870	-0.003392
-0.095667	-0.003371
-0.094364	-0.003374
-0.093159	-0.003372
-0.091919	-0.003368
-0.090706	-0.003368
-0.089447	-0.003361
-0.088232	-0.003349
-0.087036	-0.003346
-0.085794	-0.003345
-0.084496	-0.003337
-0.083284	-0.003342
-0.082050	-0.003334
-0.080832	-0.003333
-0.080539	-0.003333
-0.079138	-0.003328
-0.077987	-0.003326
-0.076755	-0.003329
-0.075533	-0.003330
-0.074282	-0.003323
-0.073041	-0.003316
-0.071690	-0.003320
-0.070534	-0.003327
-0.069379	-0.003327
-0.068128	-0.003324
-0.066858	-0.003314
-0.065702	-0.003313
-0.064284	-0.003320
-0.063253	-0.003324
-0.061983	-0.003310
-0.060708	-0.003313
-0.059400	-0.003326
-0.058350	-0.003327
-0.057123	-0.003318
-0.055738	-0.003318
-0.054492	-0.003325
-0.053465	-0.003322
-0.052033	-0.003318
-0.050844	-0.003314
-0.049698	-0.003326
-0.048524	-0.003324
-0.047168	-0.003321
-0.045993	-0.003319
-0.044675	-0.003329
-0.043487	-0.003319
-0.042260	-0.003301
-0.041009	-0.003308
-0.039567	-0.003325
-0.038531	-0.003323
-0.037332	-0.003318
-0.035981	-0.003321
-0.034721	-0.003326
-0.033651	-0.003321
-0.032357	-0.003316
-0.031049	-0.003316
-0.029879	-0.003322
-0.028791	-0.003321
-0.027330	-0.003320
-0.026155	-0.003313
-0.024990	-0.003316
-0.023682	-0.003325
-0.022512	-0.003308
-0.021304	-0.003307
-0.020025	-0.003312
-0.018821	-0.003316
-0.017714	-0.003318
-0.016458	-0.003310
-0.015097	-0.003304
-0.013856	-0.003309
-0.012638	-0.003314
-0.011402	-0.003314
-0.010242	-0.003308
-0.009024	-0.003303
-0.007601	-0.003304
-0.006474	-0.003307
-0.005300	-0.003310
-0.004001	-0.003315
-0.002736	-0.003309
-0.001609	-0.003306
-0.000387	-0.003315
0.000816	-0.003318
0.002077	-0.003313
0.003223	-0.003303
0.004660	-0.003304
0.005915	-0.003317
0.006918	-0.003306
0.008365	-0.003303
0.009539	-0.003309
0.010747	-0.003322
0.011874	-0.003307
0.013249	-0.003296
0.014438	-0.003309
0.015655	-0.003316
0.017007	-0.003299
0.018205	-0.003297
0.019279	-0.003302
0.020640	-0.003307
0.021786	-0.003301
0.023013	-0.003300
0.024407	-0.003311
0.025496	-0.003308
0.026723	-0.003305
0.028002	-0.003310
0.029263	-0.003310
0.030433	-0.003308
0.031593	-0.003305
0.032915	-0.003306
0.034128	-0.003302
0.035250	-0.003299
0.036659	-0.003302
0.037957	-0.003300
0.039017	-0.003302
0.040349	-0.003297
0.041667	-0.003295
0.042736	-0.003297
0.043997	-0.003300
0.045319	-0.003299
0.046580	-0.003302
0.047592	-0.003301
0.048929	-0.003292
0.050242	-0.003284
0.051417	-0.003288
0.052653	-0.003293
0.053980	-0.003293
0.055088	-0.003292
0.056387	-0.003299
0.057657	-0.003301
0.058774	-0.003292
0.059968	-0.003294
0.061319	-0.003295
0.062455	-0.003290
0.063768	-0.003299
0.065005	-0.003290
0.066203	-0.003292
0.067392	-0.003298
0.068648	-0.003301
0.069923	-0.003297
0.070997	-0.003298
0.072305	-0.003298
0.073594	-0.003291
0.074945	-0.003299
0.075972	-0.003311
0.077261	-0.003300
0.078622	-0.003286
0.079844	-0.003299
0.081076	-0.003311
0.082207	-0.003294
0.083501	-0.003281
0.084838	-0.003288
0.086056	-0.003293
0.087278	-0.003295
0.088376	-0.003299
0.089785	-0.003292
0.090969	-0.003291
0.092177	-0.003302
0.093380	-0.003301
0.094702	-0.003287
0.095848	-0.003294
0.097099	-0.003295
0.098345	-0.003277
0.099477	-0.003271
0.100904	-0.003286
0.102069	-0.003301
0.103196	-0.003288
0.104495	-0.003283
0.105813	-0.003286
0.106944	-0.003295
0.108071	-0.003292
0.109437	-0.003283
0.110597	-0.003271
0.111857	-0.003274
0.113199	-0.003287
0.114359	-0.003297
0.115467	-0.003291
0.116827	-0.003284
0.118140	-0.003286
0.119348	-0.003294
0.120475	-0.003299
0.121717	-0.003285
0.123053	-0.003282
0.124304	-0.003299
0.125412	-0.003291
0.126687	-0.003274
0.127857	-0.003286
0.129265	-0.003297
0.130468	-0.003291
0.131633	-0.003281
0.132894	-0.003288
0.134164	-0.003288
0.135405	-0.003275
0.136551	-0.003284
0.137831	-0.003291
0.138957	-0.003293
0.140108	-0.003284
0.141368	-0.003276
0.142777	-0.003277
0.144004	-0.003287
0.145040	-0.003286
0.146439	-0.003271
0.147647	-0.003270
0.148898	-0.003293
0.149996	-0.003286
0.151338	-0.003270
0.152612	-0.003271
0.153921	-0.003289
0.155081	-0.003286
0.156136	-0.003273
0.157463	-0.003272
0.158748	-0.003280
0.159951	-0.003280
0.161149	-0.003276
0.162553	-0.003271
0.163689	-0.003277
0.164883	-0.003295
0.166058	-0.003278
0.167404	-0.003265
0.168645	-0.003282
0.169810	-0.003295
0.171052	-0.003273
0.172298	-0.003260
0.173687	-0.003282
0.174824	-0.003294
0.175941	-0.003275
0.177125	-0.003263
0.178538	-0.003274
0.179674	-0.003294
0.180816	-0.003280
0.182214	-0.003270
0.183513	-0.003280
0.184549	-0.003287
0.185805	-0.003282
0.187032	-0.003270
0.188331	-0.003260
0.189605	-0.003277
0.190761	-0.003292
0.191983	-0.003280
0.193210	-0.003268
0.194600	-0.003273
0.195612	-0.003279
0.196973	-0.003267
0.198286	-0.003277
0.199460	-0.003282
0.200620	-0.003273
0.201876	-0.003277
0.203117	-0.003276
0.204311	-0.003269
0.205567	-0.003265
0.207013	-0.003270
0.208159	-0.003285
0.209138	-0.003282
0.210480	-0.003270
0.211797	-0.003269
0.213063	-0.003281
0.214151	-0.003277
0.215536	-0.003272
0.216615	-0.003274
0.217894	-0.003283
0.219174	-0.003282
0.220272	-0.003272
0.221619	-0.003275
0.222922	-0.003283
0.224120	-0.003281
0.225204	-0.003280
0.226627	-0.003283
0.227806	-0.003285
0.228947	-0.003280
0.230227	-0.003274
0.231583	-0.003275
0.232705	-0.003277
0.233837	-0.003276
0.235145	-0.003268
0.236496	-0.003258
0.237661	-0.003268
0.239079	-0.003281
0.240029	-0.003265
0.241356	-0.003252
0.242813	-0.003265
0.243944	-0.003275
0.245019	-0.003258
0.246389	-0.003250
0.247730	-0.003262
0.248709	-0.003275
0.249917	-0.003261
0.251278	-0.003250
0.252548	-0.003257
0.253646	-0.003271
0.254973	-0.003255
0.256172	-0.003239
0.257365	-0.003242
0.258717	-0.003264
0.259863	-0.003257
0.261090	-0.003248
0.262331	-0.003246
0.263696	-0.003259
0.264780	-0.003269
0.265988	-0.003262
0.267287	-0.003256
0.268504	-0.003261
0.269641	-0.003266
0.271068	-0.003254
0.272176	-0.003252
0.273494	-0.003260
0.274668	-0.003263
0.275957	-0.003263
0.277113	-0.003253
0.278373	-0.003249
0.279710	-0.003264
0.280894	-0.003267
0.282069	-0.003258
0.283353	-0.003258
0.284595	-0.003264
0.285774	-0.003271
0.286991	-0.003264
0.288300	-0.003259
0.289484	-0.003264
0.290725	-0.003266
0.291985	-0.003258
0.293150	-0.003252
0.294401	-0.003255
0.295652	-0.003263
0.296760	-0.003249
0.298149	-0.003247
0.299252	-0.003268
0.300627	-0.003259
0.301735	-0.003255
0.303048	-0.003256
0.304371	-0.003257
0.305507	-0.003259
0.306729	-0.003260
0.307999	-0.003262
0.309183	-0.003264
0.310396	-0.003260
0.311695	-0.003253
0.312884	-0.003251
0.314125	-0.003266
0.315447	-0.003265
0.316636	-0.003254
0.317734	-0.003251
0.319129	-0.003259
0.320332	-0.003258
0.321473	-0.003247
0.322772	-0.003248
0.324051	-0.003258
0.325259	-0.003264
0.326462	-0.003262
0.327747	-0.003264
0.328993	-0.003264
0.330038	-0.003264
0.331409	-0.003254
0.332817	-0.003256
0.333877	-0.003261
0.335056	-0.003266
0.336408	-0.003259
0.337496	-0.003248
0.338766	-0.003251
0.340046	-0.003261
0.341230	-0.003253
0.342390	-0.003251
0.343760	-0.003257
0.344964	-0.003257
0.346129	-0.003256
0.347360	-0.003256
0.348774	-0.003255
0.349838	-0.003255
0.351084	-0.003258
0.352307	-0.003255
0.353596	-0.003254
0.354866	-0.003259
0.356079	-0.003252
0.357296	-0.003245
0.358547	-0.003247
0.359788	-0.003253
0.361082	-0.003248
0.362200	-0.003243
0.363503	-0.003250
0.364701	-0.003257
0.365895	-0.003245
0.367151	-0.003240
0.368459	-0.003252
0.369724	-0.003252
0.370875	-0.003255
0.372059	-0.003260
0.373305	-0.003251
0.374542	-0.003245
0.375793	-0.003258
0.376996	-0.003263
0.378175	-0.003252
0.379479	-0.003249
0.380744	-0.003256
0.381856	-0.003243
0.383164	-0.003240
0.384406	-0.003239
0.385676	-0.003235
0.386764	-0.003244
0.388073	-0.003242
0.389443	-0.003255
0.390532	-0.003257
0.391749	-0.003249
0.393086	-0.003239
0.394327	-0.003243
0.395597	-0.003255
0.396886	-0.003255
0.397956	-0.003247
0.399369	-0.003245
0.400510	-0.003245
0.401838	-0.003243
0.402988	-0.003250
0.404148	-0.003252
0.405471	-0.003248
0.406626	-0.003247
0.407892	-0.003250
0.409243	-0.003244
0.410413	-0.003247
0.411554	-0.003247
0.412910	-0.003250
0.414060	-0.003246
0.415182	-0.003236
0.416596	-0.003234
0.417861	-0.003245
0.418849	-0.003252
0.420119	-0.003244
0.421475	-0.003237
0.422688	-0.003243
0.423843	-0.003250
0.425171	-0.003245
0.426383	-0.003242
0.427501	-0.003242
0.428923	-0.003244
0.430141	-0.003240
0.431306	-0.003242
0.432562	-0.003248
0.433822	-0.003241
0.435035	-0.003237
0.436286	-0.003238
0.437541	-0.003240
0.438711	-0.003226
0.439933	-0.003226
0.441261	-0.003233
0.442540	-0.003240
0.443629	-0.003245
0.444880	-0.003242
0.446121	-0.003232
0.447324	-0.003232
0.448690	-0.003237
0.449903	-0.003242
0.450963	-0.003236
0.452252	-0.003235
0.453555	-0.003235
0.454777	-0.003231
0.455880	-0.003237
0.457203	-0.003230
0.458440	-0.003227
0.459686	-0.003235
0.460975	-0.003248
0.462125	-0.003229
0.463357	-0.003222
0.464627	-0.003236
0.465907	-0.003242
0.466976	-0.003231
0.468347	-0.003232
0.469631	-0.003235
0.470753	-0.003231
0.471846	-0.003228
0.473326	-0.003229
0.474477	-0.003229
0.475652	-0.003233
0.476950	-0.003239
0.478216	-0.003230
0.479419	-0.003217
0.480732	-0.003218
0.481983	-0.003229
0.483062	-0.003236
0.484303	-0.003229
0.485635	-0.003221
0.486872	-0.003224
0.488046	-0.003234
0.489355	-0.003232
0.490582	-0.003228
0.491665	-0.003227
0.493012	-0.003234
0.494205	-0.003228
0.495356	-0.003220
0.496683	-0.003223
0.497906	-0.003238
0.498942	-0.003221
0.500255	-0.003214
0.501678	-0.003222
0.502895	-0.003235
0.503984	-0.003224
0.505287	-0.003221
0.506619	-0.003221
0.507727	-0.003227
0.508954	-0.003221
0.510300	-0.003213
0.511484	-0.003223
0.512740	-0.003232
0.513986	-0.003232
0.515137	-0.003221
0.516321	-0.003210
0.517835	-0.003233
0.518871	-0.003218
0.520050	-0.003202
0.521387	-0.003208
0.522561	-0.003217
0.523793	-0.003216
0.525001	-0.003210
0.526319	-0.003216
0.527608	-0.003221
0.528630	-0.003219
0.530010	-0.003211
0.531246	-0.003211
0.532363	-0.003217
0.533705	-0.003221
0.534870	-0.003216
0.535987	-0.003205
0.537405	-0.003210
0.538618	-0.003222
0.539740	-0.003216
0.541020	-0.003208
0.542337	-0.003209
0.543531	-0.003211
0.544682	-0.003214
0.546071	-0.003223
0.547241	-0.003220
0.548463	-0.003211
0.549767	-0.003216
0.550970	-0.003225
0.552202	-0.003214
0.553333	-0.003202
0.554756	-0.003201
0.555997	-0.003215
0.557052	-0.003208
0.558394	-0.003198
0.559612	-0.003198
0.560872	-0.003209
0.562147	-0.003212
0.563374	-0.003203
0.564553	-0.003201
0.565909	-0.003215
0.567093	-0.003213
0.568210	-0.003206
0.569500	-0.003201
0.570808	-0.003204
0.571930	-0.003211
0.573085	-0.003205
0.574436	-0.003204
0.575702	-0.003207
0.576824	-0.003203
0.578065	-0.003197
0.579326	-0.003192
0.580653	-0.003191
0.581770	-0.003206
0.583117	-0.003209
0.584200	-0.003204
0.585408	-0.003201
0.586831	-0.003199
0.588063	-0.003205
0.589042	-0.003197
0.590460	-0.003200
0.591653	-0.003207
0.592842	-0.003202
0.594122	-0.003200
0.595306	-0.003194
0.596609	-0.003191
0.597832	-0.003188
0.599159	-0.003189
0.600376	-0.003191
0.601508	-0.003193
0.602797	-0.003193
0.604086	-0.003188
0.605151	-0.003191
0.606526	-0.003187
0.607724	-0.003179
0.608947	-0.003185
0.610112	-0.003198
0.611320	-0.003188
0.612604	-0.003178
0.613731	-0.003177
0.615125	-0.003184
0.616347	-0.003189
0.617507	-0.003183
0.618739	-0.003177
0.620176	-0.003174
0.621241	-0.003182
0.622521	-0.003187
0.623729	-0.003183
0.624970	-0.003182
0.626211	-0.003182
0.627424	-0.003177
0.628685	-0.003177
0.629792	-0.003180
0.630871	-0.003177
0.632122	-0.003176
0.633354	-0.003174
0.634524	-0.003177
0.635851	-0.003180
0.636987	-0.003174
0.638219	-0.003169
0.639523	-0.003171
0.640745	-0.003173
0.641948	-0.003161
0.643242	-0.003160
0.644450	-0.003170
0.645648	-0.003174
0.646899	-0.003161
0.648165	-0.003147
0.649377	-0.003148
0.650624	-0.003161
0.651836	-0.003159
0.652968	-0.003146
0.654209	-0.003150
0.655613	-0.003166
0.656658	-0.003156
0.657890	-0.003149
0.659184	-0.003157
0.660488	-0.003161
0.661586	-0.003154
0.662851	-0.003149
0.664092	-0.003145
0.665444	-0.003154
0.666523	-0.003150
0.667864	-0.003139
0.669106	-0.003138
0.670323	-0.003151
0.671574	-0.003146
0.672772	-0.003137
0.673937	-0.003139
0.675265	-0.003143
0.676501	-0.003133
0.677781	-0.003138
0.678936	-0.003140
0.680225	-0.003140
0.681400	-0.003135
0.682522	-0.003132
0.683830	-0.003131
0.685105	-0.003133
0.686327	-0.003134
0.687578	-0.003131
0.688824	-0.003125
0.689970	-0.003120
0.691240	-0.003112
0.692496	-0.003105
0.693608	-0.003103
0.695022	-0.003115
0.696225	-0.003125
0.697361	-0.003112
0.698593	-0.003108
0.699925	-0.003111
0.701061	-0.003112
0.702279	-0.003107
0.703587	-0.003099
0.704886	-0.003093
0.706060	-0.003096
0.707373	-0.003112
0.708510	-0.003105
0.709851	-0.003098
0.711031	-0.003095
0.712415	-0.003100
0.713427	-0.003108
0.714678	-0.003098
0.716063	-0.003096
0.717319	-0.003099
0.718407	-0.003099
0.719720	-0.003088
0.720952	-0.003074
0.722174	-0.003073
0.723425	-0.003091
0.724605	-0.003076
0.725793	-0.003064
0.727183	-0.003075
0.728381	-0.003083
0.729503	-0.003065
0.730740	-0.003058
0.732125	-0.003072
0.733099	-0.003067
0.734383	-0.003048
0.735787	-0.003049
0.737009	-0.003062
0.738069	-0.003058
0.739310	-0.003052
0.740657	-0.003052
0.741917	-0.003052
0.743053	-0.003055
0.744352	-0.003049
0.745560	-0.003045
0.746739	-0.003044
0.748009	-0.003034
0.749346	-0.003029
0.750502	-0.003033
0.751691	-0.003029
0.753008	-0.003024
0.754240	-0.003028
0.755467	-0.003029
0.756732	-0.003032
0.757936	-0.003029
0.759129	-0.003020
0.760423	-0.003015
0.761588	-0.003011
0.762815	-0.003013
0.764114	-0.003016
0.765346	-0.003010
0.766535	-0.002998
0.767800	-0.002995
0.769074	-0.003015
0.770134	-0.003000
0.771495	-0.002994
0.772751	-0.003000
0.773892	-0.002999
0.775110	-0.002983
0.776356	-0.002970
0.777683	-0.002992
0.778824	-0.002995
0.780013	-0.002983
0.781364	-0.002974
0.782605	-0.002985
0.783665	-0.002981
0.784974	-0.002973
0.786277	-0.002966
0.787552	-0.002979
0.788679	-0.002982
0.789939	-0.002967
0.791118	-0.002966
0.792384	-0.002967
0.793735	-0.002963
0.794967	-0.002964
0.796055	-0.002959
0.797416	-0.002952
0.798614	-0.002952
0.799741	-0.002953
0.801035	-0.002949
0.802343	-0.002942
0.803532	-0.002942
0.804745	-0.002940
0.806106	-0.002933
0.807180	-0.002931
0.808426	-0.002932
0.809644	-0.002926
0.810875	-0.002920
0.812102	-0.002921
0.813430	-0.002920
0.814647	-0.002913
0.815769	-0.002908
0.817097	-0.002901
0.818319	-0.002893
0.819479	-0.002891
0.820716	-0.002891
0.821976	-0.002880
0.823227	-0.002874
0.824392	-0.002883
0.825629	-0.002870
0.826903	-0.002852
0.828159	-0.002847
0.829482	-0.002853
0.830661	-0.002846
0.831769	-0.002830
0.833172	-0.002834
0.834409	-0.002846
0.835464	-0.002830
0.836815	-0.002822
0.838114	-0.002821
0.839236	-0.002819
0.840473	-0.002805
0.841714	-0.002800
0.842970	-0.002794
0.844249	-0.002799
0.845410	-0.002792
0.846656	-0.002777
0.847940	-0.002764
0.849263	-0.002783
0.850284	-0.002783
0.851487	-0.002760
0.852906	-0.002761
0.854156	-0.002771
0.855231	-0.002759
0.856453	-0.002745
0.857761	-0.002748
0.859007	-0.002747
0.860182	-0.002727
0.861438	-0.002719
0.862789	-0.002724
0.863844	-0.002723
0.865181	-0.002710
0.866365	-0.002711
0.867735	-0.002708
0.868900	-0.002699
0.870189	-0.002690
0.871373	-0.002687
0.872629	-0.002685
0.873851	-0.002674
0.875074	-0.002659
0.876296	-0.002648
0.877604	-0.002650
0.878745	-0.002647
0.879977	-0.002633
0.881228	-0.002627
0.882550	-0.002624
0.883677	-0.002616
0.884909	-0.002607
0.886217	-0.002609
0.887306	-0.002593
0.888523	-0.002576
0.889832	-0.002571
0.891130	-0.002575
0.892262	-0.002562
0.893561	-0.002545
0.894831	-0.002538
0.896019	-0.002538
0.897189	-0.002529
0.898502	-0.002514
0.899724	-0.002502
0.900856	-0.002495
0.902207	-0.002481
0.903387	-0.002471
0.904633	-0.002458
0.905845	-0.002452
0.907249	-0.002446
0.908366	-0.002438
0.909527	-0.002425
0.910844	-0.002418
0.912081	-0.002407
0.913284	-0.002394
0.914592	-0.002383
0.915772	-0.002370
0.917027	-0.002360
0.918240	-0.002349
0.919438	-0.002334
0.920718	-0.002318
0.921955	-0.002311
0.923229	-0.002299
0.924347	-0.002277
0.925626	-0.002264
0.926901	-0.002261
0.928052	-0.002246
0.929341	-0.002225
0.930568	-0.002212
0.931809	-0.002204
0.932903	-0.002188
0.934201	-0.002171
0.935433	-0.002159
0.936651	-0.002147
0.937887	-0.002128
0.939157	-0.002107
0.940394	-0.002094
0.941616	-0.002080
0.942900	-0.002064
0.944022	-0.002046
0.945278	-0.002029
0.946543	-0.002015
0.947723	-0.001992
0.948978	-0.001969
0.950267	-0.001951
0.951528	-0.001936
0.952722	-0.001924
0.953901	-0.001897
0.955209	-0.001872
0.956417	-0.001860
0.957577	-0.001845
0.958857	-0.001814
0.960098	-0.001796
0.961402	-0.001783
0.962476	-0.001759
0.963775	-0.001727
0.965040	-0.001711
0.966243	-0.001696
0.967432	-0.001672
0.968692	-0.001651
0.969876	-0.001628
0.971199	-0.001607
0.972335	-0.001584
0.973653	-0.001557
0.974837	-0.001531
0.976131	-0.001504
0.977277	-0.001488
0.978499	-0.001457
0.979784	-0.001427
0.981020	-0.001406
0.982247	-0.001382
0.983436	-0.001354
0.984787	-0.001328
0.985924	-0.001298
0.987270	-0.001269
0.988430	-0.001243
0.989653	-0.001215
0.990894	-0.001186
0.992130	-0.001154
0.993362	-0.001127
0.994580	-0.001098
0.995826	-0.001070
0.997086	-0.001038
0.998247	-0.001004
0.999526	-0.000972
1.000825	-0.000942
1.002019	-0.000911
1.003169	-0.000876
1.004439	-0.000841
1.005604	-0.000810
1.006860	-0.000779
1.008068	-0.000739
1.009319	-0.000706
1.010503	-0.000668
1.011768	-0.000632
1.013024	-0.000598
1.014265	-0.000562
1.015468	-0.000526
1.016738	-0.000491
1.017961	-0.000450
1.019169	-0.000410
1.020439	-0.000368
1.021694	-0.000335
1.022835	-0.000296
1.024077	-0.000254
1.025461	-0.000214
1.026626	-0.000173
1.027887	-0.000130
1.029147	-8.881644E-5
1.030379	-4.868484E-5
1.031573	-4.253426E-6
1.032857	3.965246E-5
1.034070	8.222063E-5
1.035340	0.000121
1.036553	0.000164
1.037789	0.000211
1.038911	0.000256
1.040219	0.000292
1.041432	0.000337
1.042645	0.000387
1.043882	0.000432
1.045075	0.000477
1.046293	0.000527
1.047548	0.000576
1.048814	0.000620
1.050093	0.000664
1.051253	0.000720
1.052509	0.000773
1.053765	0.000820
1.055006	0.000867
1.056162	0.000917
1.057470	0.000972
1.058625	0.001023
1.059905	0.001074
1.061103	0.001125
1.062340	0.001182
1.063586	0.001236
1.064827	0.001290
1.065959	0.001341
1.067258	0.001398
1.068523	0.001455
1.069836	0.001509
1.070972	0.001561
1.072242	0.001618
1.073455	0.001673
1.074634	0.001728
1.075938	0.001785
1.077088	0.001842
1.078363	0.001899
1.079657	0.001958
1.080860	0.002015
1.082097	0.002073
1.083276	0.002134
1.084537	0.002193
1.085682	0.002252
1.086886	0.002310
1.088175	0.002368
1.089426	0.002431
1.090748	0.002490
1.091889	0.002550
1.093097	0.002610
1.094353	0.002674
1.095637	0.002739
1.096821	0.002799
1.098005	0.002860
1.099338	0.002926
1.100546	0.002992
1.101787	0.003058
1.103043	0.003121
1.104265	0.003184
1.105430	0.003252
1.106676	0.003320
1.107917	0.003382
1.109101	0.003450
1.110319	0.003519
1.111570	0.003587
1.112859	0.003656
1.114057	0.003723
1.115299	0.003786
1.116545	0.003854
1.117786	0.003923
1.119018	0.003993
1.120293	0.004063
1.121501	0.004132
1.122709	0.004202
1.123898	0.004270
1.125153	0.004338
1.126385	0.004412
1.127612	0.004483
1.128792	0.004556
1.130109	0.004626
1.131260	0.004698
1.132520	0.004772
1.133728	0.004844
1.134965	0.004917
1.136192	0.004987
1.137424	0.005061
1.138708	0.005139
1.139897	0.005215
1.141186	0.005286
1.142346	0.005361
1.143631	0.005439
1.144915	0.005515
1.146094	0.005588
1.147302	0.005664
1.148544	0.005742
1.149838	0.005817
1.151017	0.005894
1.152211	0.005971
1.153538	0.006048
1.154722	0.006127
1.155916	0.006204
1.157157	0.006281
1.158394	0.006362
1.159649	0.006442
1.160915	0.006519
1.162108	0.006598
1.163330	0.006678
1.164534	0.006757
1.165775	0.006836
1.167002	0.006915
1.168253	0.006998
1.169533	0.007079
1.170688	0.007160
1.171934	0.007240
1.173128	0.007321
1.174426	0.007403
1.175606	0.007485
1.176876	0.007567
1.178098	0.007650
1.179358	0.007733
1.180576	0.007817
1.181832	0.007900
1.183135	0.007988
1.184343	0.008072
1.185618	0.008157
1.186821	0.008240
1.188110	0.008324
1.189280	0.008410
1.190550	0.008495
1.191739	0.008578
1.192961	0.008663
1.194217	0.008750
1.195420	0.008837
1.196676	0.008920
1.197936	0.009007
