-0.099165	-0.003440
-0.097971	-0.003421
-0.096742	-0.003412
-0.095514	-0.003404
-0.094262	-0.003394
-0.093032	-0.003391
-0.091789	-0.003384
-0.090594	-0.003389
-0.089308	-0.003385
-0.088109	-0.003380
-0.086889	-0.003379
-0.085661	-0.003379
-0.084385	-0.003379
-0.083172	-0.003375
-0.081937	-0.003372
-0.080712	-0.003357
-0.080432	-0.003369
-0.079169	-0.003358
-0.077789	-0.003366
-0.076634	-0.003363
-0.075502	-0.003352
-0.074075	-0.003348
-0.072819	-0.003364
-0.071773	-0.003359
-0.070484	-0.003347
-0.069157	-0.003352
-0.068078	-0.003364
-0.066731	-0.003352
-0.065371	-0.003347
-0.064301	-0.003353
-0.063155	-0.003360
-0.061823	-0.003341
-0.060558	-0.003340
-0.059431	-0.003356
-0.058104	-0.003349
-0.056948	-0.003347
-0.055750	-0.003346
-0.054327	-0.003349
-0.053239	-0.003349
-0.052102	-0.003338
-0.050732	-0.003341
-0.049443	-0.003351
-0.048407	-0.003344
-0.047142	-0.003327
-0.045790	-0.003326
-0.044477	-0.003349
-0.043446	-0.003347
-0.042100	-0.003335
-0.040916	-0.003331
-0.039579	-0.003342
-0.038404	-0.003348
-0.037325	-0.003331
-0.035945	-0.003324
-0.034518	-0.003350
-0.033463	-0.003355
-0.032412	-0.003330
-0.030889	-0.003332
-0.029729	-0.003355
-0.028640	-0.003345
-0.027351	-0.003338
-0.025971	-0.003340
-0.024720	-0.003358
-0.023699	-0.003351
-0.022357	-0.003343
-0.021111	-0.003347
-0.020008	-0.003351
-0.018728	-0.003344
-0.017463	-0.003341
-0.016327	-0.003338
-0.015095	-0.003345
-0.013672	-0.003345
-0.012564	-0.003344
-0.011385	-0.003346
-0.010020	-0.003341
-0.008869	-0.003336
-0.007733	-0.003336
-0.006286	-0.003342
-0.005116	-0.003347
-0.003985	-0.003336
-0.002633	-0.003330
-0.001344	-0.003343
-0.000366	-0.003342
0.000981	-0.003333
0.002241	-0.003335
0.003545	-0.003348
0.004581	-0.003344
0.005946	-0.003334
0.007207	-0.003343
0.008229	-0.003346
0.009661	-0.003339
0.010940	-0.003340
0.012062	-0.003351
0.013247	-0.003341
0.014684	-0.003331
0.015787	-0.003336
0.016985	-0.003348
0.018241	-0.003336
0.019415	-0.003332
0.020652	-0.003340
0.021965	-0.003342
0.023049	-0.003338
0.024347	-0.003341
0.025675	-0.003344
0.026778	-0.003336
0.028048	-0.003329
0.029351	-0.003329
0.030659	-0.003333
0.031738	-0.003332
0.033013	-0.003334
0.034326	-0.003338
0.035472	-0.003333
0.036580	-0.003325
0.037950	-0.003323
0.039320	-0.003332
0.040385	-0.003334
0.041655	-0.003327
0.042849	-0.003326
0.044104	-0.003333
0.045379	-0.003326
0.046768	-0.003324
0.047699	-0.003325
0.049156	-0.003324
0.050340	-0.003334
0.051524	-0.003333
0.052741	-0.003336
0.054107	-0.003330
0.055277	-0.003325
0.056446	-0.003331
0.057821	-0.003344
0.058924	-0.003335
0.060132	-0.003319
0.061455	-0.003332
0.062691	-0.003341
0.063732	-0.003332
0.065055	-0.003327
0.066354	-0.003334
0.067456	-0.003331
0.068736	-0.003321
0.070063	-0.003323
0.071224	-0.003330
0.072293	-0.003333
0.073673	-0.003328
0.074929	-0.003319
0.076246	-0.003326
0.077473	-0.003338
0.078748	-0.003329
0.079894	-0.003319
0.081107	-0.003327
0.082420	-0.003330
0.083671	-0.003320
0.084893	-0.003319
0.086230	-0.003325
0.087361	-0.003330
0.088569	-0.003323
0.089882	-0.003323
0.091186	-0.003329
0.092169	-0.003330
0.093511	-0.003325
0.094857	-0.003324
0.095970	-0.003325
0.097149	-0.003324
0.098395	-0.003310
0.099670	-0.003306
0.100835	-0.003316
0.102139	-0.003317
0.103246	-0.003308
0.104650	-0.003306
0.105858	-0.003317
0.107047	-0.003313
0.108269	-0.003309
0.109596	-0.003309
0.110862	-0.003313
0.111931	-0.003317
0.113225	-0.003317
0.114452	-0.003312
0.115670	-0.003311
0.116920	-0.003317
0.118162	-0.003316
0.119422	-0.003310
0.120606	-0.003309
0.121967	-0.003319
0.123132	-0.003322
0.124321	-0.003308
0.125562	-0.003310
0.126890	-0.003320
0.128007	-0.003310
0.129372	-0.003314
0.130523	-0.003319
0.131717	-0.003316
0.132968	-0.003320
0.134304	-0.003324
0.135517	-0.003317
0.136615	-0.003313
0.137962	-0.003318
0.139079	-0.003320
0.140263	-0.003309
0.141571	-0.003308
0.142903	-0.003318
0.143944	-0.003310
0.145262	-0.003304
0.146589	-0.003303
0.147726	-0.003310
0.148972	-0.003313
0.150204	-0.003304
0.151431	-0.003301
0.152639	-0.003303
0.154009	-0.003308
0.155155	-0.003294
0.156377	-0.003299
0.157647	-0.003313
0.158917	-0.003306
0.160082	-0.003299
0.161295	-0.003301
0.162613	-0.003300
0.163763	-0.003300
0.165000	-0.003307
0.166332	-0.003304
0.167487	-0.003300
0.168676	-0.003299
0.170056	-0.003303
0.171197	-0.003308
0.172334	-0.003308
0.173623	-0.003307
0.174969	-0.003303
0.176010	-0.003307
0.177342	-0.003313
0.178555	-0.003305
0.179782	-0.003299
0.181076	-0.003312
0.182327	-0.003313
0.183492	-0.003303
0.184695	-0.003303
0.185960	-0.003314
0.187187	-0.003309
0.188347	-0.003297
0.189718	-0.003309
0.190911	-0.003316
0.192043	-0.003305
0.193375	-0.003301
0.194702	-0.003311
0.195657	-0.003301
0.197061	-0.003292
0.198379	-0.003292
0.199582	-0.003302
0.200556	-0.003303
0.202112	-0.003297
0.203244	-0.003294
0.204414	-0.003300
0.205736	-0.003298
0.207016	-0.003293
0.208123	-0.003294
0.209355	-0.003305
0.210678	-0.003295
0.211905	-0.003296
0.213075	-0.003306
0.214368	-0.003304
0.215505	-0.003305
0.216746	-0.003306
0.218054	-0.003302
0.219195	-0.003290
0.220418	-0.003298
0.221759	-0.003311
0.222996	-0.003295
0.224094	-0.003287
0.225479	-0.003294
0.226644	-0.003300
0.227794	-0.003290
0.228998	-0.003292
0.230396	-0.003299
0.231542	-0.003296
0.232769	-0.003295
0.234087	-0.003298
0.235300	-0.003301
0.236484	-0.003297
0.237845	-0.003291
0.239124	-0.003286
0.240280	-0.003293
0.241507	-0.003298
0.242872	-0.003295
0.244042	-0.003295
0.245188	-0.003301
0.246539	-0.003300
0.247718	-0.003296
0.248860	-0.003298
0.250168	-0.003297
0.251347	-0.003292
0.252665	-0.003290
0.253925	-0.003294
0.255043	-0.003289
0.256308	-0.003286
0.257521	-0.003293
0.258791	-0.003298
0.259884	-0.003290
0.261249	-0.003286
0.262596	-0.003293
0.263651	-0.003296
0.264883	-0.003290
0.266229	-0.003292
0.267351	-0.003296
0.268531	-0.003291
0.269877	-0.003283
0.271200	-0.003283
0.272331	-0.003295
0.273496	-0.003299
0.274752	-0.003292
0.276003	-0.003287
0.277268	-0.003291
0.278567	-0.003290
0.279674	-0.003285
0.280940	-0.003285
0.282276	-0.003294
0.283379	-0.003288
0.284716	-0.003288
0.285977	-0.003294
0.287151	-0.003294
0.288354	-0.003288
0.289577	-0.003287
0.290856	-0.003290
0.292098	-0.003293
0.293234	-0.003289
0.294576	-0.003286
0.295750	-0.003288
0.296915	-0.003290
0.298257	-0.003288
0.299426	-0.003286
0.300654	-0.003285
0.301947	-0.003286
0.303136	-0.003280
0.304311	-0.003273
0.305576	-0.003280
0.306794	-0.003274
0.308087	-0.003271
0.309343	-0.003273
0.310522	-0.003271
0.311759	-0.003270
0.312953	-0.003268
0.314275	-0.003269
0.315421	-0.003271
0.316658	-0.003276
0.317952	-0.003273
0.319193	-0.003275
0.320420	-0.003275
0.321690	-0.003273
0.322936	-0.003276
0.324139	-0.003276
0.325390	-0.003271
0.326617	-0.003270
0.327878	-0.003280
0.328923	-0.003274
0.330361	-0.003268
0.331559	-0.003271
0.332686	-0.003275
0.333984	-0.003277
0.335240	-0.003270
0.336343	-0.003264
0.337685	-0.003267
0.338859	-0.003283
0.340048	-0.003272
0.341299	-0.003265
0.342684	-0.003274
0.343791	-0.003288
0.344975	-0.003274
0.346417	-0.003274
0.347520	-0.003280
0.348680	-0.003284
0.350046	-0.003277
0.351244	-0.003275
0.352405	-0.003282
0.353713	-0.003282
0.354940	-0.003281
0.356124	-0.003268
0.357384	-0.003265
0.358678	-0.003268
0.359834	-0.003263
0.361108	-0.003266
0.362474	-0.003269
0.363510	-0.003267
0.364814	-0.003271
0.366060	-0.003265
0.367311	-0.003264
0.368394	-0.003264
0.369803	-0.003271
0.371011	-0.003262
0.372128	-0.003257
0.373369	-0.003264
0.374702	-0.003268
0.375833	-0.003267
0.377113	-0.003272
0.378387	-0.003274
0.379567	-0.003266
0.380818	-0.003267
0.382121	-0.003277
0.383286	-0.003275
0.384418	-0.003268
0.385764	-0.003267
0.387020	-0.003277
0.388085	-0.003274
0.389426	-0.003268
0.390668	-0.003267
0.391861	-0.003277
0.393064	-0.003281
0.394420	-0.003272
0.395676	-0.003267
0.396908	-0.003271
0.398164	-0.003276
0.399457	-0.003278
0.400532	-0.003273
0.401864	-0.003270
0.403158	-0.003275
0.404237	-0.003273
0.405564	-0.003268
0.406810	-0.003266
0.407966	-0.003270
0.409202	-0.003261
0.410558	-0.003257
0.411761	-0.003261
0.412874	-0.003263
0.414134	-0.003266
0.415414	-0.003260
0.416612	-0.003261
0.417854	-0.003266
0.419081	-0.003259
0.420212	-0.003257
0.421554	-0.003259
0.422848	-0.003257
0.423984	-0.003257
0.425221	-0.003258
0.426548	-0.003262
0.427598	-0.003257
0.428926	-0.003256
0.430210	-0.003257
0.431423	-0.003249
0.432631	-0.003244
0.433968	-0.003252
0.435104	-0.003256
0.436293	-0.003245
0.437611	-0.003244
0.439043	-0.003259
0.440022	-0.003255
0.441277	-0.003243
0.442600	-0.003250
0.443808	-0.003252
0.444897	-0.003241
0.446372	-0.003246
0.447456	-0.003252
0.448678	-0.003247
0.450034	-0.003238
0.451266	-0.003250
0.452321	-0.003253
0.453581	-0.003246
0.454961	-0.003245
0.456078	-0.003253
0.457243	-0.003254
0.458657	-0.003247
0.459721	-0.003247
0.461049	-0.003262
0.462218	-0.003256
0.463431	-0.003244
0.464701	-0.003252
0.465909	-0.003255
0.467122	-0.003245
0.468468	-0.003246
0.469605	-0.003250
0.470932	-0.003254
0.472064	-0.003247
0.473458	-0.003252
0.474608	-0.003253
0.475764	-0.003247
0.477062	-0.003251
0.478309	-0.003253
0.479540	-0.003252
0.480748	-0.003252
0.482014	-0.003251
0.483346	-0.003249
0.484377	-0.003242
0.485700	-0.003242
0.486998	-0.003243
0.488187	-0.003248
0.489400	-0.003247
0.490694	-0.003240
0.491763	-0.003240
0.493062	-0.003245
0.494270	-0.003241
0.495497	-0.003236
0.496719	-0.003234
0.498085	-0.003228
0.499197	-0.003233
0.500372	-0.003226
0.501689	-0.003232
0.502974	-0.003239
0.504110	-0.003240
0.505256	-0.003231
0.506693	-0.003224
0.507844	-0.003235
0.509071	-0.003234
0.510307	-0.003227
0.511534	-0.003226
0.512824	-0.003231
0.514036	-0.003233
0.515297	-0.003221
0.516476	-0.003217
0.517875	-0.003233
0.518935	-0.003233
0.520172	-0.003223
0.521513	-0.003228
0.522745	-0.003235
0.523838	-0.003228
0.525261	-0.003223
0.526445	-0.003230
0.527606	-0.003231
0.528842	-0.003220
0.530141	-0.003222
0.531296	-0.003228
0.532394	-0.003222
0.533808	-0.003224
0.534982	-0.003225
0.536095	-0.003222
0.537513	-0.003219
0.538673	-0.003219
0.539847	-0.003216
0.541160	-0.003218
0.542426	-0.003222
0.543529	-0.003218
0.544842	-0.003216
0.546102	-0.003220
0.547329	-0.003220
0.548590	-0.003223
0.549745	-0.003221
0.550962	-0.003211
0.552309	-0.003209
0.553545	-0.003216
0.554811	-0.003215
0.555861	-0.003203
0.557346	-0.003205
0.558568	-0.003217
0.559643	-0.003211
0.560951	-0.003203
0.562273	-0.003208
0.563357	-0.003210
0.564594	-0.003200
0.565892	-0.003196
0.567191	-0.003199
0.568265	-0.003198
0.569602	-0.003184
0.570858	-0.003192
0.571951	-0.003192
0.573307	-0.003195
0.574458	-0.003197
0.575685	-0.003191
0.576984	-0.003190
0.578225	-0.003193
0.579442	-0.003190
0.580584	-0.003183
0.581920	-0.003183
0.583023	-0.003191
0.584284	-0.003184
0.585554	-0.003174
0.586905	-0.003175
0.588013	-0.003183
0.589221	-0.003179
0.590534	-0.003167
0.591842	-0.003175
0.592969	-0.003184
0.594282	-0.003178
0.595490	-0.003171
0.596764	-0.003173
0.597929	-0.003173
0.599075	-0.003163
0.600379	-0.003163
0.601706	-0.003170
0.602881	-0.003171
0.604036	-0.003166
0.605378	-0.003166
0.606629	-0.003164
0.607746	-0.003166
0.608968	-0.003157
0.610338	-0.003159
0.611437	-0.003160
0.612687	-0.003156
0.613924	-0.003158
0.615108	-0.003157
0.616364	-0.003158
0.617629	-0.003155
0.618947	-0.003153
0.620050	-0.003151
0.621391	-0.003144
0.622628	-0.003148
0.623736	-0.003140
0.625053	-0.003142
0.626381	-0.003137
0.627412	-0.003133
0.628687	-0.003134
0.630009	-0.003130
0.630912	-0.003129
0.632163	-0.003126
0.633399	-0.003125
0.634583	-0.003117
0.635825	-0.003114
0.637147	-0.003115
0.638465	-0.003118
0.639506	-0.003114
0.640838	-0.003103
0.642141	-0.003099
0.643392	-0.003111
0.644486	-0.003112
0.645770	-0.003099
0.647026	-0.003097
0.648224	-0.003100
0.649442	-0.003091
0.650659	-0.003089
0.651891	-0.003089
0.653175	-0.003094
0.654369	-0.003085
0.655534	-0.003078
0.656938	-0.003081
0.658069	-0.003085
0.659244	-0.003078
0.660557	-0.003078
0.661750	-0.003078
0.662887	-0.003077
0.664181	-0.003075
0.665522	-0.003073
0.666682	-0.003071
0.667900	-0.003069
0.669160	-0.003065
0.670469	-0.003068
0.671505	-0.003063
0.672923	-0.003057
0.674164	-0.003053
0.675324	-0.003054
0.676575	-0.003051
0.677845	-0.003038
0.678996	-0.003028
0.680280	-0.003031
0.681603	-0.003040
0.682682	-0.003032
0.683914	-0.003031
0.685332	-0.003030
0.686459	-0.003021
0.687595	-0.003012
0.688989	-0.003016
0.690149	-0.003015
0.691343	-0.003009
0.692536	-0.003006
0.693850	-0.003003
0.695034	-0.002998
0.696289	-0.002991
0.697512	-0.002988
0.698662	-0.002984
0.699980	-0.002981
0.701307	-0.002980
0.702458	-0.002986
0.703518	-0.002977
0.704922	-0.002966
0.706196	-0.002970
0.707366	-0.002974
0.708646	-0.002969
0.709935	-0.002961
0.711124	-0.002955
0.712370	-0.002953
0.713592	-0.002955
0.714838	-0.002946
0.716080	-0.002937
0.717383	-0.002937
0.718510	-0.002934
0.719708	-0.002928
0.721036	-0.002928
0.722196	-0.002924
0.723375	-0.002913
0.724788	-0.002913
0.725963	-0.002916
0.727152	-0.002906
0.728407	-0.002903
0.729687	-0.002902
0.730857	-0.002901
0.732055	-0.002894
0.733368	-0.002888
0.734567	-0.002889
0.735708	-0.002889
0.737025	-0.002879
0.738224	-0.002868
0.739432	-0.002868
0.740716	-0.002870
0.741991	-0.002860
0.743137	-0.002855
0.744483	-0.002850
0.745658	-0.002847
0.746837	-0.002839
0.748117	-0.002831
0.749501	-0.002832
0.750547	-0.002832
0.751860	-0.002825
0.753087	-0.002820
0.754314	-0.002817
0.755489	-0.002808
0.756778	-0.002801
0.758081	-0.002795
0.759284	-0.002797
0.760425	-0.002793
0.761772	-0.002784
0.762851	-0.002782
0.764173	-0.002777
0.765477	-0.002769
0.766699	-0.002762
0.767831	-0.002760
0.769086	-0.002755
0.770290	-0.002745
0.771531	-0.002734
0.772806	-0.002731
0.773999	-0.002728
0.775203	-0.002717
0.776563	-0.002714
0.777657	-0.002712
0.778865	-0.002699
0.780120	-0.002688
0.781462	-0.002688
0.782570	-0.002692
0.783801	-0.002683
0.785134	-0.002669
0.786294	-0.002662
0.787616	-0.002663
0.788853	-0.002659
0.790042	-0.002650
0.791278	-0.002646
0.792486	-0.002647
0.793675	-0.002630
0.794931	-0.002608
0.796220	-0.002604
0.797543	-0.002618
0.798602	-0.002608
0.799887	-0.002587
0.801133	-0.002576
0.802384	-0.002588
0.803592	-0.002581
0.804852	-0.002557
0.806213	-0.002566
0.807249	-0.002564
0.808505	-0.002549
0.809737	-0.002537
0.810945	-0.002536
0.812153	-0.002536
0.813461	-0.002521
0.814664	-0.002511
0.815996	-0.002509
0.817147	-0.002503
0.818350	-0.002488
0.819539	-0.002480
0.820852	-0.002480
0.821998	-0.002475
0.823249	-0.002461
0.824600	-0.002454
0.825765	-0.002449
0.826968	-0.002441
0.828233	-0.002428
0.829532	-0.002418
0.830711	-0.002414
0.831981	-0.002410
0.833184	-0.002402
0.834473	-0.002385
0.835715	-0.002380
0.836970	-0.002378
0.838107	-0.002366
0.839353	-0.002356
0.840585	-0.002350
0.841802	-0.002343
0.843053	-0.002330
0.844256	-0.002319
0.845565	-0.002310
0.846730	-0.002303
0.847957	-0.002291
0.849293	-0.002281
0.850368	-0.002271
0.851690	-0.002261
0.852979	-0.002250
0.854135	-0.002239
0.855338	-0.002230
0.856575	-0.002220
0.857821	-0.002209
0.859038	-0.002205
0.860251	-0.002191
0.861459	-0.002179
0.862782	-0.002169
0.863918	-0.002159
0.865236	-0.002146
0.866420	-0.002139
0.867723	-0.002126
0.868984	-0.002113
0.870206	-0.002103
0.871485	-0.002097
0.872722	-0.002084
0.873887	-0.002068
0.875205	-0.002058
0.876408	-0.002050
0.877621	-0.002037
0.878829	-0.002024
0.880041	-0.002017
0.881350	-0.002008
0.882524	-0.001991
0.883799	-0.001976
0.885016	-0.001965
0.886277	-0.001957
0.887456	-0.001944
0.888717	-0.001930
0.889953	-0.001920
0.891118	-0.001909
0.892431	-0.001893
0.893601	-0.001880
0.894862	-0.001870
0.895988	-0.001857
0.897387	-0.001844
0.898471	-0.001834
0.899703	-0.001818
0.901016	-0.001806
0.902262	-0.001793
0.903489	-0.001777
0.904754	-0.001763
0.905981	-0.001753
0.907247	-0.001738
0.908464	-0.001721
0.909686	-0.001706
0.910937	-0.001695
0.912145	-0.001680
0.913420	-0.001660
0.914661	-0.001649
0.915836	-0.001639
0.917020	-0.001621
0.918304	-0.001604
0.919536	-0.001592
0.920677	-0.001576
0.922009	-0.001565
0.923256	-0.001549
0.924397	-0.001534
0.925648	-0.001520
0.926879	-0.001506
0.928154	-0.001489
0.929338	-0.001473
0.930527	-0.001458
0.931788	-0.001441
0.933034	-0.001423
0.934328	-0.001405
0.935531	-0.001390
0.936720	-0.001376
0.937947	-0.001361
0.939145	-0.001344
0.940449	-0.001327
0.941714	-0.001309
0.942884	-0.001294
0.944139	-0.001276
0.945390	-0.001260
0.946636	-0.001241
0.947883	-0.001224
0.949043	-0.001205
0.950322	-0.001189
0.951578	-0.001169
0.952815	-0.001149
0.954013	-0.001131
0.955312	-0.001116
0.956481	-0.001098
0.957680	-0.001075
0.958983	-0.001058
0.960172	-0.001042
0.961418	-0.001022
0.962698	-0.001005
0.963839	-0.000987
0.965114	-0.000963
0.966307	-0.000945
0.967549	-0.000927
0.968752	-0.000909
0.969969	-0.000890
0.971297	-0.000866
0.972581	-0.000851
0.973741	-0.000833
0.974916	-0.000807
0.976172	-0.000788
0.977451	-0.000771
0.978587	-0.000750
0.979924	-0.000726
0.981128	-0.000704
0.982383	-0.000688
0.983591	-0.000668
0.984818	-0.000645
0.986103	-0.000621
0.987358	-0.000603
0.988533	-0.000585
0.989731	-0.000561
0.991011	-0.000538
0.992286	-0.000519
0.993484	-0.000496
0.994701	-0.000472
0.995962	-0.000449
0.997170	-0.000429
0.998411	-0.000407
0.999610	-0.000384
1.000908	-0.000360
1.002121	-0.000339
1.003320	-0.000316
1.004556	-0.000294
1.005759	-0.000270
1.007015	-0.000246
1.008218	-0.000223
1.009398	-0.000202
1.010749	-0.000176
1.011957	-0.000151
1.013222	-0.000129
1.014334	-0.000106
1.015666	-8.117232E-5
1.016822	-5.589897E-5
1.018054	-3.186778E-5
1.019276	-9.508754E-6
1.020570	1.695899E-5
1.021835	4.337897E-5
1.023005	6.898675E-5
1.024284	9.368680E-5
1.025559	0.000120
1.026815	0.000145
1.028056	0.000172
1.029298	0.000197
1.030515	0.000223
1.031742	0.000250
1.033031	0.000277
1.034258	0.000301
1.035457	0.000327
1.036641	0.000353
1.037901	0.000382
1.039062	0.000408
1.040355	0.000435
1.041602	0.000463
1.042771	0.000491
1.043994	0.000516
1.045273	0.000543
1.046481	0.000571
1.047727	0.000599
1.048950	0.000627
1.050243	0.000656
1.051471	0.000684
1.052707	0.000711
1.053786	0.000738
1.055090	0.000768
1.056364	0.000796
1.057596	0.000825
1.058733	0.000852
1.060041	0.000881
1.061287	0.000911
1.062519	0.000940
1.063789	0.000969
1.065045	0.000999
1.066181	0.001029
1.067456	0.001059
1.068692	0.001088
1.069962	0.001118
1.071189	0.001148
1.072416	0.001179
1.073586	0.001209
1.074875	0.001238
1.076155	0.001269
1.077301	0.001300
1.078542	0.001330
1.079807	0.001361
1.081073	0.001393
1.082261	0.001423
1.083493	0.001454
1.084682	0.001485
1.085938	0.001516
1.087141	0.001547
1.088359	0.001579
1.089652	0.001610
1.090899	0.001642
1.092059	0.001674
1.093338	0.001706
1.094532	0.001737
1.095826	0.001769
1.097034	0.001801
1.098256	0.001833
1.099517	0.001866
1.100715	0.001898
1.101951	0.001930
1.103241	0.001963
1.104439	0.001996
1.105685	0.002029
1.106884	0.002062
1.108163	0.002094
1.109376	0.002127
1.110565	0.002160
1.111863	0.002194
1.113062	0.002226
1.114289	0.002260
1.115511	0.002293
1.116791	0.002327
1.117975	0.002361
1.119273	0.002397
1.120486	0.002432
1.121694	0.002466
1.122893	0.002501
1.124163	0.002536
1.125299	0.002571
1.126574	0.002607
1.127796	0.002641
1.129071	0.002678
1.130327	0.002713
1.131501	0.002747
1.132728	0.002781
1.133989	0.002816
1.135230	0.002851
1.136438	0.002887
1.137674	0.002923
1.138945	0.002960
1.140152	0.002996
1.141384	0.003032
1.142630	0.003068
1.143905	0.003105
1.145075	0.003143
1.146326	0.003179
1.147563	0.003215
1.148861	0.003254
1.150060	0.003291
1.151244	0.003328
1.152499	0.003365
1.153726	0.003403
1.154915	0.003442
1.156185	0.003480
1.157408	0.003516
1.158682	0.003555
1.159881	0.003592
1.161151	0.003629
1.162349	0.003665
1.163543	0.003703
1.164803	0.003740
1.166049	0.003776
1.167219	0.003813
1.168527	0.003851
1.169759	0.003888
1.170991	0.003925
1.172180	0.003962
1.173388	0.003999
1.174663	0.004036
1.175899	0.004074
1.177079	0.004113
1.178406	0.004154
1.179580	0.004192
1.180798	0.004233
1.182020	0.004271
1.183367	0.004314
1.184651	0.004352
1.185787	0.004390
1.187062	0.004429
1.188346	0.004468
1.189597	0.004507
1.190767	0.004545
1.192023	0.004583
1.193298	0.004623
1.194439	0.004663
1.195699	0.004703
1.196859	0.004743
1.198225	0.004784
