1.198958	0.004099
1.197698	0.004156
1.196472	0.004187
1.195243	0.004203
1.194023	0.004215
1.192759	0.004218
1.191526	0.004218
1.190328	0.004214
1.189094	0.004207
1.187808	0.004194
1.186602	0.004180
1.185377	0.004164
1.184152	0.004145
1.182808	0.004120
1.181585	0.004097
1.180367	0.004072
1.180050	0.004066
1.179069	0.004022
1.177756	0.003964
1.176548	0.003908
1.175392	0.003853
1.174084	0.003797
1.172814	0.003741
1.171620	0.003686
1.170393	0.003630
1.169171	0.003576
1.167920	0.003518
1.166727	0.003463
1.165485	0.003408
1.164182	0.003354
1.162998	0.003299
1.161809	0.003244
1.160630	0.003189
1.159412	0.003135
1.158090	0.003078
1.156886	0.003023
1.155669	0.002969
1.154475	0.002914
1.153177	0.002860
1.151906	0.002806
1.150713	0.002751
1.149472	0.002697
1.148235	0.002640
1.147041	0.002586
1.145709	0.002532
1.144602	0.002479
1.143293	0.002423
1.142014	0.002368
1.140796	0.002315
1.139631	0.002265
1.138304	0.002208
1.137110	0.002153
1.135836	0.002101
1.134609	0.002050
1.133396	0.001996
1.132221	0.001941
1.130932	0.001889
1.129724	0.001841
1.128440	0.001786
1.127184	0.001728
1.126038	0.001680
1.124759	0.001632
1.123584	0.001578
1.122347	0.001524
1.121116	0.001477
1.119903	0.001429
1.118633	0.001373
1.117411	0.001321
1.116131	0.001274
1.114918	0.001225
1.113687	0.001170
1.112440	0.001122
1.111209	0.001076
1.110020	0.001025
1.108735	0.000970
1.107532	0.000923
1.106267	0.000877
1.105169	0.000826
1.103808	0.000774
1.102576	0.000730
1.101349	0.000684
1.100160	0.000633
1.098838	0.000582
1.097592	0.000540
1.096450	0.000493
1.095176	0.000441
1.093915	0.000393
1.092736	0.000355
1.091528	0.000310
1.090234	0.000258
1.088959	0.000211
1.087770	0.000169
1.086534	0.000125
1.085278	7.629643E-5
1.084108	3.315496E-5
1.082824	-7.502174E-6
1.081697	-5.102585E-5
1.080413	-9.851490E-5
1.079195	-0.000144
1.077916	-0.000183
1.076703	-0.000224
1.075557	-0.000271
1.074220	-0.000314
1.073036	-0.000351
1.071823	-0.000394
1.070515	-0.000440
1.069279	-0.000481
1.068114	-0.000518
1.066872	-0.000558
1.065602	-0.000603
1.064285	-0.000643
1.063005	-0.000674
1.061883	-0.000714
1.060637	-0.000764
1.059353	-0.000799
1.058078	-0.000830
1.056922	-0.000872
1.055657	-0.000917
1.054363	-0.000944
1.053251	-0.000975
1.052038	-0.001023
1.050720	-0.001060
1.049460	-0.001088
1.048285	-0.001125
1.047096	-0.001168
1.045802	-0.001201
1.044556	-0.001231
1.043396	-0.001268
1.042150	-0.001305
1.040866	-0.001334
1.039586	-0.001368
1.038445	-0.001402
1.037199	-0.001433
1.035891	-0.001464
1.034730	-0.001492
1.033508	-0.001527
1.032271	-0.001560
1.031068	-0.001587
1.029784	-0.001617
1.028600	-0.001652
1.027358	-0.001678
1.026060	-0.001701
1.024728	-0.001734
1.023534	-0.001769
1.022274	-0.001794
1.021118	-0.001807
1.019791	-0.001840
1.018626	-0.001877
1.017308	-0.001906
1.016095	-0.001921
1.014921	-0.001948
1.013646	-0.001985
1.012409	-0.002005
1.011182	-0.002026
1.009931	-0.002057
1.008733	-0.002085
1.007473	-0.002107
1.006217	-0.002129
1.005052	-0.002153
1.003811	-0.002175
1.002607	-0.002194
1.001423	-0.002214
1.000082	-0.002237
0.998893	-0.002262
0.997651	-0.002285
0.996429	-0.002304
0.995130	-0.002328
0.993961	-0.002346
0.992738	-0.002364
0.991521	-0.002388
0.990279	-0.002407
0.988995	-0.002421
0.987778	-0.002439
0.986498	-0.002462
0.985247	-0.002478
0.984006	-0.002491
0.982822	-0.002516
0.981628	-0.002531
0.980339	-0.002545
0.979055	-0.002558
0.977832	-0.002581
0.976620	-0.002592
0.975388	-0.002606
0.974189	-0.002624
0.972938	-0.002635
0.971726	-0.002648
0.970422	-0.002660
0.969272	-0.002680
0.968011	-0.002698
0.966722	-0.002710
0.965524	-0.002722
0.964392	-0.002735
0.963036	-0.002745
0.961919	-0.002758
0.960587	-0.002778
0.959446	-0.002785
0.958099	-0.002794
0.956996	-0.002808
0.955717	-0.002827
0.954442	-0.002837
0.953186	-0.002840
0.952007	-0.002849
0.950718	-0.002860
0.949467	-0.002870
0.948288	-0.002885
0.947075	-0.002895
0.945791	-0.002904
0.944602	-0.002918
0.943375	-0.002931
0.942167	-0.002936
0.940753	-0.002933
0.939646	-0.002940
0.938409	-0.002955
0.937110	-0.002968
0.936003	-0.002966
0.934642	-0.002975
0.933396	-0.002981
0.932279	-0.002990
0.930937	-0.003000
0.929762	-0.003016
0.928497	-0.003017
0.927423	-0.003026
0.926034	-0.003041
0.924787	-0.003046
0.923656	-0.003054
0.922357	-0.003056
0.921121	-0.003064
0.919946	-0.003066
0.918733	-0.003076
0.917311	-0.003080
0.916188	-0.003080
0.915024	-0.003083
0.913830	-0.003096
0.912498	-0.003103
0.911276	-0.003104
0.910106	-0.003110
0.908802	-0.003126
0.907523	-0.003125
0.906286	-0.003121
0.905045	-0.003123
0.903918	-0.003142
0.902581	-0.003154
0.901335	-0.003150
0.900103	-0.003156
0.898967	-0.003167
0.897716	-0.003170
0.896355	-0.003166
0.895343	-0.003172
0.894082	-0.003183
0.892693	-0.003182
0.891456	-0.003180
0.890315	-0.003188
0.889093	-0.003195
0.887775	-0.003197
0.886658	-0.003203
0.885412	-0.003201
0.884113	-0.003199
0.882924	-0.003197
0.881802	-0.003209
0.880356	-0.003215
0.879210	-0.003218
0.878083	-0.003219
0.876727	-0.003224
0.875414	-0.003230
0.874359	-0.003229
0.873113	-0.003230
0.871742	-0.003233
0.870644	-0.003246
0.869346	-0.003239
0.868109	-0.003235
0.866849	-0.003253
0.865593	-0.003265
0.864347	-0.003249
0.863134	-0.003256
0.861854	-0.003270
0.860613	-0.003265
0.859443	-0.003265
0.858240	-0.003280
0.856937	-0.003275
0.855662	-0.003270
0.854468	-0.003271
0.853322	-0.003279
0.851852	-0.003287
0.850735	-0.003280
0.849574	-0.003282
0.848362	-0.003290
0.847039	-0.003295
0.845855	-0.003292
0.844695	-0.003292
0.843329	-0.003299
0.842183	-0.003298
0.841009	-0.003306
0.839643	-0.003304
0.838498	-0.003309
0.837237	-0.003311
0.835996	-0.003308
0.834769	-0.003308
0.833675	-0.003320
0.832310	-0.003311
0.831040	-0.003306
0.829798	-0.003320
0.828624	-0.003324
0.827306	-0.003316
0.826103	-0.003312
0.824976	-0.003324
0.823572	-0.003329
0.822207	-0.003324
0.821223	-0.003323
0.819910	-0.003328
0.818707	-0.003337
0.817461	-0.003334
0.816229	-0.003335
0.814878	-0.003323
0.813775	-0.003334
0.812529	-0.003334
0.811326	-0.003334
0.810037	-0.003338
0.808905	-0.003341
0.807583	-0.003332
0.806332	-0.003327
0.805257	-0.003339
0.804126	-0.003351
0.802660	-0.003355
0.801404	-0.003346
0.800321	-0.003349
0.799031	-0.003358
0.797733	-0.003347
0.796553	-0.003350
0.795336	-0.003355
0.794075	-0.003353
0.792863	-0.003358
0.791617	-0.003365
0.790413	-0.003358
0.789086	-0.003353
0.788007	-0.003353
0.786584	-0.003360
0.785262	-0.003354
0.784278	-0.003356
0.782946	-0.003359
0.781633	-0.003356
0.780501	-0.003355
0.779313	-0.003361
0.777961	-0.003365
0.776873	-0.003366
0.775665	-0.003367
0.774376	-0.003365
0.773010	-0.003370
0.771841	-0.003365
0.770647	-0.003360
0.769296	-0.003361
0.768231	-0.003371
0.767066	-0.003375
0.765591	-0.003371
0.764559	-0.003372
0.763328	-0.003374
0.761981	-0.003374
0.760826	-0.003379
0.759517	-0.003385
0.758329	-0.003371
0.757039	-0.003370
0.755889	-0.003385
0.754652	-0.003388
0.753258	-0.003379
0.752189	-0.003386
0.750995	-0.003389
0.749706	-0.003382
0.748350	-0.003382
0.747333	-0.003387
0.746001	-0.003391
0.744750	-0.003395
0.743532	-0.003392
0.742329	-0.003392
0.740959	-0.003395
0.739765	-0.003395
0.738576	-0.003388
0.737383	-0.003400
0.735950	-0.003397
0.734948	-0.003389
0.733597	-0.003393
0.732331	-0.003398
0.731195	-0.003397
0.730073	-0.003391
0.728674	-0.003395
0.727485	-0.003395
0.726349	-0.003397
0.725050	-0.003393
0.723723	-0.003395
0.722639	-0.003400
0.721245	-0.003395
0.720042	-0.003384
0.718939	-0.003395
0.717683	-0.003407
0.716308	-0.003393
0.715143	-0.003395
0.714059	-0.003405
0.712627	-0.003393
0.711328	-0.003388
0.710316	-0.003396
0.708879	-0.003407
0.707556	-0.003400
0.706501	-0.003398
0.705317	-0.003407
0.703885	-0.003417
0.702672	-0.003410
0.701569	-0.003405
0.700390	-0.003415
0.698957	-0.003424
0.697864	-0.003408
0.696594	-0.003404
0.695334	-0.003417
0.694140	-0.003421
0.692798	-0.003411
0.691581	-0.003409
0.690473	-0.003419
0.689241	-0.003421
0.687904	-0.003410
0.686735	-0.003412
0.685589	-0.003421
0.684219	-0.003418
0.682958	-0.003406
0.681931	-0.003411
0.680595	-0.003423
0.679215	-0.003409
0.678217	-0.003410
0.677028	-0.003418
0.675581	-0.003424
0.674416	-0.003415
0.673294	-0.003419
0.671915	-0.003429
0.670673	-0.003430
0.669480	-0.003419
0.668233	-0.003416
0.666959	-0.003430
0.665732	-0.003424
0.664447	-0.003411
0.663263	-0.003414
0.662050	-0.003432
0.660819	-0.003422
0.659572	-0.003408
0.658384	-0.003422
0.657214	-0.003432
0.655824	-0.003427
0.654554	-0.003423
0.653447	-0.003424
0.652349	-0.003427
0.650806	-0.003428
0.649718	-0.003424
0.648672	-0.003419
0.647264	-0.003432
0.645951	-0.003425
0.644876	-0.003427
0.643587	-0.003429
0.642241	-0.003423
0.641296	-0.003430
0.639973	-0.003437
0.638584	-0.003434
0.637457	-0.003423
0.636321	-0.003431
0.634812	-0.003424
0.633685	-0.003422
0.632573	-0.003425
0.631226	-0.003421
0.630219	-0.003423
0.629073	-0.003432
0.627903	-0.003438
0.626471	-0.003432
0.625272	-0.003425
0.624274	-0.003425
0.622942	-0.003434
0.621658	-0.003443
0.620278	-0.003423
0.619333	-0.003415
0.617924	-0.003441
0.616654	-0.003444
0.615480	-0.003423
0.614243	-0.003423
0.612978	-0.003431
0.611827	-0.003441
0.610514	-0.003429
0.609278	-0.003430
0.608199	-0.003433
0.606972	-0.003443
0.605568	-0.003441
0.604417	-0.003441
0.603257	-0.003447
0.601887	-0.003450
0.600679	-0.003442
0.599504	-0.003436
0.598282	-0.003444
0.596921	-0.003450
0.595723	-0.003437
0.594615	-0.003436
0.593312	-0.003453
0.592113	-0.003447
0.590862	-0.003440
0.589588	-0.003452
0.588332	-0.003451
0.587081	-0.003435
0.585844	-0.003440
0.584655	-0.003452
0.583462	-0.003440
0.582158	-0.003430
0.581079	-0.003443
0.579709	-0.003452
0.578453	-0.003437
0.577245	-0.003442
0.576052	-0.003446
0.574705	-0.003452
0.573540	-0.003443
0.572251	-0.003440
0.571167	-0.003443
0.569783	-0.003445
0.568594	-0.003441
0.567491	-0.003434
0.566245	-0.003448
0.564875	-0.003448
0.563724	-0.003432
0.562602	-0.003438
0.561246	-0.003454
0.559976	-0.003451
0.558840	-0.003435
0.557579	-0.003436
0.556357	-0.003456
0.555116	-0.003450
0.553788	-0.003443
0.552466	-0.003435
0.551463	-0.003457
0.550026	-0.003454
0.548718	-0.003431
0.547710	-0.003441
0.546464	-0.003478
0.544931	-0.003450
0.543833	-0.003432
0.542778	-0.003453
0.541475	-0.003468
0.539966	-0.003452
0.538959	-0.003439
0.537832	-0.003447
0.536471	-0.003460
0.535234	-0.003462
0.534036	-0.003455
0.532804	-0.003450
0.531611	-0.003458
0.530393	-0.003473
0.529023	-0.003456
0.527872	-0.003449
0.526788	-0.003462
0.525485	-0.003464
0.524119	-0.003453
0.523021	-0.003455
0.521761	-0.003463
0.520472	-0.003464
0.519345	-0.003460
0.518209	-0.003460
0.516776	-0.003465
0.515420	-0.003458
0.514260	-0.003460
0.513176	-0.003461
0.511782	-0.003462
0.510565	-0.003449
0.509423	-0.003445
0.508110	-0.003454
0.506788	-0.003455
0.505881	-0.003457
0.504458	-0.003455
0.503207	-0.003465
0.501961	-0.003457
0.500801	-0.003448
0.499488	-0.003466
0.498203	-0.003449
0.497057	-0.003442
0.495873	-0.003457
0.494489	-0.003463
0.493319	-0.003448
0.492163	-0.003441
0.490927	-0.003442
0.489791	-0.003448
0.488492	-0.003467
0.487088	-0.003454
0.485976	-0.003446
0.484835	-0.003448
0.483445	-0.003448
0.482280	-0.003455
0.481072	-0.003458
0.479807	-0.003461
0.478465	-0.003456
0.477401	-0.003458
0.476088	-0.003456
0.474775	-0.003454
0.473700	-0.003457
0.472430	-0.003459
0.471079	-0.003454
0.470014	-0.003456
0.468749	-0.003462
0.467446	-0.003454
0.466166	-0.003457
0.465073	-0.003464
0.463789	-0.003466
0.462361	-0.003457
0.461330	-0.003455
0.460160	-0.003463
0.458790	-0.003469
0.457701	-0.003463
0.456469	-0.003469
0.455037	-0.003467
0.453858	-0.003462
0.452745	-0.003464
0.451470	-0.003471
0.450138	-0.003463
0.449193	-0.003461
0.447932	-0.003474
0.446433	-0.003468
0.445297	-0.003461
0.444170	-0.003470
0.442800	-0.003465
0.441496	-0.003448
0.440513	-0.003454
0.439104	-0.003465
0.437868	-0.003452
0.436736	-0.003452
0.435619	-0.003459
0.434115	-0.003461
0.432921	-0.003456
0.431713	-0.003452
0.430472	-0.003456
0.429168	-0.003458
0.428046	-0.003457
0.426662	-0.003450
0.425506	-0.003452
0.424408	-0.003461
0.423028	-0.003449
0.421892	-0.003453
0.420694	-0.003466
0.419476	-0.003463
0.417987	-0.003447
0.416984	-0.003450
0.415795	-0.003465
0.414406	-0.003460
0.413140	-0.003461
0.412095	-0.003461
0.410796	-0.003464
0.409478	-0.003467
0.408289	-0.003466
0.407187	-0.003462
0.405764	-0.003465
0.404608	-0.003469
0.403510	-0.003461
0.402178	-0.003465
0.400860	-0.003461
0.399815	-0.003464
0.398406	-0.003465
0.397174	-0.003463
0.396009	-0.003467
0.394701	-0.003465
0.393426	-0.003464
0.392113	-0.003468
0.391058	-0.003461
0.389803	-0.003456
0.388385	-0.003464
0.387363	-0.003458
0.386131	-0.003464
0.384751	-0.003465
0.383519	-0.003459
0.382416	-0.003461
0.381017	-0.003468
0.379848	-0.003466
0.378635	-0.003460
0.377384	-0.003464
0.376104	-0.003468
0.374959	-0.003467
0.373765	-0.003464
0.372433	-0.003462
0.371273	-0.003464
0.370112	-0.003461
0.368766	-0.003463
0.367587	-0.003461
0.366374	-0.003461
0.365118	-0.003455
0.363753	-0.003450
0.362726	-0.003453
0.361528	-0.003467
0.360048	-0.003461
0.358954	-0.003457
0.357794	-0.003468
0.356367	-0.003467
0.355278	-0.003463
0.354037	-0.003456
0.352786	-0.003452
0.351468	-0.003459
0.350389	-0.003475
0.349000	-0.003460
0.347715	-0.003443
0.346679	-0.003447
0.345438	-0.003466
0.343996	-0.003455
0.343003	-0.003453
0.341737	-0.003457
0.340506	-0.003467
0.339178	-0.003461
0.338009	-0.003465
0.336762	-0.003472
0.335349	-0.003463
0.334375	-0.003459
0.333057	-0.003461
0.331802	-0.003466
0.330675	-0.003454
0.329410	-0.003449
0.328192	-0.003453
0.326922	-0.003465
0.325619	-0.003457
0.324330	-0.003444
0.323208	-0.003454
0.321985	-0.003468
0.320696	-0.003459
0.319426	-0.003455
0.318247	-0.003458
0.317048	-0.003464
0.315678	-0.003466
0.314580	-0.003467
0.313358	-0.003465
0.312054	-0.003460
0.310803	-0.003457
0.309591	-0.003458
0.308325	-0.003450
0.307079	-0.003449
0.306029	-0.003459
0.304730	-0.003467
0.303298	-0.003452
0.302252	-0.003451
0.301164	-0.003465
0.299669	-0.003464
0.298399	-0.003463
0.297315	-0.003469
0.295955	-0.003449
0.294713	-0.003445
0.293701	-0.003454
0.292507	-0.003450
0.290975	-0.003446
0.289881	-0.003449
0.288864	-0.003473
0.287380	-0.003463
0.286133	-0.003451
0.285078	-0.003458
0.283799	-0.003470
0.282395	-0.003466
0.281373	-0.003457
0.280051	-0.003452
0.278848	-0.003463
0.277563	-0.003468
0.276451	-0.003465
0.274994	-0.003462
0.273777	-0.003466
0.272684	-0.003467
0.271418	-0.003461
0.270067	-0.003463
0.268998	-0.003467
0.267742	-0.003468
0.266376	-0.003466
0.265149	-0.003463
0.264113	-0.003466
0.262724	-0.003471
0.261454	-0.003465
0.260384	-0.003465
0.259110	-0.003472
0.257663	-0.003464
0.256617	-0.003457
0.255467	-0.003456
0.254087	-0.003459
0.252860	-0.003448
0.251805	-0.003441
0.250539	-0.003451
0.249193	-0.003468
0.248066	-0.003461
0.246734	-0.003448
0.245450	-0.003448
0.244333	-0.003464
0.242996	-0.003460
0.241745	-0.003452
0.240709	-0.003460
0.239300	-0.003473
0.238078	-0.003466
0.236980	-0.003473
0.235552	-0.003469
0.234301	-0.003459
0.233098	-0.003458
0.231981	-0.003465
0.230577	-0.003460
0.229379	-0.003459
0.228204	-0.003472
0.226820	-0.003464
0.225788	-0.003460
0.224504	-0.003468
0.223282	-0.003468
0.222016	-0.003465
0.220689	-0.003464
0.219500	-0.003469
0.218388	-0.003468
0.217060	-0.003468
0.215881	-0.003468
0.214592	-0.003461
0.213403	-0.003461
0.212219	-0.003465
0.210983	-0.003460
0.209698	-0.003456
0.208423	-0.003456
0.207383	-0.003466
0.205993	-0.003466
0.204680	-0.003457
0.203649	-0.003461
0.202441	-0.003472
0.201037	-0.003464
0.199882	-0.003465
0.198698	-0.003468
0.197346	-0.003467
0.195938	-0.003464
0.194969	-0.003456
0.193718	-0.003458
0.192348	-0.003462
0.191206	-0.003457
0.190018	-0.003452
0.188762	-0.003455
0.187559	-0.003464
0.186322	-0.003461
0.184995	-0.003454
0.183763	-0.003457
0.182603	-0.003455
0.181295	-0.003454
0.180058	-0.003454
0.178860	-0.003447
0.177733	-0.003446
0.176391	-0.003462
0.175217	-0.003446
0.174123	-0.003442
0.172810	-0.003448
0.171421	-0.003460
0.170299	-0.003452
0.168981	-0.003446
0.167749	-0.003461
0.166513	-0.003448
0.165395	-0.003443
0.164116	-0.003457
0.162846	-0.003454
0.161633	-0.003448
0.160411	-0.003456
0.159131	-0.003458
0.158043	-0.003452
0.156648	-0.003448
0.155364	-0.003455
0.154213	-0.003460
0.152943	-0.003459
0.151726	-0.003462
0.150532	-0.003459
0.149401	-0.003461
0.148102	-0.003463
0.146889	-0.003464
0.145576	-0.003467
0.144278	-0.003454
0.143098	-0.003437
0.141981	-0.003458
0.140611	-0.003450
0.139255	-0.003443
0.138209	-0.003456
0.136977	-0.003461
0.135722	-0.003451
0.134504	-0.003449
0.133435	-0.003458
0.131969	-0.003463
0.130794	-0.003458
0.129606	-0.003447
0.128469	-0.003446
0.127051	-0.003462
0.125805	-0.003455
0.124688	-0.003454
0.123313	-0.003462
0.122129	-0.003452
0.121059	-0.003450
0.119756	-0.003455
0.118376	-0.003466
0.117187	-0.003451
0.116032	-0.003440
0.114781	-0.003454
0.113649	-0.003474
0.112298	-0.003461
0.110947	-0.003447
0.109791	-0.003457
0.108684	-0.003477
0.107247	-0.003461
0.106048	-0.003447
0.105026	-0.003454
0.103728	-0.003468
0.102286	-0.003450
0.101255	-0.003448
0.100142	-0.003456
0.098652	-0.003459
0.097554	-0.003453
0.096342	-0.003446
0.095119	-0.003448
0.093735	-0.003457
0.092617	-0.003448
0.091376	-0.003447
0.090130	-0.003452
0.089008	-0.003459
0.087609	-0.003451
0.086387	-0.003433
0.085360	-0.003450
0.084014	-0.003453
0.082634	-0.003440
0.081426	-0.003435
0.080318	-0.003442
0.079000	-0.003449
0.077630	-0.003439
0.076551	-0.003440
0.075372	-0.003448
0.073982	-0.003457
0.072741	-0.003451
0.071481	-0.003443
0.070402	-0.003449
0.069041	-0.003461
0.067828	-0.003449
0.066644	-0.003445
0.065412	-0.003466
0.064147	-0.003461
0.062867	-0.003449
0.061659	-0.003455
0.060475	-0.003464
0.059177	-0.003459
0.057921	-0.003447
0.056866	-0.003457
0.055644	-0.003467
0.054335	-0.003460
0.053051	-0.003456
0.051867	-0.003459
0.050654	-0.003463
0.049241	-0.003461
0.048114	-0.003459
0.046940	-0.003459
0.045588	-0.003462
0.044514	-0.003463
0.043187	-0.003455
0.042008	-0.003447
0.040714	-0.003459
0.039530	-0.003474
0.038302	-0.003459
0.037004	-0.003452
0.035815	-0.003464
0.034531	-0.003470
0.033184	-0.003455
0.032105	-0.003461
0.030931	-0.003464
0.029579	-0.003458
0.028295	-0.003458
0.027278	-0.003461
0.025903	-0.003454
0.024662	-0.003456
0.023516	-0.003462
0.022198	-0.003454
0.020971	-0.003453
0.019739	-0.003464
0.018598	-0.003457
0.017295	-0.003455
0.016101	-0.003463
0.015046	-0.003459
0.013590	-0.003453
0.012372	-0.003450
0.011174	-0.003462
0.009932	-0.003453
0.008591	-0.003443
0.007488	-0.003447
0.006452	-0.003462
0.004943	-0.003459
0.003668	-0.003453
0.002642	-0.003456
0.001300	-0.003458
-3.213487E-5	-0.003462
-0.001111	-0.003450
-0.002357	-0.003457
-0.003718	-0.003457
-0.004811	-0.003450
-0.006015	-0.003451
-0.007385	-0.003463
-0.008569	-0.003456
-0.009748	-0.003456
-0.011042	-0.003455
-0.012255	-0.003460
-0.013420	-0.003461
-0.014618	-0.003467
-0.016089	-0.003463
-0.017192	-0.003459
-0.018362	-0.003466
-0.019617	-0.003464
-0.020921	-0.003456
-0.021971	-0.003459
-0.023313	-0.003468
-0.024683	-0.003461
-0.025829	-0.003447
-0.026994	-0.003447
-0.028159	-0.003466
-0.029496	-0.003469
-0.030608	-0.003460
-0.031921	-0.003458
-0.033124	-0.003471
-0.034328	-0.003469
-0.035664	-0.003460
-0.036868	-0.003464
-0.038118	-0.003477
-0.039388	-0.003461
-0.040754	-0.003448
-0.041747	-0.003460
-0.043041	-0.003468
-0.044282	-0.003457
-0.045548	-0.003459
-0.046708	-0.003470
-0.048045	-0.003466
-0.049257	-0.003465
-0.050384	-0.003468
-0.051592	-0.003469
-0.052910	-0.003474
-0.054223	-0.003472
-0.055498	-0.003463
-0.056672	-0.003456
-0.057770	-0.003468
-0.059064	-0.003466
-0.060368	-0.003453
-0.061600	-0.003449
-0.062569	-0.003461
-0.064006	-0.003468
-0.065314	-0.003463
-0.066465	-0.003459
-0.067582	-0.003457
-0.068962	-0.003461
-0.070132	-0.003462
-0.071411	-0.003458
-0.072614	-0.003466
-0.073899	-0.003462
-0.075021	-0.003463
-0.076343	-0.003457
-0.077671	-0.003458
-0.078711	-0.003458
-0.080110	-0.003455
-0.081318	-0.003455
-0.082555	-0.003465
-0.083663	-0.003466
-0.085219	-0.003464
-0.086403	-0.003457
-0.087411	-0.003458
-0.088733	-0.003470
-0.090089	-0.003460
-0.091120	-0.003461
-0.092309	-0.003459
-0.093603	-0.003461
-0.094911	-0.003466
-0.096153	-0.003454
-0.097318	-0.003461
-0.098741	-0.003466
