0.000000 4.689587 
0.010000 4.689490 
0.020000 4.689394 
0.030000 4.689298 
0.040000 4.689201 
0.050000 4.689105 
0.060000 4.689009 
0.070000 4.688912 
0.080000 4.688816 
0.090000 4.688720 
0.100000 4.688623 
0.110000 4.688527 
0.120000 4.688431 
0.130000 4.688334 
0.140000 4.688238 
0.150000 4.688142 
0.160000 4.688045 
0.170000 4.687949 
0.180000 4.687853 
0.190000 4.687756 
0.200000 4.687660 
0.210000 4.687564 
0.220000 4.687467 
0.230000 4.687371 
0.240000 4.687275 
0.250000 4.687178 
0.260000 4.687082 
0.270000 4.686986 
0.280000 4.686889 
0.290000 4.686793 
0.300000 4.686697 
0.310000 4.686600 
0.320000 4.686504 
0.330000 4.686408 
0.340000 4.686312 
0.350000 4.686215 
0.360000 4.686119 
0.370000 4.686023 
0.380000 4.685926 
0.390000 4.685830 
0.400000 4.685734 
0.410000 4.685637 
0.420000 4.685541 
0.430000 4.685445 
0.440000 4.685348 
0.450000 4.685252 
0.460000 4.685156 
0.470000 4.685059 
0.480000 4.684963 
0.490000 4.684867 
0.500000 4.684770 
0.510000 4.684674 
0.520000 4.684578 
0.530000 4.684481 
0.540000 4.684385 
0.550000 4.684289 
0.560000 4.684192 
0.570000 4.684096 
0.580000 4.684000 
0.590000 4.683903 
0.600000 4.683807 
0.610000 4.683711 
0.620000 4.683614 
0.630000 4.683518 
0.640000 4.683422 
0.650000 4.683325 
0.660000 4.683229 
0.670000 4.683133 
0.680000 4.683036 
0.690000 4.682940 
0.700000 4.682844 
0.710000 4.682747 
0.720000 4.682651 
0.730000 4.682555 
0.740000 4.682458 
0.750000 4.682362 
0.760000 4.682266 
0.770000 4.682169 
0.780000 4.682073 
0.790000 4.681977 
0.800000 4.681880 
0.810000 4.681784 
0.820000 4.681688 
0.830000 4.681591 
0.840000 4.681495 
0.850000 4.681399 
0.860000 4.681302 
0.870000 4.681206 
0.880000 4.681110 
0.890000 4.681013 
0.900000 4.680917 
0.910000 4.680821 
0.920000 4.680724 
0.930000 4.680628 
0.940000 4.680532 
0.950000 4.680435 
0.960000 4.680339 
0.970000 4.680243 
0.980000 4.680146 
0.990000 4.680050 
1.000000 4.679954 
1.010000 4.679857 
1.020000 4.679761 
1.030000 4.679665 
1.040000 4.679568 
1.050000 4.679472 
1.060000 4.679376 
1.070000 4.679279 
1.080000 4.679183 
1.090000 4.679087 
1.100000 4.678990 
1.110000 4.678894 
1.120000 4.678798 
1.130000 4.678701 
1.140000 4.678605 
1.150000 4.678509 
1.160000 4.678412 
1.170000 4.678316 
1.180000 4.678220 
1.190000 4.678123 
1.200000 4.678027 
1.210000 4.677931 
1.220000 4.677834 
1.230000 4.677738 
1.240000 4.677642 
1.250000 4.677545 
1.260000 4.677449 
1.270000 4.677353 
1.280000 4.677256 
1.290000 4.677160 
1.300000 4.677064 
1.310000 4.676967 
1.320000 4.676871 
1.330000 4.676775 
1.340000 4.676678 
1.350000 4.676582 
1.360000 4.676486 
1.370000 4.676389 
1.380000 4.676293 
1.390000 4.676197 
1.400000 4.676100 
1.410000 4.676004 
1.420000 4.675908 
1.430000 4.675811 
1.440000 4.675715 
1.450000 4.675619 
1.460000 4.675523 
1.470000 4.675426 
1.480000 4.675330 
1.490000 4.675234 
1.500000 4.675137 
1.510000 4.675041 
1.520000 4.674945 
1.530000 4.674848 
1.540000 4.674752 
1.550000 4.674656 
1.560000 4.674559 
1.570000 4.674463 
1.580000 4.674367 
1.590000 4.674270 
1.600000 4.674174 
1.610000 4.674078 
1.620000 4.673981 
1.630000 4.673885 
1.640000 4.673789 
1.650000 4.673692 
1.660000 4.673596 
1.670000 4.673500 
1.680000 4.673403 
1.690000 4.673307 
1.700000 4.673211 
1.710000 4.673114 
1.720000 4.673018 
1.730000 4.672922 
1.740000 4.672825 
1.750000 4.672729 
1.760000 4.672633 
1.770000 4.672536 
1.780000 4.672440 
1.790000 4.672344 
1.800000 4.672247 
1.810000 4.672151 
1.820000 4.672055 
1.830000 4.671958 
1.840000 4.671862 
1.850000 4.671766 
1.860000 4.671669 
1.870000 4.671573 
1.880000 4.671477 
1.890000 4.671380 
1.900000 4.671284 
1.910000 4.671188 
1.920000 4.671091 
1.930000 4.670995 
1.940000 4.670899 
1.950000 4.670802 
1.960000 4.670706 
1.970000 4.670610 
1.980000 4.670513 
1.990000 4.670417 
2.000000 4.670321 
2.010000 4.670224 
2.020000 4.670128 
2.030000 4.670032 
2.040000 4.669935 
2.050000 4.669839 
2.060000 4.669743 
2.070000 4.669646 
2.080000 4.669550 
2.090000 4.669454 
2.100000 4.669357 
2.110000 4.669261 
2.120000 4.669165 
2.130000 4.669068 
2.140000 4.668972 
2.150000 4.668876 
2.160000 4.668779 
2.170000 4.668683 
2.180000 4.668587 
2.190000 4.668490 
2.200000 4.668394 
2.210000 4.668298 
2.220000 4.668201 
2.230000 4.668105 
2.240000 4.668009 
2.250000 4.667912 
2.260000 4.667816 
2.270000 4.667720 
2.280000 4.667623 
2.290000 4.667527 
2.300000 4.667431 
2.310000 4.667334 
2.320000 4.667238 
2.330000 4.667142 
2.340000 4.667045 
2.350000 4.666949 
2.360000 4.666853 
2.370000 4.666756 
2.380000 4.666660 
2.390000 4.666564 
2.400000 4.666467 
2.410000 4.666371 
2.420000 4.666275 
2.430000 4.666178 
2.440000 4.666082 
2.450000 4.665986 
2.460000 4.665889 
2.470000 4.665793 
2.480000 4.665697 
2.490000 4.665600 
2.500000 4.665504 
2.510000 4.665408 
2.520000 4.665311 
2.530000 4.665215 
2.540000 4.665119 
2.550000 4.665022 
2.560000 4.664926 
2.570000 4.664830 
2.580000 4.664733 
2.590000 4.664637 
2.600000 4.664541 
2.610000 4.664444 
2.620000 4.664348 
2.630000 4.664252 
2.640000 4.664155 
2.650000 4.664059 
2.660000 4.663963 
2.670000 4.663866 
2.680000 4.663770 
2.690000 4.663674 
2.700000 4.663577 
2.710000 4.663481 
2.720000 4.663385 
2.730000 4.663288 
2.740000 4.663192 
2.750000 4.663096 
2.760000 4.662999 
2.770000 4.662903 
2.780000 4.662807 
2.790000 4.662710 
2.800000 4.662614 
2.810000 4.662518 
2.820000 4.662421 
2.830000 4.662325 
2.840000 4.662229 
2.850000 4.662132 
2.860000 4.662036 
2.870000 4.661940 
2.880000 4.661843 
2.890000 4.661747 
2.900000 4.661651 
2.910000 4.661554 
2.920000 4.661458 
2.930000 4.661362 
2.940000 4.661265 
2.950000 4.661169 
2.960000 4.661073 
2.970000 4.660976 
2.980000 4.660880 
2.990000 4.660784 
3.000000 4.660687 
3.010000 4.660591 
3.020000 4.660495 
3.030000 4.660398 
3.040000 4.660302 
3.050000 4.660206 
3.060000 4.660109 
3.070000 4.660013 
3.080000 4.659917 
3.090000 4.659820 
3.100000 4.659724 
3.110000 4.659628 
3.120000 4.659531 
3.130000 4.659435 
3.140000 4.659339 
3.150000 4.659242 
3.160000 4.659146 
3.170000 4.659050 
3.180000 4.658953 
3.190000 4.658857 
3.200000 4.658761 
3.210000 4.658664 
3.220000 4.658568 
3.230000 4.658472 
3.240000 4.658375 
3.250000 4.658279 
3.260000 4.658183 
3.270000 4.658086 
3.280000 4.657990 
3.290000 4.657894 
3.300000 4.657797 
3.310000 4.657701 
3.320000 4.657605 
3.330000 4.657508 
3.340000 4.657412 
3.350000 4.657316 
3.360000 4.657219 
3.370000 4.657123 
3.380000 4.657027 
3.390000 4.656930 
3.400000 4.656834 
3.410000 4.656738 
3.420000 4.656641 
3.430000 4.656545 
3.440000 4.656449 
3.450000 4.656352 
3.460000 4.656256 
3.470000 4.656160 
3.480000 4.656063 
3.490000 4.655967 
3.500000 4.655871 
3.510000 4.655774 
3.520000 4.655678 
3.530000 4.655582 
3.540000 4.655485 
3.550000 4.655389 
3.560000 4.655293 
3.570000 4.655196 
3.580000 4.655100 
3.590000 4.655004 
3.600000 4.654907 
3.610000 4.654811 
3.620000 4.654715 
3.630000 4.654618 
3.640000 4.654522 
3.650000 4.654426 
3.660000 4.654329 
3.670000 4.654233 
3.680000 4.654137 
3.690000 4.654040 
3.700000 4.653944 
3.710000 4.653848 
3.720000 4.653751 
3.730000 4.653655 
3.740000 4.653559 
3.750000 4.653462 
3.760000 4.653366 
3.770000 4.653270 
3.780000 4.653173 
3.790000 4.653077 
3.800000 4.652981 
3.810000 4.652884 
3.820000 4.652788 
3.830000 4.652692 
3.840000 4.652595 
3.850000 4.652499 
3.860000 4.652403 
3.870000 4.652306 
3.880000 4.652210 
3.890000 4.652114 
3.900000 4.652017 
3.910000 4.651921 
3.920000 4.651825 
3.930000 4.651728 
3.940000 4.651632 
3.950000 4.651536 
3.960000 4.651439 
3.970000 4.651343 
3.980000 4.651247 
3.990000 4.651150 
4.000000 4.651054 
4.010000 4.650958 
4.020000 4.650861 
4.030000 4.650765 
4.040000 4.650669 
4.050000 4.650572 
4.060000 4.650476 
4.070000 4.650380 
4.080000 4.650283 
4.090000 4.650187 
4.100000 4.650091 
4.110000 4.649994 
4.120000 4.649898 
4.130000 4.649802 
4.140000 4.649705 
4.150000 4.649609 
4.160000 4.649513 
4.170000 4.649416 
4.180000 4.649320 
4.190000 4.649224 
4.200000 4.649127 
4.210000 4.649031 
4.220000 4.648935 
4.230000 4.648838 
4.240000 4.648742 
4.250000 4.648646 
4.260000 4.648549 
4.270000 4.648453 
4.280000 4.648357 
4.290000 4.648260 
4.300000 4.648164 
4.310000 4.648068 
4.320000 4.647971 
4.330000 4.647875 
4.340000 4.647779 
4.350000 4.647682 
4.360000 4.647586 
4.370000 4.647490 
4.380000 4.647393 
4.390000 4.647297 
4.400000 4.647200 
4.410000 4.647104 
4.420000 4.647008 
4.430000 4.646911 
4.440000 4.646815 
4.450000 4.646719 
4.460000 4.646622 
4.470000 4.646526 
4.480000 4.646430 
4.490000 4.646333 
4.500000 4.646237 
4.510000 4.646141 
4.520000 4.646044 
4.530000 4.645948 
4.540000 4.645852 
4.550000 4.645755 
4.560000 4.645659 
4.570000 4.645563 
4.580000 4.645466 
4.590000 4.645370 
4.600000 4.645274 
4.610000 4.645177 
4.620000 4.645081 
4.630000 4.644985 
4.640000 4.644888 
4.650000 4.644792 
4.660000 4.644696 
4.670000 4.644599 
4.680000 4.644503 
4.690000 4.644407 
4.700000 4.644310 
4.710000 4.644214 
4.720000 4.644118 
4.730000 4.644021 
4.740000 4.643925 
4.750000 4.643829 
4.760000 4.643732 
4.770000 4.643636 
4.780000 4.643539 
4.790000 4.643443 
4.800000 4.643347 
4.810000 4.643250 
4.820000 4.643154 
4.830000 4.643058 
4.840000 4.642961 
4.850000 4.642865 
4.860000 4.642769 
4.870000 4.642672 
4.880000 4.642576 
4.890000 4.642480 
4.900000 4.642383 
4.910000 4.642287 
4.920000 4.642191 
4.930000 4.642094 
4.940000 4.641998 
4.950000 4.641902 
4.960000 4.641805 
4.970000 4.641709 
4.980000 4.641613 
4.990000 4.641516 
5.000000 4.641420 
5.010000 4.641324 
5.020000 4.641227 
5.030000 4.641131 
5.040000 4.641034 
5.050000 4.640938 
5.060000 4.640842 
5.070000 4.640745 
5.080000 4.640649 
5.090000 4.640553 
5.100000 4.640456 
5.110000 4.640360 
5.120000 4.640264 
5.130000 4.640167 
5.140000 4.640071 
5.150000 4.639975 
5.160000 4.639878 
5.170000 4.639782 
5.180000 4.639686 
5.190000 4.639589 
5.200000 4.639493 
5.210000 4.639397 
5.220000 4.639300 
5.230000 4.639204 
5.240000 4.639107 
5.250000 4.639011 
5.260000 4.638915 
5.270000 4.638818 
5.280000 4.638722 
5.290000 4.638626 
5.300000 4.638529 
5.310000 4.638433 
5.320000 4.638337 
5.330000 4.638240 
5.340000 4.638144 
5.350000 4.638048 
5.360000 4.637951 
5.370000 4.637855 
5.380000 4.637759 
5.390000 4.637662 
5.400000 4.637566 
5.410000 4.637469 
5.420000 4.637373 
5.430000 4.637277 
5.440000 4.637180 
5.450000 4.637084 
5.460000 4.636988 
5.470000 4.636891 
5.480000 4.636795 
5.490000 4.636699 
5.500000 4.636602 
5.510000 4.636506 
5.520000 4.636410 
5.530000 4.636313 
5.540000 4.636217 
5.550000 4.636120 
5.560000 4.636024 
5.570000 4.635928 
5.580000 4.635831 
5.590000 4.635735 
5.600000 4.635639 
5.610000 4.635542 
5.620000 4.635446 
5.630000 4.635350 
5.640000 4.635253 
5.650000 4.635157 
5.660000 4.635061 
5.670000 4.634964 
5.680000 4.634868 
5.690000 4.634771 
5.700000 4.634675 
5.710000 4.634579 
5.720000 4.634482 
5.730000 4.634386 
5.740000 4.634290 
5.750000 4.634193 
5.760000 4.634097 
5.770000 4.634000 
5.780000 4.633904 
5.790000 4.633808 
5.800000 4.633711 
5.810000 4.633615 
5.820000 4.633519 
5.830000 4.633422 
5.840000 4.633326 
5.850000 4.633230 
5.860000 4.633133 
5.870000 4.633037 
5.880000 4.632940 
5.890000 4.632844 
5.900000 4.632748 
5.910000 4.632651 
5.920000 4.632555 
5.930000 4.632459 
5.940000 4.632362 
5.950000 4.632266 
5.960000 4.632169 
5.970000 4.632073 
5.980000 4.631977 
5.990000 4.631880 
6.000000 4.631784 
6.010000 4.631688 
6.020000 4.631591 
6.030000 4.631495 
6.040000 4.631398 
6.050000 4.631302 
6.060000 4.631206 
6.070000 4.631109 
6.080000 4.631013 
6.090000 4.630917 
6.100000 4.630820 
6.110000 4.630724 
6.120000 4.630627 
6.130000 4.630531 
6.140000 4.630435 
6.150000 4.630338 
6.160000 4.630242 
6.170000 4.630146 
6.180000 4.630049 
6.190000 4.629953 
6.200000 4.629856 
6.210000 4.629760 
6.220000 4.629664 
6.230000 4.629567 
6.240000 4.629471 
6.250000 4.629374 
6.260000 4.629278 
6.270000 4.629182 
6.280000 4.629085 
6.290000 4.628989 
6.300000 4.628893 
6.310000 4.628796 
6.320000 4.628700 
6.330000 4.628603 
6.340000 4.628507 
6.350000 4.628411 
6.360000 4.628314 
6.370000 4.628218 
6.380000 4.628121 
6.390000 4.628025 
6.400000 4.627929 
6.410000 4.627832 
6.420000 4.627736 
6.430000 4.627639 
6.440000 4.627543 
6.450000 4.627447 
6.460000 4.627350 
6.470000 4.627254 
6.480000 4.627157 
6.490000 4.627061 
6.500000 4.626965 
6.510000 4.626868 
6.520000 4.626772 
6.530000 4.626675 
6.540000 4.626579 
6.550000 4.626483 
6.560000 4.626386 
6.570000 4.626290 
6.580000 4.626193 
6.590000 4.626097 
6.600000 4.626001 
6.610000 4.625904 
6.620000 4.625808 
6.630000 4.625711 
6.640000 4.625615 
6.650000 4.625519 
6.660000 4.625422 
6.670000 4.625326 
6.680000 4.625229 
6.690000 4.625133 
6.700000 4.625036 
6.710000 4.624940 
6.720000 4.624844 
6.730000 4.624747 
6.740000 4.624651 
6.750000 4.624554 
6.760000 4.624458 
6.770000 4.624362 
6.780000 4.624265 
6.790000 4.624169 
6.800000 4.624072 
6.810000 4.623976 
6.820000 4.623879 
6.830000 4.623783 
6.840000 4.623687 
6.850000 4.623590 
6.860000 4.623494 
6.870000 4.623397 
6.880000 4.623301 
6.890000 4.623204 
6.900000 4.623108 
6.910000 4.623012 
6.920000 4.622915 
6.930000 4.622819 
6.940000 4.622722 
6.950000 4.622626 
6.960000 4.622529 
6.970000 4.622433 
6.980000 4.622336 
6.990000 4.622240 
7.000000 4.622144 
7.010000 4.622047 
7.020000 4.621951 
7.030000 4.621854 
7.040000 4.621758 
7.050000 4.621661 
7.060000 4.621565 
7.070000 4.621468 
7.080000 4.621372 
7.090000 4.621276 
7.100000 4.621179 
7.110000 4.621083 
7.120000 4.620986 
7.130000 4.620890 
7.140000 4.620793 
7.150000 4.620697 
7.160000 4.620600 
7.170000 4.620504 
7.180000 4.620407 
7.190000 4.620311 
7.200000 4.620215 
7.210000 4.620118 
7.220000 4.620022 
7.230000 4.619925 
7.240000 4.619829 
7.250000 4.619732 
7.260000 4.619636 
7.270000 4.619539 
7.280000 4.619443 
7.290000 4.619346 
7.300000 4.619250 
7.310000 4.619153 
7.320000 4.619057 
7.330000 4.618960 
7.340000 4.618864 
7.350000 4.618767 
7.360000 4.618671 
7.370000 4.618574 
7.380000 4.618478 
7.390000 4.618381 
7.400000 4.618285 
7.410000 4.618188 
7.420000 4.618092 
7.430000 4.617995 
7.440000 4.617899 
7.450000 4.617802 
7.460000 4.617706 
7.470000 4.617609 
7.480000 4.617513 
7.490000 4.617416 
7.500000 4.617320 
7.510000 4.617223 
7.520000 4.617127 
7.530000 4.617030 
7.540000 4.616934 
7.550000 4.616837 
7.560000 4.616741 
7.570000 4.616644 
7.580000 4.616548 
7.590000 4.616451 
7.600000 4.616355 
7.610000 4.616258 
7.620000 4.616162 
7.630000 4.616065 
7.640000 4.615968 
7.650000 4.615872 
7.660000 4.615775 
7.670000 4.615679 
7.680000 4.615582 
7.690000 4.615486 
7.700000 4.615389 
7.710000 4.615293 
7.720000 4.615196 
7.730000 4.615100 
7.740000 4.615003 
7.750000 4.614906 
7.760000 4.614810 
7.770000 4.614713 
7.780000 4.614617 
7.790000 4.614520 
7.800000 4.614424 
7.810000 4.614327 
7.820000 4.614230 
7.830000 4.614134 
7.840000 4.614037 
7.850000 4.613941 
7.860000 4.613844 
7.870000 4.613748 
7.880000 4.613651 
7.890000 4.613554 
7.900000 4.613458 
7.910000 4.613361 
7.920000 4.613265 
7.930000 4.613168 
7.940000 4.613071 
7.950000 4.612975 
7.960000 4.612878 
7.970000 4.612782 
7.980000 4.612685 
7.990000 4.612588 
8.000000 4.612492 
8.010000 4.612395 
8.020000 4.612298 
8.030000 4.612202 
8.040000 4.612105 
8.050000 4.612009 
8.060000 4.611912 
8.070000 4.611815 
8.080000 4.611719 
8.090000 4.611622 
8.100000 4.611525 
8.110000 4.611429 
8.120000 4.611332 
8.130000 4.611235 
8.140000 4.611139 
8.150000 4.611042 
8.160000 4.610945 
8.170000 4.610849 
8.180000 4.610752 
8.190000 4.610655 
8.200000 4.610559 
8.210000 4.610462 
8.220000 4.610365 
8.230000 4.610269 
8.240000 4.610172 
8.250000 4.610075 
8.260000 4.609979 
8.270000 4.609882 
8.280000 4.609785 
8.290000 4.609688 
8.300000 4.609592 
8.310000 4.609495 
8.320000 4.609398 
8.330000 4.609302 
8.340000 4.609205 
8.350000 4.609108 
8.360000 4.609011 
8.370000 4.608915 
8.380000 4.608818 
8.390000 4.608721 
8.400000 4.608624 
8.410000 4.608528 
8.420000 4.608431 
8.430000 4.608334 
8.440000 4.608237 
8.450000 4.608141 
8.460000 4.608044 
8.470000 4.607947 
8.480000 4.607850 
8.490000 4.607753 
8.500000 4.607657 
8.510000 4.607560 
8.520000 4.607463 
8.530000 4.607366 
8.540000 4.607269 
8.550000 4.607173 
8.560000 4.607076 
8.570000 4.606979 
8.580000 4.606882 
8.590000 4.606785 
8.600000 4.606688 
8.610000 4.606592 
8.620000 4.606495 
8.630000 4.606398 
8.640000 4.606301 
8.650000 4.606204 
8.660000 4.606107 
8.670000 4.606010 
8.680000 4.605914 
8.690000 4.605817 
8.700000 4.605720 
8.710000 4.605623 
8.720000 4.605526 
8.730000 4.605429 
8.740000 4.605332 
8.750000 4.605235 
8.760000 4.605138 
8.770000 4.605041 
8.780000 4.604944 
8.790000 4.604847 
8.800000 4.604751 
8.810000 4.604654 
8.820000 4.604557 
8.830000 4.604460 
8.840000 4.604363 
8.850000 4.604266 
8.860000 4.604169 
8.870000 4.604072 
8.880000 4.603975 
8.890000 4.603878 
8.900000 4.603781 
8.910000 4.603684 
8.920000 4.603587 
8.930000 4.603490 
8.940000 4.603393 
8.950000 4.603296 
8.960000 4.603199 
8.970000 4.603101 
8.980000 4.603004 
8.990000 4.602907 
9.000000 4.602810 
9.010000 4.602713 
9.020000 4.602616 
9.030000 4.602519 
9.040000 4.602422 
9.050000 4.602325 
9.060000 4.602228 
9.070000 4.602131 
9.080000 4.602033 
9.090000 4.601936 
9.100000 4.601839 
9.110000 4.601742 
9.120000 4.601645 
9.130000 4.601548 
9.140000 4.601450 
9.150000 4.601353 
9.160000 4.601256 
9.170000 4.601159 
9.180000 4.601062 
9.190000 4.600964 
9.200000 4.600867 
9.210000 4.600770 
9.220000 4.600673 
9.230000 4.600575 
9.240000 4.600478 
9.250000 4.600381 
9.260000 4.600284 
9.270000 4.600186 
9.280000 4.600089 
9.290000 4.599992 
9.300000 4.599894 
9.310000 4.599797 
9.320000 4.599700 
9.330000 4.599602 
9.340000 4.599505 
9.350000 4.599408 
9.360000 4.599310 
9.370000 4.599213 
9.380000 4.599116 
9.390000 4.599018 
9.400000 4.598921 
9.410000 4.598823 
9.420000 4.598726 
9.430000 4.598628 
9.440000 4.598531 
9.450000 4.598433 
9.460000 4.598336 
9.470000 4.598239 
9.480000 4.598141 
9.490000 4.598043 
9.500000 4.597946 
9.510000 4.597848 
9.520000 4.597751 
9.530000 4.597653 
9.540000 4.597556 
9.550000 4.597458 
9.560000 4.597361 
9.570000 4.597263 
9.580000 4.597165 
9.590000 4.597068 
9.600000 4.596970 
9.610000 4.596872 
9.620000 4.596775 
9.630000 4.596677 
9.640000 4.596579 
9.650000 4.596482 
9.660000 4.596384 
9.670000 4.596286 
9.680000 4.596188 
9.690000 4.596091 
9.700000 4.595993 
9.710000 4.595895 
9.720000 4.595797 
9.730000 4.595700 
9.740000 4.595602 
9.750000 4.595504 
9.760000 4.595406 
9.770000 4.595308 
9.780000 4.595210 
9.790000 4.595112 
9.800000 4.595014 
9.810000 4.594917 
9.820000 4.594819 
9.830000 4.594721 
9.840000 4.594623 
9.850000 4.594525 
9.860000 4.594427 
9.870000 4.594329 
9.880000 4.594231 
9.890000 4.594133 
9.900000 4.594034 
9.910000 4.593936 
9.920000 4.593838 
9.930000 4.593740 
9.940000 4.593642 
9.950000 4.593544 
9.960000 4.593446 
9.970000 4.593347 
9.980000 4.593249 
9.990000 4.593151 
10.000000 4.593053 
10.010000 4.592955 
10.020000 4.592856 
10.030000 4.592758 
10.040000 4.592660 
10.050000 4.592561 
10.060000 4.592463 
10.070000 4.592365 
10.080000 4.592266 
10.090000 4.592168 
10.100000 4.592069 
10.110000 4.591971 
10.120000 4.591872 
10.130000 4.591774 
10.140000 4.591675 
10.150000 4.591577 
10.160000 4.591478 
10.170000 4.591380 
10.180000 4.591281 
10.190000 4.591183 
10.200000 4.591084 
10.210000 4.590985 
10.220000 4.590887 
10.230000 4.590788 
10.240000 4.590689 
10.250000 4.590590 
10.260000 4.590492 
10.270000 4.590393 
10.280000 4.590294 
10.290000 4.590195 
10.300000 4.590096 
10.310000 4.589997 
10.320000 4.589898 
10.330000 4.589799 
10.340000 4.589700 
10.350000 4.589601 
10.360000 4.589502 
10.370000 4.589403 
10.380000 4.589304 
10.390000 4.589205 
10.400000 4.589106 
10.410000 4.589007 
10.420000 4.588908 
10.430000 4.588809 
10.440000 4.588709 
10.450000 4.588610 
10.460000 4.588511 
10.470000 4.588412 
10.480000 4.588312 
10.490000 4.588213 
10.500000 4.588113 
10.510000 4.588014 
10.520000 4.587915 
10.530000 4.587815 
10.540000 4.587716 
10.550000 4.587616 
10.560000 4.587516 
10.570000 4.587417 
10.580000 4.587317 
10.590000 4.587217 
10.600000 4.587118 
10.610000 4.587018 
10.620000 4.586918 
10.630000 4.586818 
10.640000 4.586719 
10.650000 4.586619 
10.660000 4.586519 
10.670000 4.586419 
10.680000 4.586319 
10.690000 4.586219 
10.700000 4.586119 
10.710000 4.586019 
10.720000 4.585919 
10.730000 4.585819 
10.740000 4.585718 
10.750000 4.585618 
10.760000 4.585518 
10.770000 4.585418 
10.780000 4.585317 
10.790000 4.585217 
10.800000 4.585117 
10.810000 4.585016 
10.820000 4.584916 
10.830000 4.584815 
10.840000 4.584714 
10.850000 4.584614 
10.860000 4.584513 
10.870000 4.584413 
10.880000 4.584312 
10.890000 4.584211 
10.900000 4.584110 
10.910000 4.584009 
10.920000 4.583909 
10.930000 4.583808 
10.940000 4.583707 
10.950000 4.583606 
10.960000 4.583504 
10.970000 4.583403 
10.980000 4.583302 
10.990000 4.583201 
11.000000 4.583100 
11.010000 4.582998 
11.020000 4.582897 
11.030000 4.582796 
11.040000 4.582694 
11.050000 4.582593 
11.060000 4.582491 
11.070000 4.582390 
11.080000 4.582288 
11.090000 4.582186 
11.100000 4.582085 
11.110000 4.581983 
11.120000 4.581881 
11.130000 4.581779 
11.140000 4.581677 
11.150000 4.581575 
11.160000 4.581473 
11.170000 4.581371 
11.180000 4.581269 
11.190000 4.581167 
11.200000 4.581064 
11.210000 4.580962 
11.220000 4.580860 
11.230000 4.580757 
11.240000 4.580655 
11.250000 4.580552 
11.260000 4.580449 
11.270000 4.580347 
11.280000 4.580244 
11.290000 4.580141 
11.300000 4.580038 
11.310000 4.579935 
11.320000 4.579832 
11.330000 4.579729 
11.340000 4.579626 
11.350000 4.579523 
11.360000 4.579420 
11.370000 4.579316 
11.380000 4.579213 
11.390000 4.579110 
11.400000 4.579006 
11.410000 4.578902 
11.420000 4.578799 
11.430000 4.578695 
11.440000 4.578591 
11.450000 4.578487 
11.460000 4.578384 
11.470000 4.578279 
11.480000 4.578175 
11.490000 4.578071 
11.500000 4.577967 
11.510000 4.577863 
11.520000 4.577758 
11.530000 4.577654 
11.540000 4.577549 
11.550000 4.577445 
11.560000 4.577340 
11.570000 4.577235 
11.580000 4.577130 
11.590000 4.577026 
11.600000 4.576921 
11.610000 4.576815 
11.620000 4.576710 
11.630000 4.576605 
11.640000 4.576500 
11.650000 4.576394 
11.660000 4.576289 
11.670000 4.576183 
11.680000 4.576077 
11.690000 4.575972 
11.700000 4.575866 
11.710000 4.575760 
11.720000 4.575654 
11.730000 4.575548 
11.740000 4.575441 
11.750000 4.575335 
11.760000 4.575229 
11.770000 4.575122 
11.780000 4.575015 
11.790000 4.574909 
11.800000 4.574802 
11.810000 4.574695 
11.820000 4.574588 
11.830000 4.574481 
11.840000 4.574374 
11.850000 4.574266 
11.860000 4.574159 
11.870000 4.574051 
11.880000 4.573944 
11.890000 4.573836 
11.900000 4.573728 
11.910000 4.573620 
11.920000 4.573512 
11.930000 4.573404 
11.940000 4.573296 
11.950000 4.573187 
11.960000 4.573079 
11.970000 4.572970 
11.980000 4.572861 
11.990000 4.572752 
12.000000 4.572643 
12.010000 4.572534 
12.020000 4.572425 
12.030000 4.572316 
12.040000 4.572206 
12.050000 4.572096 
12.060000 4.571987 
12.070000 4.571877 
12.080000 4.571767 
12.090000 4.571657 
12.100000 4.571546 
12.110000 4.571436 
12.120000 4.571326 
12.130000 4.571215 
12.140000 4.571104 
12.150000 4.570993 
12.160000 4.570882 
12.170000 4.570771 
12.180000 4.570660 
12.190000 4.570548 
12.200000 4.570436 
12.210000 4.570325 
12.220000 4.570213 
12.230000 4.570101 
12.240000 4.569988 
12.250000 4.569876 
12.260000 4.569764 
12.270000 4.569651 
12.280000 4.569538 
12.290000 4.569425 
12.300000 4.569312 
12.310000 4.569199 
12.320000 4.569085 
12.330000 4.568971 
12.340000 4.568858 
12.350000 4.568744 
12.360000 4.568630 
12.370000 4.568515 
12.380000 4.568401 
12.390000 4.568286 
12.400000 4.568171 
12.410000 4.568056 
12.420000 4.567941 
12.430000 4.567826 
12.440000 4.567710 
12.450000 4.567595 
12.460000 4.567479 
12.470000 4.567363 
12.480000 4.567246 
12.490000 4.567130 
12.500000 4.567013 
12.510000 4.566896 
12.520000 4.566779 
12.530000 4.566662 
12.540000 4.566545 
12.550000 4.566427 
12.560000 4.566309 
12.570000 4.566191 
12.580000 4.566073 
12.590000 4.565954 
12.600000 4.565836 
12.610000 4.565717 
12.620000 4.565598 
12.630000 4.565478 
12.640000 4.565359 
12.650000 4.565239 
12.660000 4.565119 
12.670000 4.564999 
12.680000 4.564879 
12.690000 4.564758 
12.700000 4.564637 
12.710000 4.564516 
12.720000 4.564395 
12.730000 4.564273 
12.740000 4.564151 
12.750000 4.564029 
12.760000 4.563907 
12.770000 4.563784 
12.780000 4.563661 
12.790000 4.563538 
12.800000 4.563415 
12.810000 4.563292 
12.820000 4.563168 
12.830000 4.563044 
12.840000 4.562919 
12.850000 4.562795 
12.860000 4.562670 
12.870000 4.562545 
12.880000 4.562419 
12.890000 4.562293 
12.900000 4.562167 
12.910000 4.562041 
12.920000 4.561915 
12.930000 4.561788 
12.940000 4.561661 
12.950000 4.561533 
12.960000 4.561406 
12.970000 4.561278 
12.980000 4.561149 
12.990000 4.561021 
13.000000 4.560892 
13.010000 4.560762 
13.020000 4.560633 
13.030000 4.560503 
13.040000 4.560373 
13.050000 4.560242 
13.060000 4.560112 
13.070000 4.559980 
13.080000 4.559849 
13.090000 4.559717 
13.100000 4.559585 
13.110000 4.559453 
13.120000 4.559320 
13.130000 4.559187 
13.140000 4.559053 
13.150000 4.558919 
13.160000 4.558785 
13.170000 4.558650 
13.180000 4.558515 
13.190000 4.558380 
13.200000 4.558244 
13.210000 4.558108 
13.220000 4.557972 
13.230000 4.557835 
13.240000 4.557698 
13.250000 4.557560 
13.260000 4.557422 
13.270000 4.557284 
13.280000 4.557145 
13.290000 4.557006 
13.300000 4.556866 
13.310000 4.556726 
13.320000 4.556586 
13.330000 4.556445 
13.340000 4.556304 
13.350000 4.556162 
13.360000 4.556020 
13.370000 4.555877 
13.380000 4.555734 
13.390000 4.555591 
13.400000 4.555447 
13.410000 4.555303 
13.420000 4.555158 
13.430000 4.555013 
13.440000 4.554867 
13.450000 4.554721 
13.460000 4.554574 
13.470000 4.554427 
13.480000 4.554279 
13.490000 4.554131 
13.500000 4.553983 
13.510000 4.553834 
13.520000 4.553684 
13.530000 4.553534 
13.540000 4.553383 
13.550000 4.553232 
13.560000 4.553081 
13.570000 4.552929 
13.580000 4.552776 
13.590000 4.552623 
13.600000 4.552469 
13.610000 4.552315 
13.620000 4.552160 
13.630000 4.552004 
13.640000 4.551848 
13.650000 4.551692 
13.660000 4.551535 
13.670000 4.551377 
13.680000 4.551219 
13.690000 4.551060 
13.700000 4.550901 
13.710000 4.550741 
13.720000 4.550580 
13.730000 4.550419 
13.740000 4.550257 
13.750000 4.550094 
13.760000 4.549931 
13.770000 4.549767 
13.780000 4.549603 
13.790000 4.549438 
13.800000 4.549272 
13.810000 4.549106 
13.820000 4.548939 
13.830000 4.548771 
13.840000 4.548603 
13.850000 4.548434 
13.860000 4.548264 
13.870000 4.548094 
13.880000 4.547923 
13.890000 4.547751 
13.900000 4.547579 
13.910000 4.547405 
13.920000 4.547231 
13.930000 4.547057 
13.940000 4.546881 
13.950000 4.546705 
13.960000 4.546528 
13.970000 4.546350 
13.980000 4.546172 
13.990000 4.545992 
14.000000 4.545812 
14.010000 4.545632 
14.020000 4.545450 
14.030000 4.545267 
14.040000 4.545084 
14.050000 4.544900 
14.060000 4.544715 
14.070000 4.544529 
14.080000 4.544343 
14.090000 4.544155 
14.100000 4.543967 
14.110000 4.543778 
14.120000 4.543588 
14.130000 4.543397 
14.140000 4.543205 
14.150000 4.543012 
14.160000 4.542818 
14.170000 4.542624 
14.180000 4.542428 
14.190000 4.542232 
14.200000 4.542034 
14.210000 4.541836 
14.220000 4.541637 
14.230000 4.541436 
14.240000 4.541235 
14.250000 4.541033 
14.260000 4.540829 
14.270000 4.540625 
14.280000 4.540420 
14.290000 4.540213 
14.300000 4.540006 
14.310000 4.539798 
14.320000 4.539588 
14.330000 4.539378 
14.340000 4.539166 
14.350000 4.538953 
14.360000 4.538739 
14.370000 4.538524 
14.380000 4.538308 
14.390000 4.538091 
14.400000 4.537873 
14.410000 4.537653 
14.420000 4.537432 
14.430000 4.537211 
14.440000 4.536988 
14.450000 4.536763 
14.460000 4.536538 
14.470000 4.536311 
14.480000 4.536083 
14.490000 4.535854 
14.500000 4.535624 
14.510000 4.535392 
14.520000 4.535159 
14.530000 4.534925 
14.540000 4.534690 
14.550000 4.534453 
14.560000 4.534215 
14.570000 4.533975 
14.580000 4.533734 
14.590000 4.533492 
14.600000 4.533248 
14.610000 4.533003 
14.620000 4.532757 
14.630000 4.532509 
14.640000 4.532260 
14.650000 4.532009 
14.660000 4.531757 
14.670000 4.531503 
14.680000 4.531248 
14.690000 4.530992 
14.700000 4.530734 
14.710000 4.530474 
14.720000 4.530213 
14.730000 4.529950 
14.740000 4.529686 
14.750000 4.529420 
14.760000 4.529153 
14.770000 4.528883 
14.780000 4.528613 
14.790000 4.528340 
14.800000 4.528066 
14.810000 4.527791 
14.820000 4.527513 
14.830000 4.527234 
14.840000 4.526953 
14.850000 4.526671 
14.860000 4.526386 
14.870000 4.526100 
14.880000 4.525812 
14.890000 4.525523 
14.900000 4.525231 
14.910000 4.524938 
14.920000 4.524643 
14.930000 4.524346 
14.940000 4.524047 
14.950000 4.523746 
14.960000 4.523443 
14.970000 4.523138 
14.980000 4.522832 
14.990000 4.522523 
15.000000 4.522212 
15.010000 4.521900 
15.020000 4.521585 
15.030000 4.521268 
15.040000 4.520949 
15.050000 4.520628 
15.060000 4.520305 
15.070000 4.519980 
15.080000 4.519653 
15.090000 4.519323 
15.100000 4.518992 
15.110000 4.518658 
15.120000 4.518321 
15.130000 4.517983 
15.140000 4.517642 
15.150000 4.517299 
15.160000 4.516954 
15.170000 4.516606 
15.180000 4.516256 
15.190000 4.515904 
15.200000 4.515549 
15.210000 4.515192 
15.220000 4.514832 
15.230000 4.514470 
15.240000 4.514106 
15.250000 4.513738 
15.260000 4.513369 
15.270000 4.512997 
15.280000 4.512622 
15.290000 4.512244 
15.300000 4.511864 
15.310000 4.511481 
15.320000 4.511096 
15.330000 4.510708 
15.340000 4.510317 
15.350000 4.509923 
15.360000 4.509527 
15.370000 4.509128 
15.380000 4.508725 
15.390000 4.508320 
15.400000 4.507913 
15.410000 4.507502 
15.420000 4.507088 
15.430000 4.506671 
15.440000 4.506252 
15.450000 4.505829 
15.460000 4.505403 
15.470000 4.504974 
15.480000 4.504542 
15.490000 4.504107 
15.500000 4.503669 
15.510000 4.503228 
15.520000 4.502783 
15.530000 4.502335 
15.540000 4.501884 
15.550000 4.501429 
15.560000 4.500971 
15.570000 4.500510 
15.580000 4.500045 
15.590000 4.499577 
15.600000 4.499105 
15.610000 4.498630 
15.620000 4.498152 
15.630000 4.497669 
15.640000 4.497183 
15.650000 4.496694 
15.660000 4.496201 
15.670000 4.495704 
15.680000 4.495203 
15.690000 4.494699 
15.700000 4.494191 
15.710000 4.493679 
15.720000 4.493163 
15.730000 4.492643 
15.740000 4.492119 
15.750000 4.491592 
15.760000 4.491060 
15.770000 4.490524 
15.780000 4.489984 
15.790000 4.489440 
15.800000 4.488892 
15.810000 4.488340 
15.820000 4.487783 
15.830000 4.487222 
15.840000 4.486657 
15.850000 4.486087 
15.860000 4.485513 
15.870000 4.484935 
15.880000 4.484352 
15.890000 4.483765 
15.900000 4.483173 
15.910000 4.482576 
15.920000 4.481975 
15.930000 4.481369 
15.940000 4.480758 
15.950000 4.480143 
15.960000 4.479522 
15.970000 4.478897 
15.980000 4.478267 
15.990000 4.477632 
16.000000 4.476992 
16.010000 4.476347 
16.020000 4.475697 
16.030000 4.475042 
16.040000 4.474382 
16.050000 4.473716 
16.060000 4.473045 
16.070000 4.472369 
16.080000 4.471687 
16.090000 4.471000 
16.100000 4.470308 
16.110000 4.469610 
16.120000 4.468906 
16.130000 4.468197 
16.140000 4.467483 
16.150000 4.466762 
16.160000 4.466036 
16.170000 4.465304 
16.180000 4.464566 
16.190000 4.463822 
16.200000 4.463072 
16.210000 4.462316 
16.220000 4.461554 
16.230000 4.460786 
16.240000 4.460012 
16.250000 4.459232 
16.260000 4.458445 
16.270000 4.457652 
16.280000 4.456852 
16.290000 4.456046 
16.300000 4.455234 
16.310000 4.454414 
16.320000 4.453589 
16.330000 4.452756 
16.340000 4.451917 
16.350000 4.451071 
16.360000 4.450218 
16.370000 4.449358 
16.380000 4.448491 
16.390000 4.447617 
16.400000 4.446736 
16.410000 4.445848 
16.420000 4.444953 
16.430000 4.444050 
16.440000 4.443139 
16.450000 4.442222 
16.460000 4.441297 
16.470000 4.440364 
16.480000 4.439424 
16.490000 4.438475 
16.500000 4.437520 
16.510000 4.436556 
16.520000 4.435584 
16.530000 4.434605 
16.540000 4.433617 
16.550000 4.432621 
16.560000 4.431617 
16.570000 4.430605 
16.580000 4.429584 
16.590000 4.428555 
16.600000 4.427518 
16.610000 4.426472 
16.620000 4.425417 
16.630000 4.424353 
16.640000 4.423281 
16.650000 4.422200 
16.660000 4.421110 
16.670000 4.420011 
16.680000 4.418903 
16.690000 4.417786 
16.700000 4.416659 
16.710000 4.415523 
16.720000 4.414378 
16.730000 4.413223 
16.740000 4.412059 
16.750000 4.410885 
16.760000 4.409701 
16.770000 4.408508 
16.780000 4.407304 
16.790000 4.406091 
16.800000 4.404867 
16.810000 4.403634 
16.820000 4.402390 
16.830000 4.401136 
16.840000 4.399871 
16.850000 4.398596 
16.860000 4.397310 
16.870000 4.396014 
16.880000 4.394706 
16.890000 4.393388 
16.900000 4.392059 
16.910000 4.390719 
16.920000 4.389368 
16.930000 4.388005 
16.940000 4.386631 
16.950000 4.385246 
16.960000 4.383849 
16.970000 4.382441 
16.980000 4.381020 
16.990000 4.379588 
17.000000 4.378144 
17.010000 4.376688 
17.020000 4.375220 
17.030000 4.373740 
17.040000 4.372247 
17.050000 4.370742 
17.060000 4.369225 
17.070000 4.367695 
17.080000 4.366152 
17.090000 4.364596 
17.100000 4.363027 
17.110000 4.361445 
17.120000 4.359850 
17.130000 4.358242 
17.140000 4.356621 
17.150000 4.354986 
17.160000 4.353337 
17.170000 4.351674 
17.180000 4.349998 
17.190000 4.348308 
17.200000 4.346604 
17.210000 4.344885 
17.220000 4.343153 
17.230000 4.341406 
17.240000 4.339644 
17.250000 4.337868 
17.260000 4.336077 
17.270000 4.334271 
17.280000 4.332451 
17.290000 4.330615 
17.300000 4.328764 
17.310000 4.326897 
17.320000 4.325015 
17.330000 4.323118 
17.340000 4.321204 
17.350000 4.319275 
17.360000 4.317330 
17.370000 4.315369 
17.380000 4.313392 
17.390000 4.311398 
17.400000 4.309388 
17.410000 4.307361 
17.420000 4.305317 
17.430000 4.303257 
17.440000 4.301180 
17.450000 4.299085 
17.460000 4.296973 
17.470000 4.294844 
17.480000 4.292697 
17.490000 4.290533 
17.500000 4.288350 
17.510000 4.286150 
17.520000 4.283932 
17.530000 4.281695 
17.540000 4.279440 
17.550000 4.277167 
17.560000 4.274875 
17.570000 4.272564 
17.580000 4.270234 
17.590000 4.267885 
17.600000 4.265517 
17.610000 4.263130 
17.620000 4.260722 
17.630000 4.258296 
17.640000 4.255849 
17.650000 4.253383 
17.660000 4.250896 
17.670000 4.248389 
17.680000 4.245862 
17.690000 4.243314 
17.700000 4.240745 
17.710000 4.238156 
17.720000 4.235545 
17.730000 4.232914 
17.740000 4.230261 
17.750000 4.227586 
17.760000 4.224890 
17.770000 4.222172 
17.780000 4.219432 
17.790000 4.216670 
17.800000 4.213885 
17.810000 4.211078 
17.820000 4.208249 
17.830000 4.205397 
17.840000 4.202521 
17.850000 4.199623 
17.860000 4.196701 
17.870000 4.193756 
17.880000 4.190788 
17.890000 4.187795 
17.900000 4.184779 
17.910000 4.181738 
17.920000 4.178673 
17.930000 4.175584 
17.940000 4.172470 
17.950000 4.169331 
17.960000 4.166167 
17.970000 4.162979 
17.980000 4.159764 
17.990000 4.156525 
18.000000 4.153259 
18.010000 4.149968 
18.020000 4.146651 
18.030000 4.143307 
18.040000 4.139938 
18.050000 4.136541 
18.060000 4.133118 
18.070000 4.129668 
18.080000 4.126191 
18.090000 4.122686 
18.100000 4.119154 
18.110000 4.115595 
18.120000 4.112007 
18.130000 4.108392 
18.140000 4.104748 
18.150000 4.101076 
18.160000 4.097376 
18.170000 4.093646 
18.180000 4.089888 
18.190000 4.086100 
18.200000 4.082283 
18.210000 4.078437 
18.220000 4.074561 
18.230000 4.070655 
18.240000 4.066719 
18.250000 4.062753 
18.260000 4.058756 
18.270000 4.054729 
18.280000 4.050670 
18.290000 4.046581 
18.300000 4.042460 
18.310000 4.038308 
18.320000 4.034125 
18.330000 4.029909 
18.340000 4.025662 
18.350000 4.021382 
18.360000 4.017070 
18.370000 4.012725 
18.380000 4.008348 
18.390000 4.003937 
18.400000 3.999493 
18.410000 3.995016 
18.420000 3.990506 
18.430000 3.985961 
18.440000 3.981382 
18.450000 3.976770 
18.460000 3.972123 
18.470000 3.967441 
18.480000 3.962724 
18.490000 3.957973 
18.500000 3.953186 
18.510000 3.948364 
18.520000 3.943506 
18.530000 3.938612 
18.540000 3.933683 
18.550000 3.928717 
18.560000 3.923715 
18.570000 3.918676 
18.580000 3.913601 
18.590000 3.908488 
18.600000 3.903338 
18.610000 3.898151 
18.620000 3.892926 
18.630000 3.887663 
18.640000 3.882362 
18.650000 3.877023 
18.660000 3.871646 
18.670000 3.866230 
18.680000 3.860775 
18.690000 3.855281 
18.700000 3.849748 
18.710000 3.844175 
18.720000 3.838563 
18.730000 3.832910 
18.740000 3.827218 
18.750000 3.821485 
18.760000 3.815712 
18.770000 3.809899 
18.780000 3.804044 
18.790000 3.798148 
18.800000 3.792211 
18.810000 3.786233 
18.820000 3.780213 
18.830000 3.774151 
18.840000 3.768047 
18.850000 3.761900 
18.860000 3.755712 
18.870000 3.749480 
18.880000 3.743205 
18.890000 3.736888 
18.900000 3.730527 
18.910000 3.724123 
18.920000 3.717675 
18.930000 3.711183 
18.940000 3.704647 
18.950000 3.698067 
18.960000 3.691442 
18.970000 3.684772 
18.980000 3.678058 
18.990000 3.671299 
19.000000 3.664494 
19.010000 3.657644 
19.020000 3.650748 
19.030000 3.643807 
19.040000 3.636819 
19.050000 3.629785 
19.060000 3.622705 
19.070000 3.615578 
19.080000 3.608404 
19.090000 3.601184 
19.100000 3.593916 
19.110000 3.586601 
19.120000 3.579238 
19.130000 3.571827 
19.140000 3.564369 
19.150000 3.556862 
19.160000 3.549307 
19.170000 3.541704 
19.180000 3.534052 
19.190000 3.526351 
19.200000 3.518601 
19.210000 3.510802 
19.220000 3.502954 
19.230000 3.495056 
19.240000 3.487108 
19.250000 3.479110 
19.260000 3.471062 
19.270000 3.462964 
19.280000 3.454816 
19.290000 3.446617 
19.300000 3.438367 
19.310000 3.430066 
19.320000 3.421714 
19.330000 3.413311 
19.340000 3.404856 
19.350000 3.396349 
19.360000 3.387791 
19.370000 3.379181 
19.380000 3.370519 
19.390000 3.361804 
19.400000 3.353037 
19.410000 3.344218 
19.420000 3.335345 
19.430000 3.326420 
19.440000 3.317442 
19.450000 3.308410 
19.460000 3.299325 
19.470000 3.290187 
19.480000 3.280995 
19.490000 3.271749 
19.500000 3.262449 
19.510000 3.253095 
19.520000 3.243686 
19.530000 3.234224 
19.540000 3.224706 
19.550000 3.215134 
19.560000 3.205507 
19.570000 3.195826 
19.580000 3.186089 
19.590000 3.176297 
19.600000 3.166449 
19.610000 3.156546 
19.620000 3.146587 
19.630000 3.136573 
19.640000 3.126502 
19.650000 3.116376 
19.660000 3.106193 
19.670000 3.095954 
19.680000 3.085659 
19.690000 3.075307 
19.700000 3.064899 
19.710000 3.054434 
19.720000 3.043912 
19.730000 3.033333 
19.740000 3.022697 
19.750000 3.012003 
19.760000 3.001253 
19.770000 2.990444 
19.780000 2.979579 
19.790000 2.968656 
19.800000 2.957675 
19.810000 2.946636 
19.820000 2.935539 
19.830000 2.924384 
19.840000 2.913171 
19.850000 2.901900 
19.860000 2.890571 
19.870000 2.879183 
19.880000 2.867736 
19.890000 2.856231 
19.900000 2.844668 
19.910000 2.833045 
19.920000 2.821364 
19.930000 2.809624 
19.940000 2.797824 
19.950000 2.785966 
19.960000 2.774049 
19.970000 2.762072 
19.980000 2.750036 
19.990000 2.737940 
20.000000 2.725786 
20.010000 2.713571 
20.020000 2.701297 
20.030000 2.688964 
20.040000 2.676570 
20.050000 2.664117 
20.060000 2.651605 
20.070000 2.639032 
20.080000 2.626399 
20.090000 2.613706 
20.100000 2.600954 
20.110000 2.588141 
20.120000 2.575268 
20.130000 2.562335 
20.140000 2.549341 
20.150000 2.536288 
20.160000 2.523174 
20.170000 2.509999 
20.180000 2.496764 
20.190000 2.483469 
20.200000 2.470114 
20.210000 2.456697 
20.220000 2.443221 
20.230000 2.429683 
20.240000 2.416086 
20.250000 2.402427 
20.260000 2.388708 
20.270000 2.374928 
20.280000 2.361088 
20.290000 2.347186 
20.300000 2.333225 
20.310000 2.319202 
20.320000 2.305119 
20.330000 2.290974 
20.340000 2.276769 
20.350000 2.262504 
20.360000 2.248177 
20.370000 2.233790 
20.380000 2.219342 
20.390000 2.204833 
20.400000 2.190263 
20.410000 2.175633 
20.420000 2.160941 
20.430000 2.146189 
20.440000 2.131376 
20.450000 2.116502 
20.460000 2.101568 
20.470000 2.086572 
20.480000 2.071516 
20.490000 2.056400 
20.500000 2.041222 
20.510000 2.025984 
20.520000 2.010685 
20.530000 1.995325 
20.540000 1.979905 
20.550000 1.964424 
20.560000 1.948882 
20.570000 1.933280 
20.580000 1.917617 
20.590000 1.901894 
20.600000 1.886110 
20.610000 1.870266 
20.620000 1.854361 
20.630000 1.838396 
20.640000 1.822371 
20.650000 1.806285 
20.660000 1.790139 
20.670000 1.773932 
20.680000 1.757666 
20.690000 1.741339 
20.700000 1.724952 
20.710000 1.708505 
20.720000 1.691998 
20.730000 1.675431 
20.740000 1.658804 
20.750000 1.642117 
20.760000 1.625371 
20.770000 1.608564 
20.780000 1.591698 
20.790000 1.574772 
20.800000 1.557786 
20.810000 1.540741 
20.820000 1.523637 
20.830000 1.506473 
20.840000 1.489249 
20.850000 1.471966 
20.860000 1.454624 
20.870000 1.437223 
20.880000 1.419763 
20.890000 1.402243 
20.900000 1.384665 
20.910000 1.367028 
20.920000 1.349332 
20.930000 1.331577 
20.940000 1.313763 
20.950000 1.295891 
20.960000 1.277960 
20.970000 1.259970 
20.980000 1.241923 
20.990000 1.223817 
21.000000 1.205652 
21.010000 1.187430 
21.020000 1.169149 
21.030000 1.150811 
21.040000 1.132414 
21.050000 1.113960 
21.060000 1.095448 
21.070000 1.076878 
21.080000 1.058251 
21.090000 1.039566 
21.100000 1.020824 
21.110000 1.002024 
21.120000 0.983167 
21.130000 0.964254 
21.140000 0.945283 
21.150000 0.926255 
21.160000 0.907170 
21.170000 0.888028 
21.180000 0.868830 
21.190000 0.849576 
21.200000 0.830264 
21.210000 0.810897 
21.220000 0.791473 
21.230000 0.771993 
21.240000 0.752457 
21.250000 0.732865 
21.260000 0.713217 
21.270000 0.693513 
21.280000 0.673754 
21.290000 0.653939 
21.300000 0.634069 
21.310000 0.614143 
21.320000 0.594162 
21.330000 0.574126 
21.340000 0.554035 
21.350000 0.533889 
21.360000 0.513688 
21.370000 0.493432 
21.380000 0.473122 
21.390000 0.452757 
21.400000 0.432338 
21.410000 0.411865 
21.420000 0.391337 
21.430000 0.370755 
21.440000 0.350120 
21.450000 0.329431 
21.460000 0.308688 
21.470000 0.287891 
21.480000 0.267041 
21.490000 0.246137 
21.500000 0.225181 
21.510000 0.204171 
21.520000 0.183108 
21.530000 0.161992 
21.540000 0.140823 
21.550000 0.119602 
21.560000 0.098328 
21.570000 0.077002 
21.580000 0.055623 
21.590000 0.034193 
21.600000 0.012710 
21.610000 -0.008825 
21.620000 -0.030412 
21.630000 -0.052050 
21.640000 -0.073740 
21.650000 -0.095482 
21.660000 -0.117274 
21.670000 -0.139118 
21.680000 -0.161014 
21.690000 -0.182960 
21.700000 -0.204957 
