  0.00   3.44468813
  0.01   3.44464536
  0.02   3.44460259
  0.03   3.44455982
  0.04   3.44451705
  0.05   3.44447428
  0.06   3.44443151
  0.07   3.44438874
  0.08   3.44434597
  0.09   3.44430320
  0.10   3.44426044
  0.11   3.44421767
  0.12   3.44417490
  0.13   3.44413213
  0.14   3.44408936
  0.15   3.44404659
  0.16   3.44400382
  0.17   3.44396105
  0.18   3.44391828
  0.19   3.44387551
  0.20   3.44383274
  0.21   3.44378997
  0.22   3.44374721
  0.23   3.44370444
  0.24   3.44366167
  0.25   3.44361890
  0.26   3.44357613
  0.27   3.44353336
  0.28   3.44349059
  0.29   3.44344782
  0.30   3.44340505
  0.31   3.44336228
  0.32   3.44331951
  0.33   3.44327674
  0.34   3.44323397
  0.35   3.44319120
  0.36   3.44314844
  0.37   3.44310567
  0.38   3.44306290
  0.39   3.44302013
  0.40   3.44297736
  0.41   3.44293459
  0.42   3.44289182
  0.43   3.44284905
  0.44   3.44280628
  0.45   3.44276351
  0.46   3.44272074
  0.47   3.44267797
  0.48   3.44263520
  0.49   3.44259243
  0.50   3.44254966
  0.51   3.44250689
  0.52   3.44246412
  0.53   3.44242135
  0.54   3.44237859
  0.55   3.44233582
  0.56   3.44229305
  0.57   3.44225028
  0.58   3.44220751
  0.59   3.44216474
  0.60   3.44212197
  0.61   3.44207920
  0.62   3.44203643
  0.63   3.44199366
  0.64   3.44195089
  0.65   3.44190812
  0.66   3.44186535
  0.67   3.44182258
  0.68   3.44177981
  0.69   3.44173704
  0.70   3.44169427
  0.71   3.44165150
  0.72   3.44160873
  0.73   3.44156596
  0.74   3.44152319
  0.75   3.44148042
  0.76   3.44143765
  0.77   3.44139488
  0.78   3.44135211
  0.79   3.44130934
  0.80   3.44126657
  0.81   3.44122380
  0.82   3.44118103
  0.83   3.44113826
  0.84   3.44109549
  0.85   3.44105272
  0.86   3.44100995
  0.87   3.44096718
  0.88   3.44092441
  0.89   3.44088164
  0.90   3.44083887
  0.91   3.44079610
  0.92   3.44075333
  0.93   3.44071056
  0.94   3.44066779
  0.95   3.44062502
  0.96   3.44058225
  0.97   3.44053948
  0.98   3.44049671
  0.99   3.44045394
  1.00   3.44041117
  1.01   3.44036840
  1.02   3.44032563
  1.03   3.44028286
  1.04   3.44024009
  1.05   3.44019732
  1.06   3.44015455
  1.07   3.44011178
  1.08   3.44006901
  1.09   3.44002624
  1.10   3.43998347
  1.11   3.43994070
  1.12   3.43989793
  1.13   3.43985516
  1.14   3.43981239
  1.15   3.43976962
  1.16   3.43972685
  1.17   3.43968408
  1.18   3.43964131
  1.19   3.43959854
  1.20   3.43955576
  1.21   3.43951299
  1.22   3.43947022
  1.23   3.43942745
  1.24   3.43938468
  1.25   3.43934191
  1.26   3.43929914
  1.27   3.43925637
  1.28   3.43921360
  1.29   3.43917083
  1.30   3.43912806
  1.31   3.43908529
  1.32   3.43904252
  1.33   3.43899975
  1.34   3.43895698
  1.35   3.43891420
  1.36   3.43887143
  1.37   3.43882866
  1.38   3.43878589
  1.39   3.43874312
  1.40   3.43870035
  1.41   3.43865758
  1.42   3.43861481
  1.43   3.43857204
  1.44   3.43852927
  1.45   3.43848650
  1.46   3.43844372
  1.47   3.43840095
  1.48   3.43835818
  1.49   3.43831541
  1.50   3.43827264
  1.51   3.43822987
  1.52   3.43818710
  1.53   3.43814433
  1.54   3.43810155
  1.55   3.43805878
  1.56   3.43801601
  1.57   3.43797324
  1.58   3.43793047
  1.59   3.43788770
  1.60   3.43784493
  1.61   3.43780216
  1.62   3.43775938
  1.63   3.43771661
  1.64   3.43767384
  1.65   3.43763107
  1.66   3.43758830
  1.67   3.43754553
  1.68   3.43750275
  1.69   3.43745998
  1.70   3.43741721
  1.71   3.43737444
  1.72   3.43733167
  1.73   3.43728890
  1.74   3.43724612
  1.75   3.43720335
  1.76   3.43716058
  1.77   3.43711781
  1.78   3.43707504
  1.79   3.43703226
  1.80   3.43698949
  1.81   3.43694672
  1.82   3.43690395
  1.83   3.43686118
  1.84   3.43681840
  1.85   3.43677563
  1.86   3.43673286
  1.87   3.43669009
  1.88   3.43664732
  1.89   3.43660454
  1.90   3.43656177
  1.91   3.43651900
  1.92   3.43647623
  1.93   3.43643345
  1.94   3.43639068
  1.95   3.43634791
  1.96   3.43630514
  1.97   3.43626236
  1.98   3.43621959
  1.99   3.43617682
  2.00   3.43613405
  2.01   3.43609127
  2.02   3.43604850
  2.03   3.43600573
  2.04   3.43596296
  2.05   3.43592018
  2.06   3.43587741
  2.07   3.43583464
  2.08   3.43579186
  2.09   3.43574909
  2.10   3.43570632
  2.11   3.43566354
  2.12   3.43562077
  2.13   3.43557800
  2.14   3.43553523
  2.15   3.43549245
  2.16   3.43544968
  2.17   3.43540691
  2.18   3.43536413
  2.19   3.43532136
  2.20   3.43527859
  2.21   3.43523581
  2.22   3.43519304
  2.23   3.43515027
  2.24   3.43510749
  2.25   3.43506472
  2.26   3.43502194
  2.27   3.43497917
  2.28   3.43493640
  2.29   3.43489362
  2.30   3.43485085
  2.31   3.43480808
  2.32   3.43476530
  2.33   3.43472253
  2.34   3.43467975
  2.35   3.43463698
  2.36   3.43459421
  2.37   3.43455143
  2.38   3.43450866
  2.39   3.43446588
  2.40   3.43442311
  2.41   3.43438033
  2.42   3.43433756
  2.43   3.43429478
  2.44   3.43425201
  2.45   3.43420924
  2.46   3.43416646
  2.47   3.43412369
  2.48   3.43408091
  2.49   3.43403814
  2.50   3.43399536
  2.51   3.43395259
  2.52   3.43390981
  2.53   3.43386704
  2.54   3.43382426
  2.55   3.43378149
  2.56   3.43373871
  2.57   3.43369594
  2.58   3.43365316
  2.59   3.43361039
  2.60   3.43356761
  2.61   3.43352483
  2.62   3.43348206
  2.63   3.43343928
  2.64   3.43339651
  2.65   3.43335373
  2.66   3.43331096
  2.67   3.43326818
  2.68   3.43322540
  2.69   3.43318263
  2.70   3.43313985
  2.71   3.43309708
  2.72   3.43305430
  2.73   3.43301152
  2.74   3.43296875
  2.75   3.43292597
  2.76   3.43288320
  2.77   3.43284042
  2.78   3.43279764
  2.79   3.43275487
  2.80   3.43271209
  2.81   3.43266931
  2.82   3.43262654
  2.83   3.43258376
  2.84   3.43254098
  2.85   3.43249820
  2.86   3.43245543
  2.87   3.43241265
  2.88   3.43236987
  2.89   3.43232710
  2.90   3.43228432
  2.91   3.43224154
  2.92   3.43219876
  2.93   3.43215599
  2.94   3.43211321
  2.95   3.43207043
  2.96   3.43202765
  2.97   3.43198487
  2.98   3.43194210
  2.99   3.43189932
  3.00   3.43185654
  3.01   3.43181376
  3.02   3.43177098
  3.03   3.43172821
  3.04   3.43168543
  3.05   3.43164265
  3.06   3.43159987
  3.07   3.43155709
  3.08   3.43151431
  3.09   3.43147153
  3.10   3.43142875
  3.11   3.43138597
  3.12   3.43134320
  3.13   3.43130042
  3.14   3.43125764
  3.15   3.43121486
  3.16   3.43117208
  3.17   3.43112930
  3.18   3.43108652
  3.19   3.43104374
  3.20   3.43100096
  3.21   3.43095818
  3.22   3.43091540
  3.23   3.43087262
  3.24   3.43082984
  3.25   3.43078706
  3.26   3.43074428
  3.27   3.43070150
  3.28   3.43065872
  3.29   3.43061593
  3.30   3.43057315
  3.31   3.43053037
  3.32   3.43048759
  3.33   3.43044481
  3.34   3.43040203
  3.35   3.43035925
  3.36   3.43031647
  3.37   3.43027368
  3.38   3.43023090
  3.39   3.43018812
  3.40   3.43014534
  3.41   3.43010256
  3.42   3.43005977
  3.43   3.43001699
  3.44   3.42997421
  3.45   3.42993143
  3.46   3.42988864
  3.47   3.42984586
  3.48   3.42980308
  3.49   3.42976029
  3.50   3.42971751
  3.51   3.42967473
  3.52   3.42963194
  3.53   3.42958916
  3.54   3.42954638
  3.55   3.42950359
  3.56   3.42946081
  3.57   3.42941803
  3.58   3.42937524
  3.59   3.42933246
  3.60   3.42928967
  3.61   3.42924689
  3.62   3.42920410
  3.63   3.42916132
  3.64   3.42911853
  3.65   3.42907575
  3.66   3.42903296
  3.67   3.42899018
  3.68   3.42894739
  3.69   3.42890461
  3.70   3.42886182
  3.71   3.42881903
  3.72   3.42877625
  3.73   3.42873346
  3.74   3.42869067
  3.75   3.42864789
  3.76   3.42860510
  3.77   3.42856231
  3.78   3.42851953
  3.79   3.42847674
  3.80   3.42843395
  3.81   3.42839116
  3.82   3.42834838
  3.83   3.42830559
  3.84   3.42826280
  3.85   3.42822001
  3.86   3.42817722
  3.87   3.42813444
  3.88   3.42809165
  3.89   3.42804886
  3.90   3.42800607
  3.91   3.42796328
  3.92   3.42792049
  3.93   3.42787770
  3.94   3.42783491
  3.95   3.42779212
  3.96   3.42774933
  3.97   3.42770654
  3.98   3.42766375
  3.99   3.42762096
  4.00   3.42757817
  4.01   3.42753538
  4.02   3.42749259
  4.03   3.42744980
  4.04   3.42740700
  4.05   3.42736421
  4.06   3.42732142
  4.07   3.42727863
  4.08   3.42723583
  4.09   3.42719304
  4.10   3.42715025
  4.11   3.42710746
  4.12   3.42706466
  4.13   3.42702187
  4.14   3.42697908
  4.15   3.42693628
  4.16   3.42689349
  4.17   3.42685069
  4.18   3.42680790
  4.19   3.42676510
  4.20   3.42672231
  4.21   3.42667951
  4.22   3.42663672
  4.23   3.42659392
  4.24   3.42655113
  4.25   3.42650833
  4.26   3.42646554
  4.27   3.42642274
  4.28   3.42637994
  4.29   3.42633715
  4.30   3.42629435
  4.31   3.42625155
  4.32   3.42620875
  4.33   3.42616595
  4.34   3.42612316
  4.35   3.42608036
  4.36   3.42603756
  4.37   3.42599476
  4.38   3.42595196
  4.39   3.42590916
  4.40   3.42586636
  4.41   3.42582356
  4.42   3.42578076
  4.43   3.42573796
  4.44   3.42569516
  4.45   3.42565236
  4.46   3.42560956
  4.47   3.42556676
  4.48   3.42552395
  4.49   3.42548115
  4.50   3.42543835
  4.51   3.42539555
  4.52   3.42535274
  4.53   3.42530994
  4.54   3.42526714
  4.55   3.42522433
  4.56   3.42518153
  4.57   3.42513872
  4.58   3.42509592
  4.59   3.42505311
  4.60   3.42501031
  4.61   3.42496750
  4.62   3.42492470
  4.63   3.42488189
  4.64   3.42483908
  4.65   3.42479628
  4.66   3.42475347
  4.67   3.42471066
  4.68   3.42466785
  4.69   3.42462505
  4.70   3.42458224
  4.71   3.42453943
  4.72   3.42449662
  4.73   3.42445381
  4.74   3.42441100
  4.75   3.42436819
  4.76   3.42432538
  4.77   3.42428257
  4.78   3.42423975
  4.79   3.42419694
  4.80   3.42415413
  4.81   3.42411132
  4.82   3.42406851
  4.83   3.42402569
  4.84   3.42398288
  4.85   3.42394006
  4.86   3.42389725
  4.87   3.42385444
  4.88   3.42381162
  4.89   3.42376880
  4.90   3.42372599
  4.91   3.42368317
  4.92   3.42364035
  4.93   3.42359754
  4.94   3.42355472
  4.95   3.42351190
  4.96   3.42346908
  4.97   3.42342626
  4.98   3.42338345
  4.99   3.42334063
  5.00   3.42329781
  5.01   3.42325498
  5.02   3.42321216
  5.03   3.42316934
  5.04   3.42312652
  5.05   3.42308370
  5.06   3.42304088
  5.07   3.42299805
  5.08   3.42295523
  5.09   3.42291240
  5.10   3.42286958
  5.11   3.42282675
  5.12   3.42278393
  5.13   3.42274110
  5.14   3.42269828
  5.15   3.42265545
  5.16   3.42261262
  5.17   3.42256979
  5.18   3.42252696
  5.19   3.42248413
  5.20   3.42244131
  5.21   3.42239848
  5.22   3.42235564
  5.23   3.42231281
  5.24   3.42226998
  5.25   3.42222715
  5.26   3.42218432
  5.27   3.42214148
  5.28   3.42209865
  5.29   3.42205581
  5.30   3.42201298
  5.31   3.42197014
  5.32   3.42192731
  5.33   3.42188447
  5.34   3.42184163
  5.35   3.42179880
  5.36   3.42175596
  5.37   3.42171312
  5.38   3.42167028
  5.39   3.42162744
  5.40   3.42158460
  5.41   3.42154176
  5.42   3.42149891
  5.43   3.42145607
  5.44   3.42141323
  5.45   3.42137038
  5.46   3.42132754
  5.47   3.42128469
  5.48   3.42124185
  5.49   3.42119900
  5.50   3.42115616
  5.51   3.42111331
  5.52   3.42107046
  5.53   3.42102761
  5.54   3.42098476
  5.55   3.42094191
  5.56   3.42089906
  5.57   3.42085621
  5.58   3.42081335
  5.59   3.42077050
  5.60   3.42072765
  5.61   3.42068479
  5.62   3.42064194
  5.63   3.42059908
  5.64   3.42055622
  5.65   3.42051336
  5.66   3.42047051
  5.67   3.42042765
  5.68   3.42038479
  5.69   3.42034193
  5.70   3.42029906
  5.71   3.42025620
  5.72   3.42021334
  5.73   3.42017047
  5.74   3.42012761
  5.75   3.42008474
  5.76   3.42004188
  5.77   3.41999901
  5.78   3.41995614
  5.79   3.41991327
  5.80   3.41987040
  5.81   3.41982753
  5.82   3.41978466
  5.83   3.41974179
  5.84   3.41969892
  5.85   3.41965604
  5.86   3.41961317
  5.87   3.41957029
  5.88   3.41952741
  5.89   3.41948454
  5.90   3.41944166
  5.91   3.41939878
  5.92   3.41935590
  5.93   3.41931301
  5.94   3.41927013
  5.95   3.41922725
  5.96   3.41918436
  5.97   3.41914148
  5.98   3.41909859
  5.99   3.41905571
  6.00   3.41901282
  6.01   3.41896993
  6.02   3.41892704
  6.03   3.41888415
  6.04   3.41884125
  6.05   3.41879836
  6.06   3.41875546
  6.07   3.41871257
  6.08   3.41866967
  6.09   3.41862677
  6.10   3.41858387
  6.11   3.41854097
  6.12   3.41849807
  6.13   3.41845517
  6.14   3.41841227
  6.15   3.41836936
  6.16   3.41832646
  6.17   3.41828355
  6.18   3.41824064
  6.19   3.41819773
  6.20   3.41815482
  6.21   3.41811191
  6.22   3.41806900
  6.23   3.41802608
  6.24   3.41798317
  6.25   3.41794025
  6.26   3.41789733
  6.27   3.41785441
  6.28   3.41781149
  6.29   3.41776857
  6.30   3.41772565
  6.31   3.41768272
  6.32   3.41763980
  6.33   3.41759687
  6.34   3.41755394
  6.35   3.41751101
  6.36   3.41746808
  6.37   3.41742515
  6.38   3.41738222
  6.39   3.41733928
  6.40   3.41729634
  6.41   3.41725341
  6.42   3.41721047
  6.43   3.41716753
  6.44   3.41712458
  6.45   3.41708164
  6.46   3.41703869
  6.47   3.41699575
  6.48   3.41695280
  6.49   3.41690985
  6.50   3.41686690
  6.51   3.41682394
  6.52   3.41678099
  6.53   3.41673803
  6.54   3.41669508
  6.55   3.41665212
  6.56   3.41660915
  6.57   3.41656619
  6.58   3.41652323
  6.59   3.41648026
  6.60   3.41643729
  6.61   3.41639432
  6.62   3.41635135
  6.63   3.41630838
  6.64   3.41626541
  6.65   3.41622243
  6.66   3.41617945
  6.67   3.41613647
  6.68   3.41609349
  6.69   3.41605051
  6.70   3.41600752
  6.71   3.41596453
  6.72   3.41592155
  6.73   3.41587855
  6.74   3.41583556
  6.75   3.41579257
  6.76   3.41574957
  6.77   3.41570657
  6.78   3.41566357
  6.79   3.41562057
  6.80   3.41557756
  6.81   3.41553456
  6.82   3.41549155
  6.83   3.41544854
  6.84   3.41540553
  6.85   3.41536251
  6.86   3.41531949
  6.87   3.41527648
  6.88   3.41523345
  6.89   3.41519043
  6.90   3.41514741
  6.91   3.41510438
  6.92   3.41506135
  6.93   3.41501832
  6.94   3.41497528
  6.95   3.41493225
  6.96   3.41488921
  6.97   3.41484617
  6.98   3.41480312
  6.99   3.41476008
  7.00   3.41471703
  7.01   3.41467398
  7.02   3.41463093
  7.03   3.41458787
  7.04   3.41454481
  7.05   3.41450175
  7.06   3.41445869
  7.07   3.41441562
  7.08   3.41437256
  7.09   3.41432949
  7.10   3.41428641
  7.11   3.41424334
  7.12   3.41420026
  7.13   3.41415718
  7.14   3.41411410
  7.15   3.41407101
  7.16   3.41402792
  7.17   3.41398483
  7.18   3.41394174
  7.19   3.41389864
  7.20   3.41385554
  7.21   3.41381244
  7.22   3.41376933
  7.23   3.41372622
  7.24   3.41368311
  7.25   3.41364000
  7.26   3.41359688
  7.27   3.41355376
  7.28   3.41351064
  7.29   3.41346751
  7.30   3.41342438
  7.31   3.41338125
  7.32   3.41333811
  7.33   3.41329498
  7.34   3.41325183
  7.35   3.41320869
  7.36   3.41316554
  7.37   3.41312239
  7.38   3.41307924
  7.39   3.41303608
  7.40   3.41299292
  7.41   3.41294975
  7.42   3.41290658
  7.43   3.41286341
  7.44   3.41282024
  7.45   3.41277706
  7.46   3.41273388
  7.47   3.41269069
  7.48   3.41264750
  7.49   3.41260431
  7.50   3.41256112
  7.51   3.41251792
  7.52   3.41247471
  7.53   3.41243151
  7.54   3.41238830
  7.55   3.41234508
  7.56   3.41230186
  7.57   3.41225864
  7.58   3.41221541
  7.59   3.41217218
  7.60   3.41212895
  7.61   3.41208571
  7.62   3.41204247
  7.63   3.41199922
  7.64   3.41195597
  7.65   3.41191272
  7.66   3.41186946
  7.67   3.41182620
  7.68   3.41178293
  7.69   3.41173966
  7.70   3.41169639
  7.71   3.41165311
  7.72   3.41160982
  7.73   3.41156654
  7.74   3.41152324
  7.75   3.41147995
  7.76   3.41143664
  7.77   3.41139334
  7.78   3.41135003
  7.79   3.41130671
  7.80   3.41126339
  7.81   3.41122007
  7.82   3.41117674
  7.83   3.41113340
  7.84   3.41109006
  7.85   3.41104672
  7.86   3.41100337
  7.87   3.41096002
  7.88   3.41091666
  7.89   3.41087329
  7.90   3.41082992
  7.91   3.41078655
  7.92   3.41074317
  7.93   3.41069979
  7.94   3.41065640
  7.95   3.41061300
  7.96   3.41056960
  7.97   3.41052619
  7.98   3.41048278
  7.99   3.41043937
  8.00   3.41039594
  8.01   3.41035251
  8.02   3.41030908
  8.03   3.41026564
  8.04   3.41022220
  8.05   3.41017875
  8.06   3.41013529
  8.07   3.41009183
  8.08   3.41004836
  8.09   3.41000488
  8.10   3.40996140
  8.11   3.40991792
  8.12   3.40987442
  8.13   3.40983092
  8.14   3.40978742
  8.15   3.40974391
  8.16   3.40970039
  8.17   3.40965686
  8.18   3.40961333
  8.19   3.40956980
  8.20   3.40952625
  8.21   3.40948270
  8.22   3.40943914
  8.23   3.40939558
  8.24   3.40935201
  8.25   3.40930843
  8.26   3.40926485
  8.27   3.40922126
  8.28   3.40917766
  8.29   3.40913405
  8.30   3.40909044
  8.31   3.40904682
  8.32   3.40900319
  8.33   3.40895956
  8.34   3.40891591
  8.35   3.40887227
  8.36   3.40882861
  8.37   3.40878494
  8.38   3.40874127
  8.39   3.40869759
  8.40   3.40865390
  8.41   3.40861021
  8.42   3.40856650
  8.43   3.40852279
  8.44   3.40847907
  8.45   3.40843534
  8.46   3.40839161
  8.47   3.40834786
  8.48   3.40830411
  8.49   3.40826035
  8.50   3.40821658
  8.51   3.40817280
  8.52   3.40812901
  8.53   3.40808522
  8.54   3.40804141
  8.55   3.40799760
  8.56   3.40795378
  8.57   3.40790995
  8.58   3.40786611
  8.59   3.40782226
  8.60   3.40777840
  8.61   3.40773453
  8.62   3.40769065
  8.63   3.40764677
  8.64   3.40760287
  8.65   3.40755896
  8.66   3.40751505
  8.67   3.40747112
  8.68   3.40742719
  8.69   3.40738324
  8.70   3.40733928
  8.71   3.40729532
  8.72   3.40725134
  8.73   3.40720735
  8.74   3.40716336
  8.75   3.40711935
  8.76   3.40707533
  8.77   3.40703130
  8.78   3.40698726
  8.79   3.40694321
  8.80   3.40689915
  8.81   3.40685508
  8.82   3.40681100
  8.83   3.40676690
  8.84   3.40672279
  8.85   3.40667868
  8.86   3.40663455
  8.87   3.40659041
  8.88   3.40654625
  8.89   3.40650209
  8.90   3.40645791
  8.91   3.40641372
  8.92   3.40636952
  8.93   3.40632531
  8.94   3.40628108
  8.95   3.40623684
  8.96   3.40619259
  8.97   3.40614833
  8.98   3.40610405
  8.99   3.40605977
  9.00   3.40601546
  9.01   3.40597115
  9.02   3.40592682
  9.03   3.40588248
  9.04   3.40583812
  9.05   3.40579375
  9.06   3.40574937
  9.07   3.40570497
  9.08   3.40566056
  9.09   3.40561614
  9.10   3.40557170
  9.11   3.40552725
  9.12   3.40548278
  9.13   3.40543830
  9.14   3.40539380
  9.15   3.40534929
  9.16   3.40530476
  9.17   3.40526022
  9.18   3.40521567
  9.19   3.40517109
  9.20   3.40512651
  9.21   3.40508190
  9.22   3.40503728
  9.23   3.40499265
  9.24   3.40494800
  9.25   3.40490333
  9.26   3.40485865
  9.27   3.40481395
  9.28   3.40476923
  9.29   3.40472450
  9.30   3.40467975
  9.31   3.40463499
  9.32   3.40459020
  9.33   3.40454540
  9.34   3.40450058
  9.35   3.40445575
  9.36   3.40441089
  9.37   3.40436602
  9.38   3.40432113
  9.39   3.40427622
  9.40   3.40423130
  9.41   3.40418635
  9.42   3.40414139
  9.43   3.40409641
  9.44   3.40405141
  9.45   3.40400639
  9.46   3.40396135
  9.47   3.40391629
  9.48   3.40387121
  9.49   3.40382611
  9.50   3.40378099
  9.51   3.40373585
  9.52   3.40369070
  9.53   3.40364552
  9.54   3.40360032
  9.55   3.40355510
  9.56   3.40350985
  9.57   3.40346459
  9.58   3.40341931
  9.59   3.40337400
  9.60   3.40332867
  9.61   3.40328332
  9.62   3.40323795
  9.63   3.40319256
  9.64   3.40314714
  9.65   3.40310170
  9.66   3.40305624
  9.67   3.40301075
  9.68   3.40296524
  9.69   3.40291971
  9.70   3.40287415
  9.71   3.40282857
  9.72   3.40278297
  9.73   3.40273734
  9.74   3.40269169
  9.75   3.40264601
  9.76   3.40260031
  9.77   3.40255458
  9.78   3.40250883
  9.79   3.40246305
  9.80   3.40241724
  9.81   3.40237141
  9.82   3.40232556
  9.83   3.40227967
  9.84   3.40223376
  9.85   3.40218783
  9.86   3.40214186
  9.87   3.40209587
  9.88   3.40204985
  9.89   3.40200380
  9.90   3.40195773
  9.91   3.40191162
  9.92   3.40186549
  9.93   3.40181933
  9.94   3.40177314
  9.95   3.40172692
  9.96   3.40168067
  9.97   3.40163439
  9.98   3.40158808
  9.99   3.40154174
 10.00   3.40149537
 10.01   3.40144897
 10.02   3.40140254
 10.03   3.40135607
 10.04   3.40130958
 10.05   3.40126305
 10.06   3.40121649
 10.07   3.40116990
 10.08   3.40112327
 10.09   3.40107661
 10.10   3.40102992
 10.11   3.40098320
 10.12   3.40093644
 10.13   3.40088964
 10.14   3.40084282
 10.15   3.40079595
 10.16   3.40074906
 10.17   3.40070212
 10.18   3.40065515
 10.19   3.40060815
 10.20   3.40056111
 10.21   3.40051403
 10.22   3.40046691
 10.23   3.40041976
 10.24   3.40037257
 10.25   3.40032534
 10.26   3.40027807
 10.27   3.40023077
 10.28   3.40018343
 10.29   3.40013604
 10.30   3.40008862
 10.31   3.40004116
 10.32   3.39999365
 10.33   3.39994611
 10.34   3.39989852
 10.35   3.39985090
 10.36   3.39980323
 10.37   3.39975552
 10.38   3.39970777
 10.39   3.39965997
 10.40   3.39961213
 10.41   3.39956425
 10.42   3.39951633
 10.43   3.39946836
 10.44   3.39942034
 10.45   3.39937228
 10.46   3.39932418
 10.47   3.39927603
 10.48   3.39922783
 10.49   3.39917959
 10.50   3.39913130
 10.51   3.39908296
 10.52   3.39903457
 10.53   3.39898614
 10.54   3.39893765
 10.55   3.39888912
 10.56   3.39884054
 10.57   3.39879191
 10.58   3.39874323
 10.59   3.39869450
 10.60   3.39864571
 10.61   3.39859688
 10.62   3.39854799
 10.63   3.39849905
 10.64   3.39845006
 10.65   3.39840101
 10.66   3.39835191
 10.67   3.39830276
 10.68   3.39825355
 10.69   3.39820428
 10.70   3.39815496
 10.71   3.39810559
 10.72   3.39805615
 10.73   3.39800666
 10.74   3.39795712
 10.75   3.39790751
 10.76   3.39785784
 10.77   3.39780812
 10.78   3.39775834
 10.79   3.39770849
 10.80   3.39765859
 10.81   3.39760862
 10.82   3.39755859
 10.83   3.39750850
 10.84   3.39745835
 10.85   3.39740813
 10.86   3.39735785
 10.87   3.39730750
 10.88   3.39725709
 10.89   3.39720662
 10.90   3.39715608
 10.91   3.39710547
 10.92   3.39705479
 10.93   3.39700405
 10.94   3.39695323
 10.95   3.39690235
 10.96   3.39685140
 10.97   3.39680038
 10.98   3.39674929
 10.99   3.39669812
 11.00   3.39664689
 11.01   3.39659558
 11.02   3.39654420
 11.03   3.39649274
 11.04   3.39644121
 11.05   3.39638960
 11.06   3.39633792
 11.07   3.39628616
 11.08   3.39623433
 11.09   3.39618242
 11.10   3.39613042
 11.11   3.39607835
 11.12   3.39602620
 11.13   3.39597397
 11.14   3.39592166
 11.15   3.39586926
 11.16   3.39581679
 11.17   3.39576423
 11.18   3.39571158
 11.19   3.39565885
 11.20   3.39560604
 11.21   3.39555313
 11.22   3.39550015
 11.23   3.39544707
 11.24   3.39539390
 11.25   3.39534065
 11.26   3.39528731
 11.27   3.39523387
 11.28   3.39518035
 11.29   3.39512673
 11.30   3.39507301
 11.31   3.39501921
 11.32   3.39496531
 11.33   3.39491131
 11.34   3.39485722
 11.35   3.39480303
 11.36   3.39474874
 11.37   3.39469435
 11.38   3.39463987
 11.39   3.39458528
 11.40   3.39453059
 11.41   3.39447580
 11.42   3.39442090
 11.43   3.39436591
 11.44   3.39431080
 11.45   3.39425559
 11.46   3.39420028
 11.47   3.39414485
 11.48   3.39408932
 11.49   3.39403368
 11.50   3.39397792
 11.51   3.39392206
 11.52   3.39386608
 11.53   3.39380999
 11.54   3.39375379
 11.55   3.39369747
 11.56   3.39364103
 11.57   3.39358448
 11.58   3.39352780
 11.59   3.39347101
 11.60   3.39341410
 11.61   3.39335707
 11.62   3.39329991
 11.63   3.39324263
 11.64   3.39318523
 11.65   3.39312770
 11.66   3.39307004
 11.67   3.39301226
 11.68   3.39295434
 11.69   3.39289630
 11.70   3.39283812
 11.71   3.39277982
 11.72   3.39272138
 11.73   3.39266280
 11.74   3.39260409
 11.75   3.39254524
 11.76   3.39248626
 11.77   3.39242713
 11.78   3.39236787
 11.79   3.39230846
 11.80   3.39224891
 11.81   3.39218922
 11.82   3.39212938
 11.83   3.39206939
 11.84   3.39200926
 11.85   3.39194898
 11.86   3.39188854
 11.87   3.39182796
 11.88   3.39176722
 11.89   3.39170633
 11.90   3.39164528
 11.91   3.39158408
 11.92   3.39152271
 11.93   3.39146119
 11.94   3.39139951
 11.95   3.39133766
 11.96   3.39127565
 11.97   3.39121348
 11.98   3.39115113
 11.99   3.39108862
 12.00   3.39102594
 12.01   3.39096309
 12.02   3.39090007
 12.03   3.39083688
 12.04   3.39077350
 12.05   3.39070996
 12.06   3.39064623
 12.07   3.39058232
 12.08   3.39051823
 12.09   3.39045396
 12.10   3.39038951
 12.11   3.39032486
 12.12   3.39026003
 12.13   3.39019501
 12.14   3.39012980
 12.15   3.39006440
 12.16   3.38999880
 12.17   3.38993301
 12.18   3.38986702
 12.19   3.38980083
 12.20   3.38973444
 12.21   3.38966784
 12.22   3.38960104
 12.23   3.38953404
 12.24   3.38946683
 12.25   3.38939940
 12.26   3.38933177
 12.27   3.38926392
 12.28   3.38919586
 12.29   3.38912758
 12.30   3.38905908
 12.31   3.38899036
 12.32   3.38892142
 12.33   3.38885225
 12.34   3.38878285
 12.35   3.38871323
 12.36   3.38864338
 12.37   3.38857329
 12.38   3.38850297
 12.39   3.38843242
 12.40   3.38836162
 12.41   3.38829059
 12.42   3.38821931
 12.43   3.38814779
 12.44   3.38807602
 12.45   3.38800400
 12.46   3.38793173
 12.47   3.38785921
 12.48   3.38778643
 12.49   3.38771339
 12.50   3.38764010
 12.51   3.38756654
 12.52   3.38749272
 12.53   3.38741863
 12.54   3.38734428
 12.55   3.38726965
 12.56   3.38719475
 12.57   3.38711957
 12.58   3.38704412
 12.59   3.38696838
 12.60   3.38689236
 12.61   3.38681606
 12.62   3.38673947
 12.63   3.38666259
 12.64   3.38658542
 12.65   3.38650795
 12.66   3.38643018
 12.67   3.38635211
 12.68   3.38627374
 12.69   3.38619507
 12.70   3.38611609
 12.71   3.38603679
 12.72   3.38595719
 12.73   3.38587726
 12.74   3.38579702
 12.75   3.38571646
 12.76   3.38563557
 12.77   3.38555436
 12.78   3.38547282
 12.79   3.38539094
 12.80   3.38530873
 12.81   3.38522618
 12.82   3.38514329
 12.83   3.38506005
 12.84   3.38497647
 12.85   3.38489254
 12.86   3.38480825
 12.87   3.38472361
 12.88   3.38463861
 12.89   3.38455325
 12.90   3.38446752
 12.91   3.38438142
 12.92   3.38429496
 12.93   3.38420811
 12.94   3.38412089
 12.95   3.38403329
 12.96   3.38394531
 12.97   3.38385693
 12.98   3.38376817
 12.99   3.38367901
 13.00   3.38358946
 13.01   3.38349950
 13.02   3.38340914
 13.03   3.38331837
 13.04   3.38322719
 13.05   3.38313559
 13.06   3.38304358
 13.07   3.38295114
 13.08   3.38285828
 13.09   3.38276499
 13.10   3.38267126
 13.11   3.38257710
 13.12   3.38248250
 13.13   3.38238745
 13.14   3.38229196
 13.15   3.38219601
 13.16   3.38209961
 13.17   3.38200275
 13.18   3.38190543
 13.19   3.38180763
 13.20   3.38170937
 13.21   3.38161063
 13.22   3.38151141
 13.23   3.38141171
 13.24   3.38131152
 13.25   3.38121084
 13.26   3.38110966
 13.27   3.38100799
 13.28   3.38090580
 13.29   3.38080311
 13.30   3.38069991
 13.31   3.38059618
 13.32   3.38049194
 13.33   3.38038717
 13.34   3.38028187
 13.35   3.38017603
 13.36   3.38006965
 13.37   3.37996273
 13.38   3.37985526
 13.39   3.37974724
 13.40   3.37963865
 13.41   3.37952951
 13.42   3.37941979
 13.43   3.37930950
 13.44   3.37919863
 13.45   3.37908719
 13.46   3.37897515
 13.47   3.37886252
 13.48   3.37874929
 13.49   3.37863546
 13.50   3.37852102
 13.51   3.37840596
 13.52   3.37829029
 13.53   3.37817400
 13.54   3.37805707
 13.55   3.37793951
 13.56   3.37782132
 13.57   3.37770247
 13.58   3.37758298
 13.59   3.37746282
 13.60   3.37734201
 13.61   3.37722053
 13.62   3.37709838
 13.63   3.37697554
 13.64   3.37685202
 13.65   3.37672781
 13.66   3.37660291
 13.67   3.37647730
 13.68   3.37635098
 13.69   3.37622395
 13.70   3.37609620
 13.71   3.37596773
 13.72   3.37583851
 13.73   3.37570856
 13.74   3.37557787
 13.75   3.37544642
 13.76   3.37531422
 13.77   3.37518125
 13.78   3.37504751
 13.79   3.37491299
 13.80   3.37477769
 13.81   3.37464160
 13.82   3.37450471
 13.83   3.37436702
 13.84   3.37422851
 13.85   3.37408919
 13.86   3.37394904
 13.87   3.37380806
 13.88   3.37366624
 13.89   3.37352358
 13.90   3.37338006
 13.91   3.37323568
 13.92   3.37309043
 13.93   3.37294431
 13.94   3.37279731
 13.95   3.37264941
 13.96   3.37250062
 13.97   3.37235093
 13.98   3.37220032
 13.99   3.37204879
 14.00   3.37189633
 14.01   3.37174293
 14.02   3.37158859
 14.03   3.37143330
 14.04   3.37127705
 14.05   3.37111983
 14.06   3.37096164
 14.07   3.37080246
 14.08   3.37064228
 14.09   3.37048111
 14.10   3.37031892
 14.11   3.37015572
 14.12   3.36999149
 14.13   3.36982622
 14.14   3.36965991
 14.15   3.36949254
 14.16   3.36932411
 14.17   3.36915461
 14.18   3.36898403
 14.19   3.36881237
 14.20   3.36863960
 14.21   3.36846572
 14.22   3.36829073
 14.23   3.36811461
 14.24   3.36793735
 14.25   3.36775895
 14.26   3.36757940
 14.27   3.36739867
 14.28   3.36721678
 14.29   3.36703369
 14.30   3.36684942
 14.31   3.36666393
 14.32   3.36647723
 14.33   3.36628931
 14.34   3.36610015
 14.35   3.36590975
 14.36   3.36571808
 14.37   3.36552515
 14.38   3.36533095
 14.39   3.36513545
 14.40   3.36493865
 14.41   3.36474055
 14.42   3.36454112
 14.43   3.36434036
 14.44   3.36413825
 14.45   3.36393479
 14.46   3.36372997
 14.47   3.36352376
 14.48   3.36331617
 14.49   3.36310718
 14.50   3.36289677
 14.51   3.36268493
 14.52   3.36247166
 14.53   3.36225694
 14.54   3.36204076
 14.55   3.36182311
 14.56   3.36160397
 14.57   3.36138333
 14.58   3.36116119
 14.59   3.36093751
 14.60   3.36071231
 14.61   3.36048555
 14.62   3.36025723
 14.63   3.36002733
 14.64   3.35979585
 14.65   3.35956277
 14.66   3.35932807
 14.67   3.35909174
 14.68   3.35885377
 14.69   3.35861414
 14.70   3.35837285
 14.71   3.35812987
 14.72   3.35788519
 14.73   3.35763880
 14.74   3.35739069
 14.75   3.35714083
 14.76   3.35688922
 14.77   3.35663584
 14.78   3.35638067
 14.79   3.35612371
 14.80   3.35586493
 14.81   3.35560432
 14.82   3.35534186
 14.83   3.35507755
 14.84   3.35481135
 14.85   3.35454327
 14.86   3.35427328
 14.87   3.35400137
 14.88   3.35372752
 14.89   3.35345171
 14.90   3.35317393
 14.91   3.35289417
 14.92   3.35261240
 14.93   3.35232860
 14.94   3.35204277
 14.95   3.35175489
 14.96   3.35146493
 14.97   3.35117289
 14.98   3.35087874
 14.99   3.35058246
 15.00   3.35028404
 15.01   3.34998347
 15.02   3.34968071
 15.03   3.34937577
 15.04   3.34906860
 15.05   3.34875921
 15.06   3.34844757
 15.07   3.34813365
 15.08   3.34781746
 15.09   3.34749895
 15.10   3.34717812
 15.11   3.34685494
 15.12   3.34652940
 15.13   3.34620148
 15.14   3.34587115
 15.15   3.34553840
 15.16   3.34520321
 15.17   3.34486555
 15.18   3.34452541
 15.19   3.34418277
 15.20   3.34383760
 15.21   3.34348988
 15.22   3.34313960
 15.23   3.34278673
 15.24   3.34243126
 15.25   3.34207315
 15.26   3.34171239
 15.27   3.34134896
 15.28   3.34098283
 15.29   3.34061399
 15.30   3.34024240
 15.31   3.33986806
 15.32   3.33949092
 15.33   3.33911098
 15.34   3.33872821
 15.35   3.33834259
 15.36   3.33795409
 15.37   3.33756268
 15.38   3.33716835
 15.39   3.33677108
 15.40   3.33637083
 15.41   3.33596758
 15.42   3.33556131
 15.43   3.33515200
 15.44   3.33473962
 15.45   3.33432414
 15.46   3.33390553
 15.47   3.33348379
 15.48   3.33305887
 15.49   3.33263075
 15.50   3.33219941
 15.51   3.33176482
 15.52   3.33132695
 15.53   3.33088578
 15.54   3.33044127
 15.55   3.32999341
 15.56   3.32954217
 15.57   3.32908752
 15.58   3.32862942
 15.59   3.32816786
 15.60   3.32770281
 15.61   3.32723423
 15.62   3.32676210
 15.63   3.32628639
 15.64   3.32580706
 15.65   3.32532410
 15.66   3.32483748
 15.67   3.32434715
 15.68   3.32385310
 15.69   3.32335529
 15.70   3.32285369
 15.71   3.32234828
 15.72   3.32183901
 15.73   3.32132587
 15.74   3.32080882
 15.75   3.32028782
 15.76   3.31976285
 15.77   3.31923387
 15.78   3.31870086
 15.79   3.31816378
 15.80   3.31762259
 15.81   3.31707727
 15.82   3.31652778
 15.83   3.31597409
 15.84   3.31541616
 15.85   3.31485397
 15.86   3.31428747
 15.87   3.31371663
 15.88   3.31314143
 15.89   3.31256181
 15.90   3.31197776
 15.91   3.31138923
 15.92   3.31079618
 15.93   3.31019859
 15.94   3.30959641
 15.95   3.30898961
 15.96   3.30837816
 15.97   3.30776201
 15.98   3.30714113
 15.99   3.30651549
 16.00   3.30588503
 16.01   3.30524973
 16.02   3.30460956
 16.03   3.30396446
 16.04   3.30331440
 16.05   3.30265934
 16.06   3.30199924
 16.07   3.30133407
 16.08   3.30066378
 16.09   3.29998834
 16.10   3.29930770
 16.11   3.29862181
 16.12   3.29793065
 16.13   3.29723417
 16.14   3.29653233
 16.15   3.29582509
 16.16   3.29511240
 16.17   3.29439422
 16.18   3.29367051
 16.19   3.29294122
 16.20   3.29220632
 16.21   3.29146576
 16.22   3.29071949
 16.23   3.28996748
 16.24   3.28920967
 16.25   3.28844602
 16.26   3.28767649
 16.27   3.28690103
 16.28   3.28611960
 16.29   3.28533215
 16.30   3.28453863
 16.31   3.28373900
 16.32   3.28293320
 16.33   3.28212120
 16.34   3.28130295
 16.35   3.28047839
 16.36   3.27964748
 16.37   3.27881017
 16.38   3.27796641
 16.39   3.27711615
 16.40   3.27625934
 16.41   3.27539594
 16.42   3.27452589
 16.43   3.27364914
 16.44   3.27276565
 16.45   3.27187535
 16.46   3.27097820
 16.47   3.27007415
 16.48   3.26916314
 16.49   3.26824512
 16.50   3.26732005
 16.51   3.26638785
 16.52   3.26544850
 16.53   3.26450191
 16.54   3.26354806
 16.55   3.26258687
 16.56   3.26161830
 16.57   3.26064228
 16.58   3.25965877
 16.59   3.25866771
 16.60   3.25766904
 16.61   3.25666270
 16.62   3.25564865
 16.63   3.25462681
 16.64   3.25359713
 16.65   3.25255956
 16.66   3.25151404
 16.67   3.25046050
 16.68   3.24939889
 16.69   3.24832915
 16.70   3.24725122
 16.71   3.24616504
 16.72   3.24507054
 16.73   3.24396768
 16.74   3.24285638
 16.75   3.24173658
 16.76   3.24060822
 16.77   3.23947125
 16.78   3.23832559
 16.79   3.23717118
 16.80   3.23600797
 16.81   3.23483588
 16.82   3.23365485
 16.83   3.23246482
 16.84   3.23126572
 16.85   3.23005749
 16.86   3.22884006
 16.87   3.22761336
 16.88   3.22637734
 16.89   3.22513191
 16.90   3.22387702
 16.91   3.22261260
 16.92   3.22133857
 16.93   3.22005487
 16.94   3.21876144
 16.95   3.21745820
 16.96   3.21614508
 16.97   3.21482201
 16.98   3.21348893
 16.99   3.21214575
 17.00   3.21079242
 17.01   3.20942886
 17.02   3.20805499
 17.03   3.20667075
 17.04   3.20527607
 17.05   3.20387086
 17.06   3.20245506
 17.07   3.20102859
 17.08   3.19959138
 17.09   3.19814335
 17.10   3.19668443
 17.11   3.19521455
 17.12   3.19373362
 17.13   3.19224158
 17.14   3.19073834
 17.15   3.18922383
 17.16   3.18769798
 17.17   3.18616069
 17.18   3.18461191
 17.19   3.18305154
 17.20   3.18147951
 17.21   3.17989574
 17.22   3.17830015
 17.23   3.17669266
 17.24   3.17507319
 17.25   3.17344167
 17.26   3.17179800
 17.27   3.17014211
 17.28   3.16847391
 17.29   3.16679333
 17.30   3.16510028
 17.31   3.16339468
 17.32   3.16167645
 17.33   3.15994550
 17.34   3.15820174
 17.35   3.15644510
 17.36   3.15467549
 17.37   3.15289282
 17.38   3.15109701
 17.39   3.14928797
 17.40   3.14746562
 17.41   3.14562987
 17.42   3.14378063
 17.43   3.14191782
 17.44   3.14004135
 17.45   3.13815112
 17.46   3.13624706
 17.47   3.13432908
 17.48   3.13239707
 17.49   3.13045097
 17.50   3.12849066
 17.51   3.12651608
 17.52   3.12452711
 17.53   3.12252369
 17.54   3.12050570
 17.55   3.11847307
 17.56   3.11642569
 17.57   3.11436349
 17.58   3.11228636
 17.59   3.11019421
 17.60   3.10808696
 17.61   3.10596450
 17.62   3.10382674
 17.63   3.10167359
 17.64   3.09950496
 17.65   3.09732074
 17.66   3.09512085
 17.67   3.09290519
 17.68   3.09067366
 17.69   3.08842617
 17.70   3.08616263
 17.71   3.08388293
 17.72   3.08158697
 17.73   3.07927467
 17.74   3.07694592
 17.75   3.07460063
 17.76   3.07223870
 17.77   3.06986003
 17.78   3.06746452
 17.79   3.06505207
 17.80   3.06262258
 17.81   3.06017597
 17.82   3.05771211
 17.83   3.05523092
 17.84   3.05273230
 17.85   3.05021614
 17.86   3.04768235
 17.87   3.04513082
 17.88   3.04256146
 17.89   3.03997415
 17.90   3.03736881
 17.91   3.03474532
 17.92   3.03210359
 17.93   3.02944351
 17.94   3.02676499
 17.95   3.02406791
 17.96   3.02135218
 17.97   3.01861770
 17.98   3.01586435
 17.99   3.01309204
 18.00   3.01030067
 18.01   3.00749012
 18.02   3.00466031
 18.03   3.00181111
 18.04   2.99894243
 18.05   2.99605416
 18.06   2.99314620
 18.07   2.99021845
 18.08   2.98727079
 18.09   2.98430313
 18.10   2.98131535
 18.11   2.97830736
 18.12   2.97527905
 18.13   2.97223031
 18.14   2.96916104
 18.15   2.96607113
 18.16   2.96296047
 18.17   2.95982897
 18.18   2.95667650
 18.19   2.95350298
 18.20   2.95030829
 18.21   2.94709232
 18.22   2.94385497
 18.23   2.94059613
 18.24   2.93731570
 18.25   2.93401356
 18.26   2.93068962
 18.27   2.92734377
 18.28   2.92397590
 18.29   2.92058589
 18.30   2.91717366
 18.31   2.91373908
 18.32   2.91028206
 18.33   2.90680249
 18.34   2.90330025
 18.35   2.89977525
 18.36   2.89622737
 18.37   2.89265652
 18.38   2.88906258
 18.39   2.88544544
 18.40   2.88180501
 18.41   2.87814117
 18.42   2.87445381
 18.43   2.87074284
 18.44   2.86700814
 18.45   2.86324962
 18.46   2.85946715
 18.47   2.85566065
 18.48   2.85182999
 18.49   2.84797508
 18.50   2.84409581
 18.51   2.84019208
 18.52   2.83626377
 18.53   2.83231079
 18.54   2.82833303
 18.55   2.82433038
 18.56   2.82030274
 18.57   2.81625001
 18.58   2.81217207
 18.59   2.80806883
 18.60   2.80394019
 18.61   2.79978603
 18.62   2.79560626
 18.63   2.79140077
 18.64   2.78716945
 18.65   2.78291221
 18.66   2.77862895
 18.67   2.77431955
 18.68   2.76998392
 18.69   2.76562196
 18.70   2.76123356
 18.71   2.75681863
 18.72   2.75237705
 18.73   2.74790873
 18.74   2.74341358
 18.75   2.73889148
 18.76   2.73434235
 18.77   2.72976607
 18.78   2.72516256
 18.79   2.72053170
 18.80   2.71587341
 18.81   2.71118758
 18.82   2.70647412
 18.83   2.70173293
 18.84   2.69696391
 18.85   2.69216696
 18.86   2.68734200
 18.87   2.68248891
 18.88   2.67760761
 18.89   2.67269800
 18.90   2.66775999
 18.91   2.66279348
 18.92   2.65779838
 18.93   2.65277459
 18.94   2.64772202
 18.95   2.64264058
 18.96   2.63753018
 18.97   2.63239072
 18.98   2.62722211
 18.99   2.62202427
 19.00   2.61679709
 19.01   2.61154050
 19.02   2.60625440
 19.03   2.60093870
 19.04   2.59559332
 19.05   2.59021816
 19.06   2.58481315
 19.07   2.57937818
 19.08   2.57391319
 19.09   2.56841807
 19.10   2.56289275
 19.11   2.55733714
 19.12   2.55175115
 19.13   2.54613471
 19.14   2.54048773
 19.15   2.53481013
 19.16   2.52910182
 19.17   2.52336273
 19.18   2.51759277
 19.19   2.51179187
 19.20   2.50595994
 19.21   2.50009691
 19.22   2.49420270
 19.23   2.48827722
 19.24   2.48232041
 19.25   2.47633219
 19.26   2.47031248
 19.27   2.46426121
 19.28   2.45817830
 19.29   2.45206367
 19.30   2.44591727
 19.31   2.43973901
 19.32   2.43352882
 19.33   2.42728663
 19.34   2.42101237
 19.35   2.41470598
 19.36   2.40836737
 19.37   2.40199650
 19.38   2.39559327
 19.39   2.38915764
 19.40   2.38268954
 19.41   2.37618889
 19.42   2.36965564
 19.43   2.36308971
 19.44   2.35649106
 19.45   2.34985961
 19.46   2.34319530
 19.47   2.33649808
 19.48   2.32976788
 19.49   2.32300464
 19.50   2.31620831
 19.51   2.30937882
 19.52   2.30251613
 19.53   2.29562016
 19.54   2.28869088
 19.55   2.28172821
 19.56   2.27473212
 19.57   2.26770254
 19.58   2.26063942
 19.59   2.25354272
 19.60   2.24641237
 19.61   2.23924834
 19.62   2.23205056
 19.63   2.22481900
 19.64   2.21755361
 19.65   2.21025433
 19.66   2.20292112
 19.67   2.19555394
 19.68   2.18815274
 19.69   2.18071747
 19.70   2.17324811
 19.71   2.16574459
 19.72   2.15820689
 19.73   2.15063496
 19.74   2.14302875
 19.75   2.13538825
 19.76   2.12771339
 19.77   2.12000415
 19.78   2.11226050
 19.79   2.10448238
 19.80   2.09666978
 19.81   2.08882266
 19.82   2.08094097
 19.83   2.07302470
 19.84   2.06507381
 19.85   2.05708827
 19.86   2.04906804
 19.87   2.04101311
 19.88   2.03292343
 19.89   2.02479899
 19.90   2.01663976
 19.91   2.00844571
 19.92   2.00021681
 19.93   1.99195305
 19.94   1.98365440
 19.95   1.97532083
 19.96   1.96695233
 19.97   1.95854887
 19.98   1.95011044
 19.99   1.94163702
 20.00   1.93312858
