0.000000 2.677220 
0.010000 2.677212 
0.020000 2.677205 
0.030000 2.677197 
0.040000 2.677190 
0.050000 2.677182 
0.060000 2.677175 
0.070000 2.677168 
0.080000 2.677160 
0.090000 2.677153 
0.100000 2.677145 
0.110000 2.677138 
0.120000 2.677130 
0.130000 2.677123 
0.140000 2.677116 
0.150000 2.677108 
0.160000 2.677101 
0.170000 2.677093 
0.180000 2.677086 
0.190000 2.677078 
0.200000 2.677071 
0.210000 2.677064 
0.220000 2.677056 
0.230000 2.677049 
0.240000 2.677041 
0.250000 2.677034 
0.260000 2.677026 
0.270000 2.677019 
0.280000 2.677012 
0.290000 2.677004 
0.300000 2.676997 
0.310000 2.676989 
0.320000 2.676982 
0.330000 2.676974 
0.340000 2.676967 
0.350000 2.676960 
0.360000 2.676952 
0.370000 2.676945 
0.380000 2.676937 
0.390000 2.676930 
0.400000 2.676922 
0.410000 2.676915 
0.420000 2.676907 
0.430000 2.676900 
0.440000 2.676893 
0.450000 2.676885 
0.460000 2.676878 
0.470000 2.676870 
0.480000 2.676863 
0.490000 2.676855 
0.500000 2.676848 
0.510000 2.676840 
0.520000 2.676833 
0.530000 2.676826 
0.540000 2.676818 
0.550000 2.676811 
0.560000 2.676803 
0.570000 2.676796 
0.580000 2.676788 
0.590000 2.676781 
0.600000 2.676774 
0.610000 2.676766 
0.620000 2.676759 
0.630000 2.676751 
0.640000 2.676744 
0.650000 2.676736 
0.660000 2.676729 
0.670000 2.676721 
0.680000 2.676714 
0.690000 2.676707 
0.700000 2.676699 
0.710000 2.676692 
0.720000 2.676684 
0.730000 2.676677 
0.740000 2.676669 
0.750000 2.676662 
0.760000 2.676654 
0.770000 2.676647 
0.780000 2.676639 
0.790000 2.676632 
0.800000 2.676625 
0.810000 2.676617 
0.820000 2.676610 
0.830000 2.676602 
0.840000 2.676595 
0.850000 2.676587 
0.860000 2.676580 
0.870000 2.676572 
0.880000 2.676565 
0.890000 2.676558 
0.900000 2.676550 
0.910000 2.676543 
0.920000 2.676535 
0.930000 2.676528 
0.940000 2.676520 
0.950000 2.676513 
0.960000 2.676505 
0.970000 2.676498 
0.980000 2.676490 
0.990000 2.676483 
1.000000 2.676476 
1.010000 2.676468 
1.020000 2.676461 
1.030000 2.676453 
1.040000 2.676446 
1.050000 2.676438 
1.060000 2.676431 
1.070000 2.676423 
1.080000 2.676416 
1.090000 2.676408 
1.100000 2.676401 
1.110000 2.676394 
1.120000 2.676386 
1.130000 2.676379 
1.140000 2.676371 
1.150000 2.676364 
1.160000 2.676356 
1.170000 2.676349 
1.180000 2.676341 
1.190000 2.676334 
1.200000 2.676326 
1.210000 2.676319 
1.220000 2.676311 
1.230000 2.676304 
1.240000 2.676296 
1.250000 2.676289 
1.260000 2.676282 
1.270000 2.676274 
1.280000 2.676267 
1.290000 2.676259 
1.300000 2.676252 
1.310000 2.676244 
1.320000 2.676237 
1.330000 2.676229 
1.340000 2.676222 
1.350000 2.676214 
1.360000 2.676207 
1.370000 2.676199 
1.380000 2.676192 
1.390000 2.676184 
1.400000 2.676177 
1.410000 2.676170 
1.420000 2.676162 
1.430000 2.676155 
1.440000 2.676147 
1.450000 2.676140 
1.460000 2.676132 
1.470000 2.676125 
1.480000 2.676117 
1.490000 2.676110 
1.500000 2.676102 
1.510000 2.676095 
1.520000 2.676087 
1.530000 2.676080 
1.540000 2.676072 
1.550000 2.676065 
1.560000 2.676057 
1.570000 2.676050 
1.580000 2.676042 
1.590000 2.676035 
1.600000 2.676027 
1.610000 2.676020 
1.620000 2.676012 
1.630000 2.676005 
1.640000 2.675998 
1.650000 2.675990 
1.660000 2.675983 
1.670000 2.675975 
1.680000 2.675968 
1.690000 2.675960 
1.700000 2.675953 
1.710000 2.675945 
1.720000 2.675938 
1.730000 2.675930 
1.740000 2.675923 
1.750000 2.675915 
1.760000 2.675908 
1.770000 2.675900 
1.780000 2.675893 
1.790000 2.675885 
1.800000 2.675878 
1.810000 2.675870 
1.820000 2.675863 
1.830000 2.675855 
1.840000 2.675848 
1.850000 2.675840 
1.860000 2.675833 
1.870000 2.675825 
1.880000 2.675818 
1.890000 2.675810 
1.900000 2.675803 
1.910000 2.675795 
1.920000 2.675788 
1.930000 2.675780 
1.940000 2.675773 
1.950000 2.675765 
1.960000 2.675758 
1.970000 2.675750 
1.980000 2.675743 
1.990000 2.675735 
2.000000 2.675728 
2.010000 2.675720 
2.020000 2.675713 
2.030000 2.675705 
2.040000 2.675698 
2.050000 2.675690 
2.060000 2.675683 
2.070000 2.675675 
2.080000 2.675668 
2.090000 2.675660 
2.100000 2.675653 
2.110000 2.675645 
2.120000 2.675638 
2.130000 2.675630 
2.140000 2.675623 
2.150000 2.675615 
2.160000 2.675608 
2.170000 2.675600 
2.180000 2.675592 
2.190000 2.675585 
2.200000 2.675577 
2.210000 2.675570 
2.220000 2.675562 
2.230000 2.675555 
2.240000 2.675547 
2.250000 2.675540 
2.260000 2.675532 
2.270000 2.675525 
2.280000 2.675517 
2.290000 2.675510 
2.300000 2.675502 
2.310000 2.675495 
2.320000 2.675487 
2.330000 2.675480 
2.340000 2.675472 
2.350000 2.675465 
2.360000 2.675457 
2.370000 2.675449 
2.380000 2.675442 
2.390000 2.675434 
2.400000 2.675427 
2.410000 2.675419 
2.420000 2.675412 
2.430000 2.675404 
2.440000 2.675397 
2.450000 2.675389 
2.460000 2.675382 
2.470000 2.675374 
2.480000 2.675367 
2.490000 2.675359 
2.500000 2.675351 
2.510000 2.675344 
2.520000 2.675336 
2.530000 2.675329 
2.540000 2.675321 
2.550000 2.675314 
2.560000 2.675306 
2.570000 2.675299 
2.580000 2.675291 
2.590000 2.675283 
2.600000 2.675276 
2.610000 2.675268 
2.620000 2.675261 
2.630000 2.675253 
2.640000 2.675246 
2.650000 2.675238 
2.660000 2.675231 
2.670000 2.675223 
2.680000 2.675215 
2.690000 2.675208 
2.700000 2.675200 
2.710000 2.675193 
2.720000 2.675185 
2.730000 2.675178 
2.740000 2.675170 
2.750000 2.675162 
2.760000 2.675155 
2.770000 2.675147 
2.780000 2.675140 
2.790000 2.675132 
2.800000 2.675125 
2.810000 2.675117 
2.820000 2.675109 
2.830000 2.675102 
2.840000 2.675094 
2.850000 2.675087 
2.860000 2.675079 
2.870000 2.675071 
2.880000 2.675064 
2.890000 2.675056 
2.900000 2.675049 
2.910000 2.675041 
2.920000 2.675034 
2.930000 2.675026 
2.940000 2.675018 
2.950000 2.675011 
2.960000 2.675003 
2.970000 2.674996 
2.980000 2.674988 
2.990000 2.674980 
3.000000 2.674973 
3.010000 2.674965 
3.020000 2.674958 
3.030000 2.674950 
3.040000 2.674942 
3.050000 2.674935 
3.060000 2.674927 
3.070000 2.674919 
3.080000 2.674912 
3.090000 2.674904 
3.100000 2.674897 
3.110000 2.674889 
3.120000 2.674881 
3.130000 2.674874 
3.140000 2.674866 
3.150000 2.674859 
3.160000 2.674851 
3.170000 2.674843 
3.180000 2.674836 
3.190000 2.674828 
3.200000 2.674820 
3.210000 2.674813 
3.220000 2.674805 
3.230000 2.674797 
3.240000 2.674790 
3.250000 2.674782 
3.260000 2.674775 
3.270000 2.674767 
3.280000 2.674759 
3.290000 2.674752 
3.300000 2.674744 
3.310000 2.674736 
3.320000 2.674729 
3.330000 2.674721 
3.340000 2.674713 
3.350000 2.674706 
3.360000 2.674698 
3.370000 2.674690 
3.380000 2.674683 
3.390000 2.674675 
3.400000 2.674667 
3.410000 2.674660 
3.420000 2.674652 
3.430000 2.674644 
3.440000 2.674637 
3.450000 2.674629 
3.460000 2.674621 
3.470000 2.674614 
3.480000 2.674606 
3.490000 2.674598 
3.500000 2.674591 
3.510000 2.674583 
3.520000 2.674575 
3.530000 2.674568 
3.540000 2.674560 
3.550000 2.674552 
3.560000 2.674545 
3.570000 2.674537 
3.580000 2.674529 
3.590000 2.674521 
3.600000 2.674514 
3.610000 2.674506 
3.620000 2.674498 
3.630000 2.674491 
3.640000 2.674483 
3.650000 2.674475 
3.660000 2.674468 
3.670000 2.674460 
3.680000 2.674452 
3.690000 2.674444 
3.700000 2.674437 
3.710000 2.674429 
3.720000 2.674421 
3.730000 2.674413 
3.740000 2.674406 
3.750000 2.674398 
3.760000 2.674390 
3.770000 2.674383 
3.780000 2.674375 
3.790000 2.674367 
3.800000 2.674359 
3.810000 2.674352 
3.820000 2.674344 
3.830000 2.674336 
3.840000 2.674328 
3.850000 2.674321 
3.860000 2.674313 
3.870000 2.674305 
3.880000 2.674297 
3.890000 2.674290 
3.900000 2.674282 
3.910000 2.674274 
3.920000 2.674266 
3.930000 2.674258 
3.940000 2.674251 
3.950000 2.674243 
3.960000 2.674235 
3.970000 2.674227 
3.980000 2.674220 
3.990000 2.674212 
4.000000 2.674204 
4.010000 2.674196 
4.020000 2.674188 
4.030000 2.674181 
4.040000 2.674173 
4.050000 2.674165 
4.060000 2.674157 
4.070000 2.674149 
4.080000 2.674142 
4.090000 2.674134 
4.100000 2.674126 
4.110000 2.674118 
4.120000 2.674110 
4.130000 2.674102 
4.140000 2.674095 
4.150000 2.674087 
4.160000 2.674079 
4.170000 2.674071 
4.180000 2.674063 
4.190000 2.674055 
4.200000 2.674048 
4.210000 2.674040 
4.220000 2.674032 
4.230000 2.674024 
4.240000 2.674016 
4.250000 2.674008 
4.260000 2.674000 
4.270000 2.673993 
4.280000 2.673985 
4.290000 2.673977 
4.300000 2.673969 
4.310000 2.673961 
4.320000 2.673953 
4.330000 2.673945 
4.340000 2.673937 
4.350000 2.673930 
4.360000 2.673922 
4.370000 2.673914 
4.380000 2.673906 
4.390000 2.673898 
4.400000 2.673890 
4.410000 2.673882 
4.420000 2.673874 
4.430000 2.673866 
4.440000 2.673858 
4.450000 2.673850 
4.460000 2.673842 
4.470000 2.673835 
4.480000 2.673827 
4.490000 2.673819 
4.500000 2.673811 
4.510000 2.673803 
4.520000 2.673795 
4.530000 2.673787 
4.540000 2.673779 
4.550000 2.673771 
4.560000 2.673763 
4.570000 2.673755 
4.580000 2.673747 
4.590000 2.673739 
4.600000 2.673731 
4.610000 2.673723 
4.620000 2.673715 
4.630000 2.673707 
4.640000 2.673699 
4.650000 2.673691 
4.660000 2.673683 
4.670000 2.673675 
4.680000 2.673667 
4.690000 2.673659 
4.700000 2.673651 
4.710000 2.673643 
4.720000 2.673635 
4.730000 2.673627 
4.740000 2.673619 
4.750000 2.673611 
4.760000 2.673603 
4.770000 2.673595 
4.780000 2.673587 
4.790000 2.673579 
4.800000 2.673571 
4.810000 2.673563 
4.820000 2.673554 
4.830000 2.673546 
4.840000 2.673538 
4.850000 2.673530 
4.860000 2.673522 
4.870000 2.673514 
4.880000 2.673506 
4.890000 2.673498 
4.900000 2.673490 
4.910000 2.673482 
4.920000 2.673474 
4.930000 2.673465 
4.940000 2.673457 
4.950000 2.673449 
4.960000 2.673441 
4.970000 2.673433 
4.980000 2.673425 
4.990000 2.673417 
5.000000 2.673408 
5.010000 2.673400 
5.020000 2.673392 
5.030000 2.673384 
5.040000 2.673376 
5.050000 2.673368 
5.060000 2.673359 
5.070000 2.673351 
5.080000 2.673343 
5.090000 2.673335 
5.100000 2.673327 
5.110000 2.673318 
5.120000 2.673310 
5.130000 2.673302 
5.140000 2.673294 
5.150000 2.673285 
5.160000 2.673277 
5.170000 2.673269 
5.180000 2.673261 
5.190000 2.673252 
5.200000 2.673244 
5.210000 2.673236 
5.220000 2.673228 
5.230000 2.673219 
5.240000 2.673211 
5.250000 2.673203 
5.260000 2.673194 
5.270000 2.673186 
5.280000 2.673178 
5.290000 2.673170 
5.300000 2.673161 
5.310000 2.673153 
5.320000 2.673145 
5.330000 2.673136 
5.340000 2.673128 
5.350000 2.673119 
5.360000 2.673111 
5.370000 2.673103 
5.380000 2.673094 
5.390000 2.673086 
5.400000 2.673078 
5.410000 2.673069 
5.420000 2.673061 
5.430000 2.673052 
5.440000 2.673044 
5.450000 2.673036 
5.460000 2.673027 
5.470000 2.673019 
5.480000 2.673010 
5.490000 2.673002 
5.500000 2.672993 
5.510000 2.672985 
5.520000 2.672976 
5.530000 2.672968 
5.540000 2.672959 
5.550000 2.672951 
5.560000 2.672942 
5.570000 2.672934 
5.580000 2.672925 
5.590000 2.672917 
5.600000 2.672908 
5.610000 2.672900 
5.620000 2.672891 
5.630000 2.672883 
5.640000 2.672874 
5.650000 2.672866 
5.660000 2.672857 
5.670000 2.672848 
5.680000 2.672840 
5.690000 2.672831 
5.700000 2.672823 
5.710000 2.672814 
5.720000 2.672805 
5.730000 2.672797 
5.740000 2.672788 
5.750000 2.672780 
5.760000 2.672771 
5.770000 2.672762 
5.780000 2.672754 
5.790000 2.672745 
5.800000 2.672736 
5.810000 2.672727 
5.820000 2.672719 
5.830000 2.672710 
5.840000 2.672701 
5.850000 2.672693 
5.860000 2.672684 
5.870000 2.672675 
5.880000 2.672666 
5.890000 2.672658 
5.900000 2.672649 
5.910000 2.672640 
5.920000 2.672631 
5.930000 2.672622 
5.940000 2.672614 
5.950000 2.672605 
5.960000 2.672596 
5.970000 2.672587 
5.980000 2.672578 
5.990000 2.672569 
6.000000 2.672560 
6.010000 2.672552 
6.020000 2.672543 
6.030000 2.672534 
6.040000 2.672525 
6.050000 2.672516 
6.060000 2.672507 
6.070000 2.672498 
6.080000 2.672489 
6.090000 2.672480 
6.100000 2.672471 
6.110000 2.672462 
6.120000 2.672453 
6.130000 2.672444 
6.140000 2.672435 
6.150000 2.672426 
6.160000 2.672417 
6.170000 2.672408 
6.180000 2.672399 
6.190000 2.672390 
6.200000 2.672381 
6.210000 2.672372 
6.220000 2.672362 
6.230000 2.672353 
6.240000 2.672344 
6.250000 2.672335 
6.260000 2.672326 
6.270000 2.672317 
6.280000 2.672308 
6.290000 2.672298 
6.300000 2.672289 
6.310000 2.672280 
6.320000 2.672271 
6.330000 2.672261 
6.340000 2.672252 
6.350000 2.672243 
6.360000 2.672234 
6.370000 2.672224 
6.380000 2.672215 
6.390000 2.672206 
6.400000 2.672196 
6.410000 2.672187 
6.420000 2.672178 
6.430000 2.672168 
6.440000 2.672159 
6.450000 2.672150 
6.460000 2.672140 
6.470000 2.672131 
6.480000 2.672121 
6.490000 2.672112 
6.500000 2.672102 
6.510000 2.672093 
6.520000 2.672083 
6.530000 2.672074 
6.540000 2.672064 
6.550000 2.672055 
6.560000 2.672045 
6.570000 2.672036 
6.580000 2.672026 
6.590000 2.672017 
6.600000 2.672007 
6.610000 2.671997 
6.620000 2.671988 
6.630000 2.671978 
6.640000 2.671968 
6.650000 2.671959 
6.660000 2.671949 
6.670000 2.671939 
6.680000 2.671930 
6.690000 2.671920 
6.700000 2.671910 
6.710000 2.671900 
6.720000 2.671890 
6.730000 2.671881 
6.740000 2.671871 
6.750000 2.671861 
6.760000 2.671851 
6.770000 2.671841 
6.780000 2.671831 
6.790000 2.671821 
6.800000 2.671811 
6.810000 2.671802 
6.820000 2.671792 
6.830000 2.671782 
6.840000 2.671772 
6.850000 2.671762 
6.860000 2.671752 
6.870000 2.671742 
6.880000 2.671731 
6.890000 2.671721 
6.900000 2.671711 
6.910000 2.671701 
6.920000 2.671691 
6.930000 2.671681 
6.940000 2.671671 
6.950000 2.671660 
6.960000 2.671650 
6.970000 2.671640 
6.980000 2.671630 
6.990000 2.671619 
7.000000 2.671609 
7.010000 2.671599 
7.020000 2.671589 
7.030000 2.671578 
7.040000 2.671568 
7.050000 2.671557 
7.060000 2.671547 
7.070000 2.671537 
7.080000 2.671526 
7.090000 2.671516 
7.100000 2.671505 
7.110000 2.671495 
7.120000 2.671484 
7.130000 2.671473 
7.140000 2.671463 
7.150000 2.671452 
7.160000 2.671442 
7.170000 2.671431 
7.180000 2.671420 
7.190000 2.671410 
7.200000 2.671399 
7.210000 2.671388 
7.220000 2.671377 
7.230000 2.671367 
7.240000 2.671356 
7.250000 2.671345 
7.260000 2.671334 
7.270000 2.671323 
7.280000 2.671312 
7.290000 2.671301 
7.300000 2.671291 
7.310000 2.671280 
7.320000 2.671269 
7.330000 2.671258 
7.340000 2.671247 
7.350000 2.671235 
7.360000 2.671224 
7.370000 2.671213 
7.380000 2.671202 
7.390000 2.671191 
7.400000 2.671180 
7.410000 2.671168 
7.420000 2.671157 
7.430000 2.671146 
7.440000 2.671135 
7.450000 2.671123 
7.460000 2.671112 
7.470000 2.671101 
7.480000 2.671089 
7.490000 2.671078 
7.500000 2.671066 
7.510000 2.671055 
7.520000 2.671043 
7.530000 2.671032 
7.540000 2.671020 
7.550000 2.671009 
7.560000 2.670997 
7.570000 2.670985 
7.580000 2.670974 
7.590000 2.670962 
7.600000 2.670950 
7.610000 2.670938 
7.620000 2.670927 
7.630000 2.670915 
7.640000 2.670903 
7.650000 2.670891 
7.660000 2.670879 
7.670000 2.670867 
7.680000 2.670855 
7.690000 2.670843 
7.700000 2.670831 
7.710000 2.670819 
7.720000 2.670807 
7.730000 2.670795 
7.740000 2.670782 
7.750000 2.670770 
7.760000 2.670758 
7.770000 2.670746 
7.780000 2.670733 
7.790000 2.670721 
7.800000 2.670709 
7.810000 2.670696 
7.820000 2.670684 
7.830000 2.670671 
7.840000 2.670659 
7.850000 2.670646 
7.860000 2.670634 
7.870000 2.670621 
7.880000 2.670608 
7.890000 2.670596 
7.900000 2.670583 
7.910000 2.670570 
7.920000 2.670557 
7.930000 2.670545 
7.940000 2.670532 
7.950000 2.670519 
7.960000 2.670506 
7.970000 2.670493 
7.980000 2.670480 
7.990000 2.670467 
8.000000 2.670454 
8.010000 2.670440 
8.020000 2.670427 
8.030000 2.670414 
8.040000 2.670401 
8.050000 2.670387 
8.060000 2.670374 
8.070000 2.670361 
8.080000 2.670347 
8.090000 2.670334 
8.100000 2.670320 
8.110000 2.670307 
8.120000 2.670293 
8.130000 2.670280 
8.140000 2.670266 
8.150000 2.670252 
8.160000 2.670238 
8.170000 2.670225 
8.180000 2.670211 
8.190000 2.670197 
8.200000 2.670183 
8.210000 2.670169 
8.220000 2.670155 
8.230000 2.670141 
8.240000 2.670127 
8.250000 2.670113 
8.260000 2.670098 
8.270000 2.670084 
8.280000 2.670070 
8.290000 2.670055 
8.300000 2.670041 
8.310000 2.670027 
8.320000 2.670012 
8.330000 2.669998 
8.340000 2.669983 
8.350000 2.669968 
8.360000 2.669954 
8.370000 2.669939 
8.380000 2.669924 
8.390000 2.669909 
8.400000 2.669894 
8.410000 2.669879 
8.420000 2.669864 
8.430000 2.669849 
8.440000 2.669834 
8.450000 2.669819 
8.460000 2.669804 
8.470000 2.669789 
8.480000 2.669773 
8.490000 2.669758 
8.500000 2.669742 
8.510000 2.669727 
8.520000 2.669711 
8.530000 2.669696 
8.540000 2.669680 
8.550000 2.669664 
8.560000 2.669649 
8.570000 2.669633 
8.580000 2.669617 
8.590000 2.669601 
8.600000 2.669585 
8.610000 2.669569 
8.620000 2.669553 
8.630000 2.669537 
8.640000 2.669521 
8.650000 2.669504 
8.660000 2.669488 
8.670000 2.669471 
8.680000 2.669455 
8.690000 2.669438 
8.700000 2.669422 
8.710000 2.669405 
8.720000 2.669388 
8.730000 2.669372 
8.740000 2.669355 
8.750000 2.669338 
8.760000 2.669321 
8.770000 2.669304 
8.780000 2.669287 
8.790000 2.669270 
8.800000 2.669252 
8.810000 2.669235 
8.820000 2.669218 
8.830000 2.669200 
8.840000 2.669183 
8.850000 2.669165 
8.860000 2.669147 
8.870000 2.669130 
8.880000 2.669112 
8.890000 2.669094 
8.900000 2.669076 
8.910000 2.669058 
8.920000 2.669040 
8.930000 2.669022 
8.940000 2.669003 
8.950000 2.668985 
8.960000 2.668967 
8.970000 2.668948 
8.980000 2.668930 
8.990000 2.668911 
9.000000 2.668892 
9.010000 2.668874 
9.020000 2.668855 
9.030000 2.668836 
9.040000 2.668817 
9.050000 2.668798 
9.060000 2.668779 
9.070000 2.668759 
9.080000 2.668740 
9.090000 2.668721 
9.100000 2.668701 
9.110000 2.668681 
9.120000 2.668662 
9.130000 2.668642 
9.140000 2.668622 
9.150000 2.668602 
9.160000 2.668582 
9.170000 2.668562 
9.180000 2.668542 
9.190000 2.668522 
9.200000 2.668501 
9.210000 2.668481 
9.220000 2.668460 
9.230000 2.668440 
9.240000 2.668419 
9.250000 2.668398 
9.260000 2.668377 
9.270000 2.668356 
9.280000 2.668335 
9.290000 2.668314 
9.300000 2.668293 
9.310000 2.668271 
9.320000 2.668250 
9.330000 2.668228 
9.340000 2.668207 
9.350000 2.668185 
9.360000 2.668163 
9.370000 2.668141 
9.380000 2.668119 
9.390000 2.668097 
9.400000 2.668075 
9.410000 2.668052 
9.420000 2.668030 
9.430000 2.668007 
9.440000 2.667985 
9.450000 2.667962 
9.460000 2.667939 
9.470000 2.667916 
9.480000 2.667893 
9.490000 2.667870 
9.500000 2.667846 
9.510000 2.667823 
9.520000 2.667799 
9.530000 2.667776 
9.540000 2.667752 
9.550000 2.667728 
9.560000 2.667704 
9.570000 2.667680 
9.580000 2.667656 
9.590000 2.667632 
9.600000 2.667607 
9.610000 2.667583 
9.620000 2.667558 
9.630000 2.667533 
9.640000 2.667508 
9.650000 2.667483 
9.660000 2.667458 
9.670000 2.667433 
9.680000 2.667407 
9.690000 2.667382 
9.700000 2.667356 
9.710000 2.667330 
9.720000 2.667304 
9.730000 2.667278 
9.740000 2.667252 
9.750000 2.667226 
9.760000 2.667199 
9.770000 2.667173 
9.780000 2.667146 
9.790000 2.667119 
9.800000 2.667092 
9.810000 2.667065 
9.820000 2.667038 
9.830000 2.667011 
9.840000 2.666983 
9.850000 2.666956 
9.860000 2.666928 
9.870000 2.666900 
9.880000 2.666872 
9.890000 2.666844 
9.900000 2.666815 
9.910000 2.666787 
9.920000 2.666758 
9.930000 2.666729 
9.940000 2.666701 
9.950000 2.666671 
9.960000 2.666642 
9.970000 2.666613 
9.980000 2.666583 
9.990000 2.666554 
10.000000 2.666524 
10.010000 2.666494 
10.020000 2.666464 
10.030000 2.666433 
10.040000 2.666403 
10.050000 2.666372 
10.060000 2.666342 
10.070000 2.666311 
10.080000 2.666280 
10.090000 2.666248 
10.100000 2.666217 
10.110000 2.666185 
10.120000 2.666154 
10.130000 2.666122 
10.140000 2.666090 
10.150000 2.666057 
10.160000 2.666025 
10.170000 2.665992 
10.180000 2.665960 
10.190000 2.665927 
10.200000 2.665893 
10.210000 2.665860 
10.220000 2.665827 
10.230000 2.665793 
10.240000 2.665759 
10.250000 2.665725 
10.260000 2.665691 
10.270000 2.665656 
10.280000 2.665622 
10.290000 2.665587 
10.300000 2.665552 
10.310000 2.665517 
10.320000 2.665482 
10.330000 2.665446 
10.340000 2.665410 
10.350000 2.665375 
10.360000 2.665338 
10.370000 2.665302 
10.380000 2.665266 
10.390000 2.665229 
10.400000 2.665192 
10.410000 2.665155 
10.420000 2.665118 
10.430000 2.665080 
10.440000 2.665042 
10.450000 2.665004 
10.460000 2.664966 
10.470000 2.664928 
10.480000 2.664889 
10.490000 2.664850 
10.500000 2.664811 
10.510000 2.664772 
10.520000 2.664733 
10.530000 2.664693 
10.540000 2.664653 
10.550000 2.664613 
10.560000 2.664573 
10.570000 2.664532 
10.580000 2.664491 
10.590000 2.664450 
10.600000 2.664409 
10.610000 2.664368 
10.620000 2.664326 
10.630000 2.664284 
10.640000 2.664242 
10.650000 2.664199 
10.660000 2.664157 
10.670000 2.664114 
10.680000 2.664070 
10.690000 2.664027 
10.700000 2.663983 
10.710000 2.663939 
10.720000 2.663895 
10.730000 2.663851 
10.740000 2.663806 
10.750000 2.663761 
10.760000 2.663716 
10.770000 2.663671 
10.780000 2.663625 
10.790000 2.663579 
10.800000 2.663533 
10.810000 2.663486 
10.820000 2.663439 
10.830000 2.663392 
10.840000 2.663345 
10.850000 2.663297 
10.860000 2.663250 
10.870000 2.663201 
10.880000 2.663153 
10.890000 2.663104 
10.900000 2.663055 
10.910000 2.663006 
10.920000 2.662956 
10.930000 2.662907 
10.940000 2.662856 
10.950000 2.662806 
10.960000 2.662755 
10.970000 2.662704 
10.980000 2.662653 
10.990000 2.662601 
11.000000 2.662549 
11.010000 2.662497 
11.020000 2.662444 
11.030000 2.662392 
11.040000 2.662338 
11.050000 2.662285 
11.060000 2.662231 
11.070000 2.662177 
11.080000 2.662122 
11.090000 2.662068 
11.100000 2.662013 
11.110000 2.661957 
11.120000 2.661901 
11.130000 2.661845 
11.140000 2.661789 
11.150000 2.661732 
11.160000 2.661675 
11.170000 2.661618 
11.180000 2.661560 
11.190000 2.661502 
11.200000 2.661443 
11.210000 2.661384 
11.220000 2.661325 
11.230000 2.661266 
11.240000 2.661206 
11.250000 2.661145 
11.260000 2.661085 
11.270000 2.661024 
11.280000 2.660962 
11.290000 2.660901 
11.300000 2.660838 
11.310000 2.660776 
11.320000 2.660713 
11.330000 2.660650 
11.340000 2.660586 
11.350000 2.660522 
11.360000 2.660458 
11.370000 2.660393 
11.380000 2.660328 
11.390000 2.660262 
11.400000 2.660196 
11.410000 2.660130 
11.420000 2.660063 
11.430000 2.659996 
11.440000 2.659928 
11.450000 2.659860 
11.460000 2.659792 
11.470000 2.659723 
11.480000 2.659654 
11.490000 2.659584 
11.500000 2.659514 
11.510000 2.659443 
11.520000 2.659372 
11.530000 2.659301 
11.540000 2.659229 
11.550000 2.659157 
11.560000 2.659084 
11.570000 2.659011 
11.580000 2.658937 
11.590000 2.658863 
11.600000 2.658788 
11.610000 2.658713 
11.620000 2.658638 
11.630000 2.658562 
11.640000 2.658486 
11.650000 2.658409 
11.660000 2.658331 
11.670000 2.658253 
11.680000 2.658175 
11.690000 2.658096 
11.700000 2.658017 
11.710000 2.657937 
11.720000 2.657857 
11.730000 2.657776 
11.740000 2.657695 
11.750000 2.657613 
11.760000 2.657531 
11.770000 2.657448 
11.780000 2.657364 
11.790000 2.657281 
11.800000 2.657196 
11.810000 2.657111 
11.820000 2.657026 
11.830000 2.656940 
11.840000 2.656853 
11.850000 2.656766 
11.860000 2.656679 
11.870000 2.656591 
11.880000 2.656502 
11.890000 2.656413 
11.900000 2.656323 
11.910000 2.656232 
11.920000 2.656141 
11.930000 2.656050 
11.940000 2.655958 
11.950000 2.655865 
11.960000 2.655772 
11.970000 2.655678 
11.980000 2.655584 
11.990000 2.655489 
12.000000 2.655393 
12.010000 2.655297 
12.020000 2.655200 
12.030000 2.655103 
12.040000 2.655005 
12.050000 2.654906 
12.060000 2.654807 
12.070000 2.654707 
12.080000 2.654606 
12.090000 2.654505 
12.100000 2.654403 
12.110000 2.654301 
12.120000 2.654198 
12.130000 2.654094 
12.140000 2.653989 
12.150000 2.653884 
12.160000 2.653779 
12.170000 2.653672 
12.180000 2.653565 
12.190000 2.653457 
12.200000 2.653349 
12.210000 2.653240 
12.220000 2.653130 
12.230000 2.653019 
12.240000 2.652908 
12.250000 2.652796 
12.260000 2.652684 
12.270000 2.652570 
12.280000 2.652456 
12.290000 2.652341 
12.300000 2.652226 
12.310000 2.652110 
12.320000 2.651993 
12.330000 2.651875 
12.340000 2.651756 
12.350000 2.651637 
12.360000 2.651517 
12.370000 2.651396 
12.380000 2.651275 
12.390000 2.651153 
12.400000 2.651030 
12.410000 2.650906 
12.420000 2.650781 
12.430000 2.650656 
12.440000 2.650529 
12.450000 2.650402 
12.460000 2.650274 
12.470000 2.650146 
12.480000 2.650016 
12.490000 2.649886 
12.500000 2.649755 
12.510000 2.649623 
12.520000 2.649490 
12.530000 2.649356 
12.540000 2.649222 
12.550000 2.649086 
12.560000 2.648950 
12.570000 2.648813 
12.580000 2.648675 
12.590000 2.648536 
12.600000 2.648396 
12.610000 2.648255 
12.620000 2.648114 
12.630000 2.647971 
12.640000 2.647828 
12.650000 2.647684 
12.660000 2.647538 
12.670000 2.647392 
12.680000 2.647245 
12.690000 2.647097 
12.700000 2.646948 
12.710000 2.646798 
12.720000 2.646647 
12.730000 2.646495 
12.740000 2.646343 
12.750000 2.646189 
12.760000 2.646034 
12.770000 2.645878 
12.780000 2.645721 
12.790000 2.645564 
12.800000 2.645405 
12.810000 2.645245 
12.820000 2.645084 
12.830000 2.644922 
12.840000 2.644759 
12.850000 2.644595 
12.860000 2.644430 
12.870000 2.644264 
12.880000 2.644097 
12.890000 2.643929 
12.900000 2.643760 
12.910000 2.643589 
12.920000 2.643418 
12.930000 2.643245 
12.940000 2.643072 
12.950000 2.642897 
12.960000 2.642721 
12.970000 2.642544 
12.980000 2.642366 
12.990000 2.642187 
13.000000 2.642006 
13.010000 2.641825 
13.020000 2.641642 
13.030000 2.641458 
13.040000 2.641273 
13.050000 2.641086 
13.060000 2.640899 
13.070000 2.640710 
13.080000 2.640520 
13.090000 2.640329 
13.100000 2.640137 
13.110000 2.639943 
13.120000 2.639749 
13.130000 2.639553 
13.140000 2.639355 
13.150000 2.639157 
13.160000 2.638957 
13.170000 2.638756 
13.180000 2.638553 
13.190000 2.638350 
13.200000 2.638145 
13.210000 2.637938 
13.220000 2.637731 
13.230000 2.637522 
13.240000 2.637311 
13.250000 2.637100 
13.260000 2.636887 
13.270000 2.636672 
13.280000 2.636457 
13.290000 2.636240 
13.300000 2.636021 
13.310000 2.635801 
13.320000 2.635580 
13.330000 2.635357 
13.340000 2.635133 
13.350000 2.634908 
13.360000 2.634681 
13.370000 2.634452 
13.380000 2.634222 
13.390000 2.633991 
13.400000 2.633758 
13.410000 2.633524 
13.420000 2.633288 
13.430000 2.633050 
13.440000 2.632812 
13.450000 2.632571 
13.460000 2.632329 
13.470000 2.632086 
13.480000 2.631841 
13.490000 2.631594 
13.500000 2.631346 
13.510000 2.631097 
13.520000 2.630845 
13.530000 2.630592 
13.540000 2.630338 
13.550000 2.630082 
13.560000 2.629824 
13.570000 2.629565 
13.580000 2.629304 
13.590000 2.629041 
13.600000 2.628777 
13.610000 2.628511 
13.620000 2.628243 
13.630000 2.627974 
13.640000 2.627702 
13.650000 2.627430 
13.660000 2.627155 
13.670000 2.626879 
13.680000 2.626601 
13.690000 2.626321 
13.700000 2.626039 
13.710000 2.625756 
13.720000 2.625471 
13.730000 2.625184 
13.740000 2.624895 
13.750000 2.624604 
13.760000 2.624312 
13.770000 2.624018 
13.780000 2.623722 
13.790000 2.623424 
13.800000 2.623124 
13.810000 2.622822 
13.820000 2.622518 
13.830000 2.622213 
13.840000 2.621905 
13.850000 2.621596 
13.860000 2.621284 
13.870000 2.620971 
13.880000 2.620655 
13.890000 2.620338 
13.900000 2.620019 
13.910000 2.619698 
13.920000 2.619374 
13.930000 2.619049 
13.940000 2.618721 
13.950000 2.618392 
13.960000 2.618060 
13.970000 2.617727 
13.980000 2.617391 
13.990000 2.617053 
14.000000 2.616713 
14.010000 2.616371 
14.020000 2.616027 
14.030000 2.615681 
14.040000 2.615332 
14.050000 2.614982 
14.060000 2.614629 
14.070000 2.614274 
14.080000 2.613917 
14.090000 2.613557 
14.100000 2.613195 
14.110000 2.612831 
14.120000 2.612465 
14.130000 2.612097 
14.140000 2.611726 
14.150000 2.611353 
14.160000 2.610977 
14.170000 2.610600 
14.180000 2.610220 
14.190000 2.609837 
14.200000 2.609452 
14.210000 2.609065 
14.220000 2.608676 
14.230000 2.608284 
14.240000 2.607889 
14.250000 2.607492 
14.260000 2.607093 
14.270000 2.606691 
14.280000 2.606287 
14.290000 2.605880 
14.300000 2.605471 
14.310000 2.605059 
14.320000 2.604645 
14.330000 2.604228 
14.340000 2.603809 
14.350000 2.603387 
14.360000 2.602962 
14.370000 2.602535 
14.380000 2.602105 
14.390000 2.601673 
14.400000 2.601238 
14.410000 2.600800 
14.420000 2.600360 
14.430000 2.599916 
14.440000 2.599471 
14.450000 2.599022 
14.460000 2.598571 
14.470000 2.598117 
14.480000 2.597660 
14.490000 2.597201 
14.500000 2.596738 
14.510000 2.596273 
14.520000 2.595805 
14.530000 2.595334 
14.540000 2.594861 
14.550000 2.594384 
14.560000 2.593905 
14.570000 2.593423 
14.580000 2.592937 
14.590000 2.592449 
14.600000 2.591958 
14.610000 2.591464 
14.620000 2.590967 
14.630000 2.590467 
14.640000 2.589964 
14.650000 2.589458 
14.660000 2.588949 
14.670000 2.588437 
14.680000 2.587922 
14.690000 2.587403 
14.700000 2.586882 
14.710000 2.586358 
14.720000 2.585830 
14.730000 2.585299 
14.740000 2.584765 
14.750000 2.584228 
14.760000 2.583688 
14.770000 2.583144 
14.780000 2.582598 
14.790000 2.582048 
14.800000 2.581494 
14.810000 2.580938 
14.820000 2.580378 
14.830000 2.579815 
14.840000 2.579248 
14.850000 2.578678 
14.860000 2.578105 
14.870000 2.577529 
14.880000 2.576949 
14.890000 2.576365 
14.900000 2.575779 
14.910000 2.575188 
14.920000 2.574595 
14.930000 2.573997 
14.940000 2.573397 
14.950000 2.572793 
14.960000 2.572185 
14.970000 2.571574 
14.980000 2.570959 
14.990000 2.570340 
15.000000 2.569718 
15.010000 2.569093 
15.020000 2.568463 
15.030000 2.567830 
15.040000 2.567194 
15.050000 2.566554 
15.060000 2.565910 
15.070000 2.565262 
15.080000 2.564610 
15.090000 2.563955 
15.100000 2.563296 
15.110000 2.562634 
15.120000 2.561967 
15.130000 2.561297 
15.140000 2.560622 
15.150000 2.559944 
15.160000 2.559262 
15.170000 2.558576 
15.180000 2.557887 
15.190000 2.557193 
15.200000 2.556495 
15.210000 2.555794 
15.220000 2.555088 
15.230000 2.554378 
15.240000 2.553665 
15.250000 2.552947 
15.260000 2.552225 
15.270000 2.551499 
15.280000 2.550769 
15.290000 2.550035 
15.300000 2.549297 
15.310000 2.548555 
15.320000 2.547808 
15.330000 2.547058 
15.340000 2.546303 
15.350000 2.545544 
15.360000 2.544780 
15.370000 2.544013 
15.380000 2.543241 
15.390000 2.542465 
15.400000 2.541684 
15.410000 2.540899 
15.420000 2.540110 
15.430000 2.539317 
15.440000 2.538519 
15.450000 2.537716 
15.460000 2.536910 
15.470000 2.536098 
15.480000 2.535283 
15.490000 2.534463 
15.500000 2.533638 
15.510000 2.532809 
15.520000 2.531975 
15.530000 2.531137 
15.540000 2.530294 
15.550000 2.529447 
15.560000 2.528595 
15.570000 2.527738 
15.580000 2.526877 
15.590000 2.526011 
15.600000 2.525140 
15.610000 2.524265 
15.620000 2.523385 
15.630000 2.522500 
15.640000 2.521610 
15.650000 2.520716 
15.660000 2.519817 
15.670000 2.518913 
15.680000 2.518004 
15.690000 2.517090 
15.700000 2.516172 
15.710000 2.515248 
15.720000 2.514320 
15.730000 2.513387 
15.740000 2.512449 
15.750000 2.511506 
15.760000 2.510558 
15.770000 2.509604 
15.780000 2.508646 
15.790000 2.507683 
15.800000 2.506715 
15.810000 2.505742 
15.820000 2.504763 
15.830000 2.503780 
15.840000 2.502791 
15.850000 2.501797 
15.860000 2.500798 
15.870000 2.499794 
15.880000 2.498785 
15.890000 2.497770 
15.900000 2.496751 
15.910000 2.495725 
15.920000 2.494695 
15.930000 2.493660 
15.940000 2.492619 
15.950000 2.491572 
15.960000 2.490521 
15.970000 2.489464 
15.980000 2.488401 
15.990000 2.487334 
16.000000 2.486261 
16.010000 2.485182 
16.020000 2.484098 
16.030000 2.483008 
16.040000 2.481913 
16.050000 2.480813 
16.060000 2.479707 
16.070000 2.478595 
16.080000 2.477478 
16.090000 2.476355 
16.100000 2.475227 
16.110000 2.474093 
16.120000 2.472953 
16.130000 2.471808 
16.140000 2.470657 
16.150000 2.469500 
16.160000 2.468338 
16.170000 2.467170 
16.180000 2.465996 
16.190000 2.464816 
16.200000 2.463631 
16.210000 2.462440 
16.220000 2.461243 
16.230000 2.460040 
16.240000 2.458832 
16.250000 2.457617 
16.260000 2.456397 
16.270000 2.455171 
16.280000 2.453938 
16.290000 2.452700 
16.300000 2.451456 
16.310000 2.450206 
16.320000 2.448950 
16.330000 2.447688 
16.340000 2.446420 
16.350000 2.445146 
16.360000 2.443866 
16.370000 2.442580 
16.380000 2.441288 
16.390000 2.439990 
16.400000 2.438686 
16.410000 2.437375 
16.420000 2.436058 
16.430000 2.434736 
16.440000 2.433407 
16.450000 2.432071 
16.460000 2.430730 
16.470000 2.429382 
16.480000 2.428029 
16.490000 2.426669 
16.500000 2.425302 
16.510000 2.423930 
16.520000 2.422551 
16.530000 2.421165 
16.540000 2.419774 
16.550000 2.418376 
16.560000 2.416972 
16.570000 2.415561 
16.580000 2.414144 
16.590000 2.412720 
16.600000 2.411291 
16.610000 2.409854 
16.620000 2.408412 
16.630000 2.406962 
16.640000 2.405507 
16.650000 2.404045 
16.660000 2.402576 
16.670000 2.401101 
16.680000 2.399619 
16.690000 2.398131 
16.700000 2.396636 
16.710000 2.395134 
16.720000 2.393626 
16.730000 2.392112 
16.740000 2.390591 
16.750000 2.389063 
16.760000 2.387528 
16.770000 2.385987 
16.780000 2.384439 
16.790000 2.382885 
16.800000 2.381324 
16.810000 2.379756 
16.820000 2.378181 
16.830000 2.376600 
16.840000 2.375012 
16.850000 2.373417 
16.860000 2.371815 
16.870000 2.370207 
16.880000 2.368592 
16.890000 2.366970 
16.900000 2.365341 
16.910000 2.363705 
16.920000 2.362062 
16.930000 2.360413 
16.940000 2.358757 
16.950000 2.357094 
16.960000 2.355424 
16.970000 2.353747 
16.980000 2.352063 
16.990000 2.350372 
17.000000 2.348675 
17.010000 2.346970 
17.020000 2.345258 
17.030000 2.343540 
17.040000 2.341814 
17.050000 2.340082 
17.060000 2.338342 
17.070000 2.336596 
17.080000 2.334842 
17.090000 2.333082 
17.100000 2.331314 
17.110000 2.329539 
17.120000 2.327758 
17.130000 2.325969 
17.140000 2.324173 
17.150000 2.322370 
17.160000 2.320560 
17.170000 2.318743 
17.180000 2.316919 
17.190000 2.315087 
17.200000 2.313249 
17.210000 2.311403 
17.220000 2.309550 
17.230000 2.307690 
17.240000 2.305823 
17.250000 2.303949 
17.260000 2.302068 
17.270000 2.300179 
17.280000 2.298283 
17.290000 2.296380 
17.300000 2.294470 
17.310000 2.292552 
17.320000 2.290627 
17.330000 2.288695 
17.340000 2.286756 
17.350000 2.284810 
17.360000 2.282856 
17.370000 2.280895 
17.380000 2.278927 
17.390000 2.276951 
17.400000 2.274968 
17.410000 2.272978 
17.420000 2.270981 
17.430000 2.268976 
17.440000 2.266964 
17.450000 2.264945 
17.460000 2.262918 
17.470000 2.260884 
17.480000 2.258843 
17.490000 2.256794 
17.500000 2.254738 
17.510000 2.252675 
17.520000 2.250604 
17.530000 2.248526 
17.540000 2.246441 
17.550000 2.244348 
17.560000 2.242248 
17.570000 2.240140 
17.580000 2.238026 
17.590000 2.235903 
17.600000 2.233774 
17.610000 2.231637 
17.620000 2.229492 
17.630000 2.227340 
17.640000 2.225181 
17.650000 2.223014 
17.660000 2.220840 
17.670000 2.218659 
17.680000 2.216470 
17.690000 2.214273 
17.700000 2.212070 
17.710000 2.209859 
17.720000 2.207640 
17.730000 2.205414 
17.740000 2.203180 
17.750000 2.200939 
17.760000 2.198691 
17.770000 2.196435 
17.780000 2.194172 
17.790000 2.191901 
17.800000 2.189623 
17.810000 2.187338 
17.820000 2.185045 
17.830000 2.182744 
17.840000 2.180436 
17.850000 2.178121 
17.860000 2.175798 
17.870000 2.173468 
17.880000 2.171130 
17.890000 2.168785 
17.900000 2.166432 
17.910000 2.164072 
17.920000 2.161704 
17.930000 2.159329 
17.940000 2.156947 
17.950000 2.154557 
17.960000 2.152159 
17.970000 2.149754 
17.980000 2.147342 
17.990000 2.144922 
18.000000 2.142495 
18.010000 2.140060 
18.020000 2.137618 
18.030000 2.135168 
18.040000 2.132711 
18.050000 2.130247 
18.060000 2.127775 
18.070000 2.125295 
18.080000 2.122808 
18.090000 2.120314 
18.100000 2.117812 
18.110000 2.115303 
18.120000 2.112786 
18.130000 2.110262 
18.140000 2.107730 
18.150000 2.105191 
18.160000 2.102645 
18.170000 2.100091 
18.180000 2.097530 
18.190000 2.094961 
18.200000 2.092385 
18.210000 2.089801 
18.220000 2.087210 
18.230000 2.084611 
18.240000 2.082006 
18.250000 2.079392 
18.260000 2.076772 
18.270000 2.074143 
18.280000 2.071508 
18.290000 2.068865 
18.300000 2.066215 
18.310000 2.063557 
18.320000 2.060892 
18.330000 2.058219 
18.340000 2.055539 
18.350000 2.052852 
18.360000 2.050157 
18.370000 2.047455 
18.380000 2.044746 
18.390000 2.042029 
18.400000 2.039305 
18.410000 2.036574 
18.420000 2.033835 
18.430000 2.031089 
18.440000 2.028335 
18.450000 2.025575 
18.460000 2.022806 
18.470000 2.020031 
18.480000 2.017248 
18.490000 2.014458 
18.500000 2.011661 
18.510000 2.008856 
18.520000 2.006044 
18.530000 2.003225 
18.540000 2.000398 
18.550000 1.997564 
18.560000 1.994723 
18.570000 1.991874 
18.580000 1.989019 
18.590000 1.986156 
18.600000 1.983286 
18.610000 1.980408 
18.620000 1.977524 
18.630000 1.974632 
18.640000 1.971733 
18.650000 1.968826 
18.660000 1.965913 
18.670000 1.962992 
18.680000 1.960064 
18.690000 1.957129 
18.700000 1.954186 
18.710000 1.951237 
18.720000 1.948280 
18.730000 1.945316 
18.740000 1.942345 
18.750000 1.939367 
18.760000 1.936382 
18.770000 1.933389 
18.780000 1.930390 
18.790000 1.927383 
18.800000 1.924369 
18.810000 1.921348 
18.820000 1.918320 
18.830000 1.915285 
18.840000 1.912243 
18.850000 1.909194 
18.860000 1.906137 
18.870000 1.903074 
18.880000 1.900003 
18.890000 1.896926 
18.900000 1.893841 
18.910000 1.890750 
18.920000 1.887651 
18.930000 1.884546 
18.940000 1.881433 
18.950000 1.878314 
18.960000 1.875187 
18.970000 1.872054 
18.980000 1.868913 
18.990000 1.865766 
19.000000 1.862611 
19.010000 1.859450 
19.020000 1.856282 
19.030000 1.853106 
19.040000 1.849924 
19.050000 1.846735 
19.060000 1.843539 
19.070000 1.840337 
19.080000 1.837127 
19.090000 1.833910 
19.100000 1.830687 
19.110000 1.827457 
19.120000 1.824220 
19.130000 1.820976 
19.140000 1.817725 
19.150000 1.814467 
19.160000 1.811203 
19.170000 1.807932 
19.180000 1.804654 
19.190000 1.801369 
19.200000 1.798078 
19.210000 1.794779 
19.220000 1.791474 
19.230000 1.788163 
19.240000 1.784844 
19.250000 1.781519 
19.260000 1.778187 
19.270000 1.774849 
19.280000 1.771504 
19.290000 1.768152 
19.300000 1.764793 
19.310000 1.761428 
19.320000 1.758056 
19.330000 1.754678 
19.340000 1.751292 
19.350000 1.747901 
19.360000 1.744502 
19.370000 1.741097 
19.380000 1.737686 
19.390000 1.734268 
19.400000 1.730843 
19.410000 1.727412 
19.420000 1.723974 
19.430000 1.720530 
19.440000 1.717079 
19.450000 1.713622 
19.460000 1.710158 
19.470000 1.706688 
19.480000 1.703211 
19.490000 1.699728 
19.500000 1.696238 
19.510000 1.692742 
19.520000 1.689240 
19.530000 1.685731 
19.540000 1.682215 
19.550000 1.678693 
19.560000 1.675165 
19.570000 1.671631 
19.580000 1.668090 
19.590000 1.664543 
19.600000 1.660989 
19.610000 1.657429 
19.620000 1.653863 
19.630000 1.650290 
19.640000 1.646711 
19.650000 1.643126 
19.660000 1.639535 
19.670000 1.635937 
19.680000 1.632333 
19.690000 1.628723 
19.700000 1.625106 
19.710000 1.621484 
19.720000 1.617855 
19.730000 1.614220 
19.740000 1.610578 
19.750000 1.606931 
19.760000 1.603277 
19.770000 1.599617 
19.780000 1.595951 
19.790000 1.592279 
19.800000 1.588601 
19.810000 1.584917 
19.820000 1.581227 
19.830000 1.577530 
19.840000 1.573828 
19.850000 1.570119 
19.860000 1.566404 
19.870000 1.562683 
19.880000 1.558957 
19.890000 1.555224 
19.900000 1.551485 
19.910000 1.547740 
19.920000 1.543990 
19.930000 1.540233 
19.940000 1.536470 
19.950000 1.532702 
19.960000 1.528927 
19.970000 1.525147 
19.980000 1.521360 
19.990000 1.517568 
20.000000 1.513770 
20.010000 1.509966 
20.020000 1.506156 
20.030000 1.502340 
20.040000 1.498518 
20.050000 1.494691 
20.060000 1.490857 
20.070000 1.487018 
20.080000 1.483173 
20.090000 1.479322 
20.100000 1.475466 
20.110000 1.471604 
20.120000 1.467736 
20.130000 1.463862 
20.140000 1.459982 
20.150000 1.456097 
20.160000 1.452206 
20.170000 1.448310 
20.180000 1.444407 
20.190000 1.440499 
20.200000 1.436586 
20.210000 1.432667 
20.220000 1.428742 
20.230000 1.424811 
20.240000 1.420875 
20.250000 1.416933 
20.260000 1.412986 
20.270000 1.409033 
20.280000 1.405074 
20.290000 1.401110 
20.300000 1.397141 
20.310000 1.393166 
20.320000 1.389185 
20.330000 1.385199 
20.340000 1.381207 
20.350000 1.377210 
20.360000 1.373207 
20.370000 1.369199 
20.380000 1.365186 
20.390000 1.361167 
20.400000 1.357142 
20.410000 1.353113 
20.420000 1.349077 
20.430000 1.345037 
20.440000 1.340991 
20.450000 1.336939 
20.460000 1.332883 
20.470000 1.328820 
20.480000 1.324753 
20.490000 1.320680 
20.500000 1.316602 
20.510000 1.312519 
20.520000 1.308430 
20.530000 1.304336 
20.540000 1.300237 
20.550000 1.296133 
20.560000 1.292023 
20.570000 1.287908 
20.580000 1.283788 
20.590000 1.279662 
20.600000 1.275532 
20.610000 1.271396 
20.620000 1.267255 
20.630000 1.263109 
20.640000 1.258958 
20.650000 1.254801 
20.660000 1.250640 
20.670000 1.246473 
20.680000 1.242301 
20.690000 1.238124 
20.700000 1.233942 
20.710000 1.229755 
20.720000 1.225563 
20.730000 1.221366 
20.740000 1.217164 
20.750000 1.212957 
20.760000 1.208744 
20.770000 1.204527 
20.780000 1.200305 
20.790000 1.196078 
20.800000 1.191845 
20.810000 1.187608 
20.820000 1.183366 
20.830000 1.179119 
20.840000 1.174867 
20.850000 1.170610 
20.860000 1.166348 
20.870000 1.162082 
20.880000 1.157810 
20.890000 1.153533 
20.900000 1.149252 
20.910000 1.144966 
20.920000 1.140675 
20.930000 1.136379 
20.940000 1.132078 
20.950000 1.127773 
20.960000 1.123462 
20.970000 1.119147 
20.980000 1.114827 
20.990000 1.110503 
21.000000 1.106173 
21.010000 1.101839 
21.020000 1.097500 
21.030000 1.093157 
21.040000 1.088808 
21.050000 1.084455 
21.060000 1.080097 
21.070000 1.075735 
21.080000 1.071368 
21.090000 1.066996 
21.100000 1.062620 
21.110000 1.058239 
21.120000 1.053853 
21.130000 1.049463 
21.140000 1.045068 
21.150000 1.040668 
21.160000 1.036264 
21.170000 1.031856 
21.180000 1.027443 
21.190000 1.023025 
21.200000 1.018603 
21.210000 1.014176 
21.220000 1.009744 
21.230000 1.005308 
21.240000 1.000868 
21.250000 0.996423 
21.260000 0.991974 
21.270000 0.987520 
21.280000 0.983062 
21.290000 0.978599 
21.300000 0.974132 
21.310000 0.969660 
21.320000 0.965184 
21.330000 0.960704 
21.340000 0.956219 
21.350000 0.951730 
21.360000 0.947236 
21.370000 0.942738 
21.380000 0.938236 
21.390000 0.933729 
21.400000 0.929218 
21.410000 0.924703 
21.420000 0.920183 
21.430000 0.915659 
21.440000 0.911131 
21.450000 0.906599 
21.460000 0.902062 
21.470000 0.897521 
21.480000 0.892975 
21.490000 0.888426 
21.500000 0.883872 
21.510000 0.879314 
21.520000 0.874752 
21.530000 0.870185 
21.540000 0.865615 
21.550000 0.861040 
21.560000 0.856461 
21.570000 0.851878 
21.580000 0.847290 
21.590000 0.842699 
21.600000 0.838103 
21.610000 0.833503 
21.620000 0.828899 
21.630000 0.824291 
21.640000 0.819679 
21.650000 0.815063 
21.660000 0.810443 
21.670000 0.805818 
21.680000 0.801190 
21.690000 0.796557 
21.700000 0.791921 
21.710000 0.787280 
21.720000 0.782636 
21.730000 0.777987 
21.740000 0.773334 
21.750000 0.768678 
21.760000 0.764017 
21.770000 0.759353 
21.780000 0.754684 
21.790000 0.750012 
21.800000 0.745335 
21.810000 0.740655 
21.820000 0.735970 
21.830000 0.731282 
21.840000 0.726590 
21.850000 0.721894 
21.860000 0.717194 
21.870000 0.712490 
21.880000 0.707783 
21.890000 0.703071 
21.900000 0.698355 
21.910000 0.693636 
21.920000 0.688913 
21.930000 0.684186 
21.940000 0.679455 
21.950000 0.674721 
21.960000 0.669982 
21.970000 0.665240 
21.980000 0.660494 
21.990000 0.655744 
22.000000 0.650991 
22.010000 0.646234 
22.020000 0.641473 
22.030000 0.636708 
22.040000 0.631939 
22.050000 0.627167 
22.060000 0.622391 
22.070000 0.617611 
22.080000 0.612828 
22.090000 0.608041 
22.100000 0.603250 
22.110000 0.598456 
22.120000 0.593658 
22.130000 0.588856 
22.140000 0.584051 
22.150000 0.579242 
22.160000 0.574429 
22.170000 0.569613 
22.180000 0.564793 
22.190000 0.559969 
22.200000 0.555142 
22.210000 0.550312 
22.220000 0.545478 
22.230000 0.540640 
22.240000 0.535798 
22.250000 0.530953 
22.260000 0.526105 
22.270000 0.521253 
22.280000 0.516397 
22.290000 0.511538 
22.300000 0.506676 
22.310000 0.501810 
22.320000 0.496940 
22.330000 0.492067 
22.340000 0.487191 
22.350000 0.482311 
22.360000 0.477427 
22.370000 0.472540 
22.380000 0.467650 
22.390000 0.462756 
22.400000 0.457859 
22.410000 0.452958 
22.420000 0.448054 
22.430000 0.443147 
22.440000 0.438236 
22.450000 0.433322 
22.460000 0.428404 
22.470000 0.423483 
22.480000 0.418559 
22.490000 0.413631 
22.500000 0.408700 
22.510000 0.403766 
22.520000 0.398828 
22.530000 0.393887 
22.540000 0.388942 
22.550000 0.383995 
22.560000 0.379044 
22.570000 0.374089 
22.580000 0.369132 
22.590000 0.364171 
22.600000 0.359207 
22.610000 0.354239 
22.620000 0.349268 
22.630000 0.344295 
22.640000 0.339317 
22.650000 0.334337 
22.660000 0.329353 
22.670000 0.324366 
22.680000 0.319376 
22.690000 0.314383 
22.700000 0.309387 
22.710000 0.304387 
22.720000 0.299384 
22.730000 0.294378 
22.740000 0.289369 
22.750000 0.284357 
22.760000 0.279341 
22.770000 0.274322 
22.780000 0.269301 
22.790000 0.264276 
22.800000 0.259248 
22.810000 0.254217 
22.820000 0.249182 
22.830000 0.244145 
22.840000 0.239105 
22.850000 0.234061 
22.860000 0.229014 
22.870000 0.223965 
22.880000 0.218912 
22.890000 0.213856 
22.900000 0.208797 
22.910000 0.203735 
22.920000 0.198670 
22.930000 0.193602 
22.940000 0.188531 
22.950000 0.183457 
22.960000 0.178380 
22.970000 0.173300 
22.980000 0.168217 
22.990000 0.163131 
23.000000 0.158042 
23.010000 0.152950 
23.020000 0.147855 
23.030000 0.142757 
23.040000 0.137656 
23.050000 0.132553 
23.060000 0.127446 
23.070000 0.122336 
23.080000 0.117224 
23.090000 0.112108 
23.100000 0.106990 
23.110000 0.101868 
23.120000 0.096744 
23.130000 0.091617 
23.140000 0.086487 
23.150000 0.081354 
23.160000 0.076218 
23.170000 0.071079 
23.180000 0.065938 
23.190000 0.060793 
23.200000 0.055646 
23.210000 0.050496 
23.220000 0.045343 
23.230000 0.040187 
23.240000 0.035029 
23.250000 0.029868 
23.260000 0.024703 
23.270000 0.019536 
23.280000 0.014367 
23.290000 0.009194 
23.300000 0.004019 
